:START_ID;:END_ID;:TYPE
449400;449401;HAS_ADDRESS
449405;449406;HAS_ADDRESS
449410;449411;HAS_ADDRESS
449415;449416;HAS_ADDRESS
449420;449421;HAS_ADDRESS
449425;449426;HAS_ADDRESS
449430;449431;HAS_ADDRESS
449435;449436;HAS_ADDRESS
449440;449441;HAS_ADDRESS
449445;449446;HAS_ADDRESS
449450;449451;HAS_ADDRESS
449455;449456;HAS_ADDRESS
449460;449461;HAS_ADDRESS
449465;449466;HAS_ADDRESS
449470;449471;HAS_ADDRESS
449475;449476;HAS_ADDRESS
449480;449481;HAS_ADDRESS
449485;449486;HAS_ADDRESS
449490;449491;HAS_ADDRESS
449495;449496;HAS_ADDRESS
449500;449501;HAS_ADDRESS
449505;449506;HAS_ADDRESS
449510;449511;HAS_ADDRESS
449515;449516;HAS_ADDRESS
449520;449521;HAS_ADDRESS
449525;449526;HAS_ADDRESS
449530;449531;HAS_ADDRESS
449535;449536;HAS_ADDRESS
449540;449541;HAS_ADDRESS
449545;449546;HAS_ADDRESS
449550;449551;HAS_ADDRESS
449555;449556;HAS_ADDRESS
449560;449561;HAS_ADDRESS
449565;449566;HAS_ADDRESS
449570;449571;HAS_ADDRESS
449575;449576;HAS_ADDRESS
449580;449581;HAS_ADDRESS
449585;449586;HAS_ADDRESS
449590;449591;HAS_ADDRESS
449595;449596;HAS_ADDRESS
449600;449601;HAS_ADDRESS
449605;449606;HAS_ADDRESS
449610;449611;HAS_ADDRESS
449615;449616;HAS_ADDRESS
449620;449621;HAS_ADDRESS
449625;449626;HAS_ADDRESS
449630;449631;HAS_ADDRESS
449635;449636;HAS_ADDRESS
449640;449641;HAS_ADDRESS
449645;449646;HAS_ADDRESS
449650;449651;HAS_ADDRESS
449655;449656;HAS_ADDRESS
449660;449661;HAS_ADDRESS
449665;449666;HAS_ADDRESS
449670;449671;HAS_ADDRESS
449675;449676;HAS_ADDRESS
449680;449681;HAS_ADDRESS
449685;449686;HAS_ADDRESS
449690;449691;HAS_ADDRESS
449695;449696;HAS_ADDRESS
449700;449701;HAS_ADDRESS
449705;449706;HAS_ADDRESS
449710;449711;HAS_ADDRESS
449715;449716;HAS_ADDRESS
449720;449721;HAS_ADDRESS
449725;449726;HAS_ADDRESS
449730;449731;HAS_ADDRESS
449735;449736;HAS_ADDRESS
449740;449741;HAS_ADDRESS
449745;449746;HAS_ADDRESS
449750;449751;HAS_ADDRESS
449755;449756;HAS_ADDRESS
449760;449761;HAS_ADDRESS
449765;449766;HAS_ADDRESS
449770;449771;HAS_ADDRESS
449775;449776;HAS_ADDRESS
449780;449781;HAS_ADDRESS
449785;449786;HAS_ADDRESS
449790;449791;HAS_ADDRESS
449795;449796;HAS_ADDRESS
449800;449801;HAS_ADDRESS
449805;449806;HAS_ADDRESS
449810;449811;HAS_ADDRESS
449815;449816;HAS_ADDRESS
449820;449821;HAS_ADDRESS
449825;449826;HAS_ADDRESS
449830;449831;HAS_ADDRESS
449835;449836;HAS_ADDRESS
449840;449841;HAS_ADDRESS
449845;449846;HAS_ADDRESS
449850;449851;HAS_ADDRESS
449855;449856;HAS_ADDRESS
449860;449861;HAS_ADDRESS
449865;449866;HAS_ADDRESS
449870;449871;HAS_ADDRESS
449875;449876;HAS_ADDRESS
449880;449881;HAS_ADDRESS
449885;449886;HAS_ADDRESS
449890;449891;HAS_ADDRESS
449895;449896;HAS_ADDRESS
449900;449901;HAS_ADDRESS
449905;449906;HAS_ADDRESS
449910;449911;HAS_ADDRESS
449915;449916;HAS_ADDRESS
449920;449921;HAS_ADDRESS
449925;449926;HAS_ADDRESS
449930;449931;HAS_ADDRESS
449935;449936;HAS_ADDRESS
449940;449941;HAS_ADDRESS
449945;449946;HAS_ADDRESS
449950;449951;HAS_ADDRESS
449955;449956;HAS_ADDRESS
449960;449961;HAS_ADDRESS
449965;449966;HAS_ADDRESS
449970;449971;HAS_ADDRESS
449975;449976;HAS_ADDRESS
449980;449981;HAS_ADDRESS
449985;449986;HAS_ADDRESS
449990;449991;HAS_ADDRESS
449995;449996;HAS_ADDRESS
450000;450001;HAS_ADDRESS
450005;450006;HAS_ADDRESS
450010;450011;HAS_ADDRESS
450015;450016;HAS_ADDRESS
450020;450021;HAS_ADDRESS
450025;450026;HAS_ADDRESS
450030;450031;HAS_ADDRESS
450035;450036;HAS_ADDRESS
450040;450041;HAS_ADDRESS
450045;450046;HAS_ADDRESS
450050;450051;HAS_ADDRESS
450055;450056;HAS_ADDRESS
450060;450061;HAS_ADDRESS
450065;450066;HAS_ADDRESS
450070;450071;HAS_ADDRESS
450075;450076;HAS_ADDRESS
450080;450081;HAS_ADDRESS
450085;450086;HAS_ADDRESS
450090;450091;HAS_ADDRESS
450095;450096;HAS_ADDRESS
450100;450101;HAS_ADDRESS
450105;450106;HAS_ADDRESS
450110;450111;HAS_ADDRESS
450115;450116;HAS_ADDRESS
450120;450121;HAS_ADDRESS
450125;450126;HAS_ADDRESS
450130;450131;HAS_ADDRESS
450135;450136;HAS_ADDRESS
450140;450141;HAS_ADDRESS
450145;450146;HAS_ADDRESS
450150;450151;HAS_ADDRESS
450155;450156;HAS_ADDRESS
450160;450161;HAS_ADDRESS
450165;450166;HAS_ADDRESS
450170;450171;HAS_ADDRESS
450175;450176;HAS_ADDRESS
450180;450181;HAS_ADDRESS
450185;450186;HAS_ADDRESS
450190;450191;HAS_ADDRESS
450195;450196;HAS_ADDRESS
450200;450201;HAS_ADDRESS
450205;450206;HAS_ADDRESS
450210;450211;HAS_ADDRESS
450215;450216;HAS_ADDRESS
450220;450221;HAS_ADDRESS
450225;450226;HAS_ADDRESS
450230;450231;HAS_ADDRESS
450235;450236;HAS_ADDRESS
450240;450241;HAS_ADDRESS
450245;450246;HAS_ADDRESS
450250;450251;HAS_ADDRESS
450255;450256;HAS_ADDRESS
450260;450261;HAS_ADDRESS
450265;450266;HAS_ADDRESS
450270;450271;HAS_ADDRESS
450275;450276;HAS_ADDRESS
450280;450281;HAS_ADDRESS
450285;450286;HAS_ADDRESS
450290;450291;HAS_ADDRESS
450295;450296;HAS_ADDRESS
450300;450301;HAS_ADDRESS
450305;450306;HAS_ADDRESS
450310;450311;HAS_ADDRESS
450315;450316;HAS_ADDRESS
450320;450321;HAS_ADDRESS
450325;450326;HAS_ADDRESS
450330;450331;HAS_ADDRESS
450335;450336;HAS_ADDRESS
450340;450341;HAS_ADDRESS
450345;450346;HAS_ADDRESS
450350;450351;HAS_ADDRESS
450355;450356;HAS_ADDRESS
450360;450361;HAS_ADDRESS
450365;450366;HAS_ADDRESS
450370;450371;HAS_ADDRESS
450375;450376;HAS_ADDRESS
450380;450381;HAS_ADDRESS
450385;450386;HAS_ADDRESS
450390;450391;HAS_ADDRESS
450395;450396;HAS_ADDRESS
450400;450401;HAS_ADDRESS
450405;450406;HAS_ADDRESS
450410;450411;HAS_ADDRESS
450415;450416;HAS_ADDRESS
450420;450421;HAS_ADDRESS
450425;450426;HAS_ADDRESS
450430;450431;HAS_ADDRESS
450435;450436;HAS_ADDRESS
450440;450441;HAS_ADDRESS
450445;450446;HAS_ADDRESS
450450;450451;HAS_ADDRESS
450455;450456;HAS_ADDRESS
450460;450461;HAS_ADDRESS
450465;450466;HAS_ADDRESS
450470;450471;HAS_ADDRESS
450475;450476;HAS_ADDRESS
450480;450481;HAS_ADDRESS
450485;450486;HAS_ADDRESS
450490;450491;HAS_ADDRESS
450495;450496;HAS_ADDRESS
450500;450501;HAS_ADDRESS
450505;450506;HAS_ADDRESS
450510;450511;HAS_ADDRESS
450515;450516;HAS_ADDRESS
450520;450521;HAS_ADDRESS
450525;450526;HAS_ADDRESS
450530;450531;HAS_ADDRESS
450535;450536;HAS_ADDRESS
450540;450541;HAS_ADDRESS
450545;450546;HAS_ADDRESS
450550;450551;HAS_ADDRESS
450555;450556;HAS_ADDRESS
450560;450561;HAS_ADDRESS
450565;450566;HAS_ADDRESS
450570;450571;HAS_ADDRESS
450575;450576;HAS_ADDRESS
450580;450581;HAS_ADDRESS
450585;450586;HAS_ADDRESS
450590;450591;HAS_ADDRESS
450595;450596;HAS_ADDRESS
450600;450601;HAS_ADDRESS
450605;450606;HAS_ADDRESS
450610;450611;HAS_ADDRESS
450615;450616;HAS_ADDRESS
450620;450621;HAS_ADDRESS
450625;450626;HAS_ADDRESS
450630;450631;HAS_ADDRESS
450635;450636;HAS_ADDRESS
450640;450641;HAS_ADDRESS
450645;450646;HAS_ADDRESS
450650;450651;HAS_ADDRESS
450655;450656;HAS_ADDRESS
450660;450661;HAS_ADDRESS
450665;450666;HAS_ADDRESS
450670;450671;HAS_ADDRESS
450675;450676;HAS_ADDRESS
450680;450681;HAS_ADDRESS
450685;450686;HAS_ADDRESS
450690;450691;HAS_ADDRESS
450695;450696;HAS_ADDRESS
450700;450701;HAS_ADDRESS
450705;450706;HAS_ADDRESS
450710;450711;HAS_ADDRESS
450715;450716;HAS_ADDRESS
450720;450721;HAS_ADDRESS
450725;450726;HAS_ADDRESS
450730;450731;HAS_ADDRESS
450735;450736;HAS_ADDRESS
450740;450741;HAS_ADDRESS
450745;450746;HAS_ADDRESS
450750;450751;HAS_ADDRESS
450755;450756;HAS_ADDRESS
450760;450761;HAS_ADDRESS
450765;450766;HAS_ADDRESS
450770;450771;HAS_ADDRESS
450775;450776;HAS_ADDRESS
450780;450781;HAS_ADDRESS
450785;450786;HAS_ADDRESS
450790;450791;HAS_ADDRESS
450795;450796;HAS_ADDRESS
450800;450801;HAS_ADDRESS
450805;450806;HAS_ADDRESS
450810;450811;HAS_ADDRESS
450815;450816;HAS_ADDRESS
450820;450821;HAS_ADDRESS
450825;450826;HAS_ADDRESS
450830;450831;HAS_ADDRESS
450835;450836;HAS_ADDRESS
450840;450841;HAS_ADDRESS
450845;450846;HAS_ADDRESS
450850;450851;HAS_ADDRESS
450855;450856;HAS_ADDRESS
450860;450861;HAS_ADDRESS
450865;450866;HAS_ADDRESS
450870;450871;HAS_ADDRESS
450875;450876;HAS_ADDRESS
450880;450881;HAS_ADDRESS
450885;450886;HAS_ADDRESS
450890;450891;HAS_ADDRESS
450895;450896;HAS_ADDRESS
450900;450901;HAS_ADDRESS
450905;450906;HAS_ADDRESS
450910;450911;HAS_ADDRESS
450915;450916;HAS_ADDRESS
450920;450921;HAS_ADDRESS
450925;450926;HAS_ADDRESS
450930;450931;HAS_ADDRESS
450935;450936;HAS_ADDRESS
450940;450941;HAS_ADDRESS
450945;450946;HAS_ADDRESS
450950;450951;HAS_ADDRESS
450955;450956;HAS_ADDRESS
450960;450961;HAS_ADDRESS
450965;450966;HAS_ADDRESS
450970;450971;HAS_ADDRESS
450975;450976;HAS_ADDRESS
450980;450981;HAS_ADDRESS
450985;450986;HAS_ADDRESS
450990;450991;HAS_ADDRESS
450995;450996;HAS_ADDRESS
451000;451001;HAS_ADDRESS
451005;451006;HAS_ADDRESS
451010;451011;HAS_ADDRESS
451015;451016;HAS_ADDRESS
451020;451021;HAS_ADDRESS
451025;451026;HAS_ADDRESS
451030;451031;HAS_ADDRESS
451035;451036;HAS_ADDRESS
451040;451041;HAS_ADDRESS
451045;451046;HAS_ADDRESS
451050;451051;HAS_ADDRESS
451055;451056;HAS_ADDRESS
451060;451061;HAS_ADDRESS
451065;451066;HAS_ADDRESS
451070;451071;HAS_ADDRESS
451075;451076;HAS_ADDRESS
451080;451081;HAS_ADDRESS
451085;451086;HAS_ADDRESS
451090;451091;HAS_ADDRESS
451095;451096;HAS_ADDRESS
451100;451101;HAS_ADDRESS
451105;451106;HAS_ADDRESS
451110;451111;HAS_ADDRESS
451115;451116;HAS_ADDRESS
451120;451121;HAS_ADDRESS
451125;451126;HAS_ADDRESS
451130;451131;HAS_ADDRESS
451135;451136;HAS_ADDRESS
451140;451141;HAS_ADDRESS
451145;451146;HAS_ADDRESS
451150;451151;HAS_ADDRESS
451155;451156;HAS_ADDRESS
451160;451161;HAS_ADDRESS
451165;451166;HAS_ADDRESS
451170;451171;HAS_ADDRESS
451175;451176;HAS_ADDRESS
451180;451181;HAS_ADDRESS
451185;451186;HAS_ADDRESS
451190;451191;HAS_ADDRESS
451195;451196;HAS_ADDRESS
451200;451201;HAS_ADDRESS
451205;451206;HAS_ADDRESS
451210;451211;HAS_ADDRESS
451215;451216;HAS_ADDRESS
451220;451221;HAS_ADDRESS
451225;451226;HAS_ADDRESS
451230;451231;HAS_ADDRESS
451235;451236;HAS_ADDRESS
451240;451241;HAS_ADDRESS
451245;451246;HAS_ADDRESS
451250;451251;HAS_ADDRESS
451255;451256;HAS_ADDRESS
451260;451261;HAS_ADDRESS
451265;451266;HAS_ADDRESS
451270;451271;HAS_ADDRESS
451275;451276;HAS_ADDRESS
451280;451281;HAS_ADDRESS
451285;451286;HAS_ADDRESS
451290;451291;HAS_ADDRESS
451295;451296;HAS_ADDRESS
451300;451301;HAS_ADDRESS
451305;451306;HAS_ADDRESS
451310;451311;HAS_ADDRESS
451315;451316;HAS_ADDRESS
451320;451321;HAS_ADDRESS
451325;451326;HAS_ADDRESS
451330;451331;HAS_ADDRESS
451335;451336;HAS_ADDRESS
451340;451341;HAS_ADDRESS
451345;451346;HAS_ADDRESS
451350;451351;HAS_ADDRESS
451355;451356;HAS_ADDRESS
451360;451361;HAS_ADDRESS
451365;451366;HAS_ADDRESS
451370;451371;HAS_ADDRESS
451375;451376;HAS_ADDRESS
451380;451381;HAS_ADDRESS
451385;451386;HAS_ADDRESS
451390;451391;HAS_ADDRESS
451395;451396;HAS_ADDRESS
451400;451401;HAS_ADDRESS
451405;451406;HAS_ADDRESS
451410;451411;HAS_ADDRESS
451415;451416;HAS_ADDRESS
451420;451421;HAS_ADDRESS
451425;451426;HAS_ADDRESS
451430;451431;HAS_ADDRESS
451435;451436;HAS_ADDRESS
451440;451441;HAS_ADDRESS
451445;451446;HAS_ADDRESS
451450;451451;HAS_ADDRESS
451455;451456;HAS_ADDRESS
451460;451461;HAS_ADDRESS
451465;451466;HAS_ADDRESS
451470;451471;HAS_ADDRESS
451475;451476;HAS_ADDRESS
451480;451481;HAS_ADDRESS
451485;451486;HAS_ADDRESS
451490;451491;HAS_ADDRESS
451495;451496;HAS_ADDRESS
451500;451501;HAS_ADDRESS
451505;451506;HAS_ADDRESS
451510;451511;HAS_ADDRESS
451515;451516;HAS_ADDRESS
451520;451521;HAS_ADDRESS
451525;451526;HAS_ADDRESS
451530;451531;HAS_ADDRESS
451535;451536;HAS_ADDRESS
451540;451541;HAS_ADDRESS
451545;451546;HAS_ADDRESS
451550;451551;HAS_ADDRESS
451555;451556;HAS_ADDRESS
451560;451561;HAS_ADDRESS
451565;451566;HAS_ADDRESS
451570;451571;HAS_ADDRESS
451575;451576;HAS_ADDRESS
451580;451581;HAS_ADDRESS
451585;451586;HAS_ADDRESS
451590;451591;HAS_ADDRESS
451595;451596;HAS_ADDRESS
451600;451601;HAS_ADDRESS
451605;451606;HAS_ADDRESS
451610;451611;HAS_ADDRESS
451615;451616;HAS_ADDRESS
451620;451621;HAS_ADDRESS
451625;451626;HAS_ADDRESS
451630;451631;HAS_ADDRESS
451635;451636;HAS_ADDRESS
451640;451641;HAS_ADDRESS
451645;451646;HAS_ADDRESS
451650;451651;HAS_ADDRESS
451655;451656;HAS_ADDRESS
451660;451661;HAS_ADDRESS
451665;451666;HAS_ADDRESS
451670;451671;HAS_ADDRESS
451675;451676;HAS_ADDRESS
451680;451681;HAS_ADDRESS
451685;451686;HAS_ADDRESS
451690;451691;HAS_ADDRESS
451695;451696;HAS_ADDRESS
451700;451701;HAS_ADDRESS
451705;451706;HAS_ADDRESS
451710;451711;HAS_ADDRESS
451715;451716;HAS_ADDRESS
451720;451721;HAS_ADDRESS
451725;451726;HAS_ADDRESS
451730;451731;HAS_ADDRESS
451735;451736;HAS_ADDRESS
451740;451741;HAS_ADDRESS
451745;451746;HAS_ADDRESS
451750;451751;HAS_ADDRESS
451755;451756;HAS_ADDRESS
451760;451761;HAS_ADDRESS
451765;451766;HAS_ADDRESS
451770;451771;HAS_ADDRESS
451775;451776;HAS_ADDRESS
451780;451781;HAS_ADDRESS
451785;451786;HAS_ADDRESS
451790;451791;HAS_ADDRESS
451795;451796;HAS_ADDRESS
451800;451801;HAS_ADDRESS
451805;451806;HAS_ADDRESS
451810;451811;HAS_ADDRESS
451815;451816;HAS_ADDRESS
451820;451821;HAS_ADDRESS
451825;451826;HAS_ADDRESS
451830;451831;HAS_ADDRESS
451835;451836;HAS_ADDRESS
451840;451841;HAS_ADDRESS
451845;451846;HAS_ADDRESS
451850;451851;HAS_ADDRESS
451855;451856;HAS_ADDRESS
451860;451861;HAS_ADDRESS
451865;451866;HAS_ADDRESS
451870;451871;HAS_ADDRESS
451875;451876;HAS_ADDRESS
451880;451881;HAS_ADDRESS
451885;451886;HAS_ADDRESS
451890;451891;HAS_ADDRESS
451895;451896;HAS_ADDRESS
451900;451901;HAS_ADDRESS
451905;451906;HAS_ADDRESS
451910;451911;HAS_ADDRESS
451915;451916;HAS_ADDRESS
451920;451921;HAS_ADDRESS
451925;451926;HAS_ADDRESS
451930;451931;HAS_ADDRESS
451935;451936;HAS_ADDRESS
451940;451941;HAS_ADDRESS
451945;451946;HAS_ADDRESS
451950;451951;HAS_ADDRESS
451955;451956;HAS_ADDRESS
451960;451961;HAS_ADDRESS
451965;451966;HAS_ADDRESS
451970;451971;HAS_ADDRESS
451975;451976;HAS_ADDRESS
451980;451981;HAS_ADDRESS
451985;451986;HAS_ADDRESS
451990;451991;HAS_ADDRESS
451995;451996;HAS_ADDRESS
452000;452001;HAS_ADDRESS
452005;452006;HAS_ADDRESS
452010;452011;HAS_ADDRESS
452015;452016;HAS_ADDRESS
452020;452021;HAS_ADDRESS
452025;452026;HAS_ADDRESS
452030;452031;HAS_ADDRESS
452035;452036;HAS_ADDRESS
452040;452041;HAS_ADDRESS
452045;452046;HAS_ADDRESS
452050;452051;HAS_ADDRESS
452055;452056;HAS_ADDRESS
452060;452061;HAS_ADDRESS
452065;452066;HAS_ADDRESS
452070;452071;HAS_ADDRESS
452075;452076;HAS_ADDRESS
452080;452081;HAS_ADDRESS
452085;452086;HAS_ADDRESS
452090;452091;HAS_ADDRESS
452095;452096;HAS_ADDRESS
452100;452101;HAS_ADDRESS
452105;452106;HAS_ADDRESS
452110;452111;HAS_ADDRESS
452115;452116;HAS_ADDRESS
452120;452121;HAS_ADDRESS
452125;452126;HAS_ADDRESS
452130;452131;HAS_ADDRESS
452135;452136;HAS_ADDRESS
452140;452141;HAS_ADDRESS
452145;452146;HAS_ADDRESS
452150;452151;HAS_ADDRESS
452155;452156;HAS_ADDRESS
452160;452161;HAS_ADDRESS
452165;452166;HAS_ADDRESS
452170;452171;HAS_ADDRESS
452175;452176;HAS_ADDRESS
452180;452181;HAS_ADDRESS
452185;452186;HAS_ADDRESS
452190;452191;HAS_ADDRESS
452195;452196;HAS_ADDRESS
452200;452201;HAS_ADDRESS
452205;452206;HAS_ADDRESS
452210;452211;HAS_ADDRESS
452215;452216;HAS_ADDRESS
452220;452221;HAS_ADDRESS
452225;452226;HAS_ADDRESS
452230;452231;HAS_ADDRESS
452235;452236;HAS_ADDRESS
452240;452241;HAS_ADDRESS
452245;452246;HAS_ADDRESS
452250;452251;HAS_ADDRESS
452255;452256;HAS_ADDRESS
452260;452261;HAS_ADDRESS
452265;452266;HAS_ADDRESS
452270;452271;HAS_ADDRESS
452275;452276;HAS_ADDRESS
452280;452281;HAS_ADDRESS
452285;452286;HAS_ADDRESS
452290;452291;HAS_ADDRESS
452295;452296;HAS_ADDRESS
452300;452301;HAS_ADDRESS
452305;452306;HAS_ADDRESS
452310;452311;HAS_ADDRESS
452315;452316;HAS_ADDRESS
452320;452321;HAS_ADDRESS
452325;452326;HAS_ADDRESS
452330;452331;HAS_ADDRESS
452335;452336;HAS_ADDRESS
452340;452341;HAS_ADDRESS
452345;452346;HAS_ADDRESS
452350;452351;HAS_ADDRESS
452355;452356;HAS_ADDRESS
452360;452361;HAS_ADDRESS
452365;452366;HAS_ADDRESS
452370;452371;HAS_ADDRESS
452375;452376;HAS_ADDRESS
452380;452381;HAS_ADDRESS
452385;452386;HAS_ADDRESS
452390;452391;HAS_ADDRESS
452395;452396;HAS_ADDRESS
452400;452401;HAS_ADDRESS
452405;452406;HAS_ADDRESS
452410;452411;HAS_ADDRESS
452415;452416;HAS_ADDRESS
452420;452421;HAS_ADDRESS
452425;452426;HAS_ADDRESS
452430;452431;HAS_ADDRESS
452435;452436;HAS_ADDRESS
452440;452441;HAS_ADDRESS
452445;452446;HAS_ADDRESS
452450;452451;HAS_ADDRESS
452455;452456;HAS_ADDRESS
452460;452461;HAS_ADDRESS
452465;452466;HAS_ADDRESS
452470;452471;HAS_ADDRESS
452475;452476;HAS_ADDRESS
452480;452481;HAS_ADDRESS
452485;452486;HAS_ADDRESS
452490;452491;HAS_ADDRESS
452495;452496;HAS_ADDRESS
452500;452501;HAS_ADDRESS
452505;452506;HAS_ADDRESS
452510;452511;HAS_ADDRESS
452515;452516;HAS_ADDRESS
452520;452521;HAS_ADDRESS
452525;452526;HAS_ADDRESS
452530;452531;HAS_ADDRESS
452535;452536;HAS_ADDRESS
452540;452541;HAS_ADDRESS
452545;452546;HAS_ADDRESS
452550;452551;HAS_ADDRESS
452555;452556;HAS_ADDRESS
452560;452561;HAS_ADDRESS
452565;452566;HAS_ADDRESS
452570;452571;HAS_ADDRESS
452575;452576;HAS_ADDRESS
452580;452581;HAS_ADDRESS
452585;452586;HAS_ADDRESS
452590;452591;HAS_ADDRESS
452595;452596;HAS_ADDRESS
452600;452601;HAS_ADDRESS
452605;452606;HAS_ADDRESS
452610;452611;HAS_ADDRESS
452615;452616;HAS_ADDRESS
452620;452621;HAS_ADDRESS
452625;452626;HAS_ADDRESS
452630;452631;HAS_ADDRESS
452635;452636;HAS_ADDRESS
452640;452641;HAS_ADDRESS
452645;452646;HAS_ADDRESS
452650;452651;HAS_ADDRESS
452655;452656;HAS_ADDRESS
452660;452661;HAS_ADDRESS
452665;452666;HAS_ADDRESS
452670;452671;HAS_ADDRESS
452675;452676;HAS_ADDRESS
452680;452681;HAS_ADDRESS
452685;452686;HAS_ADDRESS
452690;452691;HAS_ADDRESS
452695;452696;HAS_ADDRESS
452700;452701;HAS_ADDRESS
452705;452706;HAS_ADDRESS
452710;452711;HAS_ADDRESS
452715;452716;HAS_ADDRESS
452720;452721;HAS_ADDRESS
452725;452726;HAS_ADDRESS
452730;452731;HAS_ADDRESS
452735;452736;HAS_ADDRESS
452740;452741;HAS_ADDRESS
452745;452746;HAS_ADDRESS
452750;452751;HAS_ADDRESS
452755;452756;HAS_ADDRESS
452760;452761;HAS_ADDRESS
452765;452766;HAS_ADDRESS
452770;452771;HAS_ADDRESS
452775;452776;HAS_ADDRESS
452780;452781;HAS_ADDRESS
452785;452786;HAS_ADDRESS
452790;452791;HAS_ADDRESS
452795;452796;HAS_ADDRESS
452800;452801;HAS_ADDRESS
452805;452806;HAS_ADDRESS
452810;452811;HAS_ADDRESS
452815;452816;HAS_ADDRESS
452820;452821;HAS_ADDRESS
452825;452826;HAS_ADDRESS
452830;452831;HAS_ADDRESS
452835;452836;HAS_ADDRESS
452840;452841;HAS_ADDRESS
452845;452846;HAS_ADDRESS
452850;452851;HAS_ADDRESS
452855;452856;HAS_ADDRESS
452860;452861;HAS_ADDRESS
452865;452866;HAS_ADDRESS
452870;452871;HAS_ADDRESS
452875;452876;HAS_ADDRESS
452880;452881;HAS_ADDRESS
452885;452886;HAS_ADDRESS
452890;452891;HAS_ADDRESS
452895;452896;HAS_ADDRESS
452900;452901;HAS_ADDRESS
452905;452906;HAS_ADDRESS
452910;452911;HAS_ADDRESS
452915;452916;HAS_ADDRESS
452920;452921;HAS_ADDRESS
452925;452926;HAS_ADDRESS
452930;452931;HAS_ADDRESS
452935;452936;HAS_ADDRESS
452940;452941;HAS_ADDRESS
452945;452946;HAS_ADDRESS
452950;452951;HAS_ADDRESS
452955;452956;HAS_ADDRESS
452960;452961;HAS_ADDRESS
452965;452966;HAS_ADDRESS
452970;452971;HAS_ADDRESS
452975;452976;HAS_ADDRESS
452980;452981;HAS_ADDRESS
452985;452986;HAS_ADDRESS
452990;452991;HAS_ADDRESS
452995;452996;HAS_ADDRESS
453000;453001;HAS_ADDRESS
453005;453006;HAS_ADDRESS
453010;453011;HAS_ADDRESS
453015;453016;HAS_ADDRESS
453020;453021;HAS_ADDRESS
453025;453026;HAS_ADDRESS
453030;453031;HAS_ADDRESS
453035;453036;HAS_ADDRESS
453040;453041;HAS_ADDRESS
453045;453046;HAS_ADDRESS
453050;453051;HAS_ADDRESS
453055;453056;HAS_ADDRESS
453060;453061;HAS_ADDRESS
453065;453066;HAS_ADDRESS
453070;453071;HAS_ADDRESS
453075;453076;HAS_ADDRESS
453080;453081;HAS_ADDRESS
453085;453086;HAS_ADDRESS
453090;453091;HAS_ADDRESS
453095;453096;HAS_ADDRESS
453100;453101;HAS_ADDRESS
453105;453106;HAS_ADDRESS
453110;453111;HAS_ADDRESS
453115;453116;HAS_ADDRESS
453120;453121;HAS_ADDRESS
453125;453126;HAS_ADDRESS
453130;453131;HAS_ADDRESS
453135;453136;HAS_ADDRESS
453140;453141;HAS_ADDRESS
453145;453146;HAS_ADDRESS
453150;453151;HAS_ADDRESS
453155;453156;HAS_ADDRESS
453160;453161;HAS_ADDRESS
453165;453166;HAS_ADDRESS
453170;453171;HAS_ADDRESS
453175;453176;HAS_ADDRESS
453180;453181;HAS_ADDRESS
453185;453186;HAS_ADDRESS
453190;453191;HAS_ADDRESS
453195;453196;HAS_ADDRESS
453200;453201;HAS_ADDRESS
453205;453206;HAS_ADDRESS
453210;453211;HAS_ADDRESS
453215;453216;HAS_ADDRESS
453220;453221;HAS_ADDRESS
453225;453226;HAS_ADDRESS
453230;453231;HAS_ADDRESS
453235;453236;HAS_ADDRESS
453240;453241;HAS_ADDRESS
453245;453246;HAS_ADDRESS
453250;453251;HAS_ADDRESS
453255;453256;HAS_ADDRESS
453260;453261;HAS_ADDRESS
453265;453266;HAS_ADDRESS
453270;453271;HAS_ADDRESS
453275;453276;HAS_ADDRESS
453280;453281;HAS_ADDRESS
453285;453286;HAS_ADDRESS
453290;453291;HAS_ADDRESS
453295;453296;HAS_ADDRESS
453300;453301;HAS_ADDRESS
453305;453306;HAS_ADDRESS
453310;453311;HAS_ADDRESS
453315;453316;HAS_ADDRESS
453320;453321;HAS_ADDRESS
453325;453326;HAS_ADDRESS
453330;453331;HAS_ADDRESS
453335;453336;HAS_ADDRESS
453340;453341;HAS_ADDRESS
453345;453346;HAS_ADDRESS
453350;453351;HAS_ADDRESS
453355;453356;HAS_ADDRESS
453360;453361;HAS_ADDRESS
453365;453366;HAS_ADDRESS
453370;453371;HAS_ADDRESS
453375;453376;HAS_ADDRESS
453380;453381;HAS_ADDRESS
453385;453386;HAS_ADDRESS
453390;453391;HAS_ADDRESS
453395;453396;HAS_ADDRESS
453400;453401;HAS_ADDRESS
453405;453406;HAS_ADDRESS
453410;453411;HAS_ADDRESS
453415;453416;HAS_ADDRESS
453420;453421;HAS_ADDRESS
453425;453426;HAS_ADDRESS
453430;453431;HAS_ADDRESS
453435;453436;HAS_ADDRESS
453440;453441;HAS_ADDRESS
453445;453446;HAS_ADDRESS
453450;453451;HAS_ADDRESS
453455;453456;HAS_ADDRESS
453460;453461;HAS_ADDRESS
453465;453466;HAS_ADDRESS
453470;453471;HAS_ADDRESS
453475;453476;HAS_ADDRESS
453480;453481;HAS_ADDRESS
453485;453486;HAS_ADDRESS
453490;453491;HAS_ADDRESS
453495;453496;HAS_ADDRESS
453500;453501;HAS_ADDRESS
453505;453506;HAS_ADDRESS
453510;453511;HAS_ADDRESS
453515;453516;HAS_ADDRESS
453520;453521;HAS_ADDRESS
453525;453526;HAS_ADDRESS
453530;453531;HAS_ADDRESS
453535;453536;HAS_ADDRESS
453540;453541;HAS_ADDRESS
453545;453546;HAS_ADDRESS
453550;453551;HAS_ADDRESS
453555;453556;HAS_ADDRESS
453560;453561;HAS_ADDRESS
453565;453566;HAS_ADDRESS
453570;453571;HAS_ADDRESS
453575;453576;HAS_ADDRESS
453580;453581;HAS_ADDRESS
453585;453586;HAS_ADDRESS
453590;453591;HAS_ADDRESS
453595;453596;HAS_ADDRESS
453600;453601;HAS_ADDRESS
453605;453606;HAS_ADDRESS
453610;453611;HAS_ADDRESS
453615;453616;HAS_ADDRESS
453620;453621;HAS_ADDRESS
453625;453626;HAS_ADDRESS
453630;453631;HAS_ADDRESS
453635;453636;HAS_ADDRESS
453640;453641;HAS_ADDRESS
453645;453646;HAS_ADDRESS
453650;453651;HAS_ADDRESS
453655;453656;HAS_ADDRESS
453660;453661;HAS_ADDRESS
453665;453666;HAS_ADDRESS
453670;453671;HAS_ADDRESS
453675;453676;HAS_ADDRESS
453680;453681;HAS_ADDRESS
453685;453686;HAS_ADDRESS
453690;453691;HAS_ADDRESS
453695;453696;HAS_ADDRESS
453700;453701;HAS_ADDRESS
453705;453706;HAS_ADDRESS
453710;453711;HAS_ADDRESS
453715;453716;HAS_ADDRESS
453720;453721;HAS_ADDRESS
453725;453726;HAS_ADDRESS
453730;453731;HAS_ADDRESS
453735;453736;HAS_ADDRESS
453740;453741;HAS_ADDRESS
453745;453746;HAS_ADDRESS
453750;453751;HAS_ADDRESS
453755;453756;HAS_ADDRESS
453760;453761;HAS_ADDRESS
453765;453766;HAS_ADDRESS
453770;453771;HAS_ADDRESS
453775;453776;HAS_ADDRESS
453780;453781;HAS_ADDRESS
453785;453786;HAS_ADDRESS
453790;453791;HAS_ADDRESS
453795;453796;HAS_ADDRESS
453800;453801;HAS_ADDRESS
453805;453806;HAS_ADDRESS
453810;453811;HAS_ADDRESS
453815;453816;HAS_ADDRESS
453820;453821;HAS_ADDRESS
453825;453826;HAS_ADDRESS
453830;453831;HAS_ADDRESS
453835;453836;HAS_ADDRESS
453840;453841;HAS_ADDRESS
453845;453846;HAS_ADDRESS
453850;453851;HAS_ADDRESS
453855;453856;HAS_ADDRESS
453860;453861;HAS_ADDRESS
453865;453866;HAS_ADDRESS
453870;453871;HAS_ADDRESS
453875;453876;HAS_ADDRESS
453880;453881;HAS_ADDRESS
453885;453886;HAS_ADDRESS
453890;453891;HAS_ADDRESS
453895;453896;HAS_ADDRESS
453900;453901;HAS_ADDRESS
453905;453906;HAS_ADDRESS
453910;453911;HAS_ADDRESS
453915;453916;HAS_ADDRESS
453920;453921;HAS_ADDRESS
453925;453926;HAS_ADDRESS
453930;453931;HAS_ADDRESS
453935;453936;HAS_ADDRESS
453940;453941;HAS_ADDRESS
453945;453946;HAS_ADDRESS
453950;453951;HAS_ADDRESS
453955;453956;HAS_ADDRESS
453960;453961;HAS_ADDRESS
453965;453966;HAS_ADDRESS
453970;453971;HAS_ADDRESS
453975;453976;HAS_ADDRESS
453980;453981;HAS_ADDRESS
453985;453986;HAS_ADDRESS
453990;453991;HAS_ADDRESS
453995;453996;HAS_ADDRESS
454000;454001;HAS_ADDRESS
454005;454006;HAS_ADDRESS
454010;454011;HAS_ADDRESS
454015;454016;HAS_ADDRESS
454020;454021;HAS_ADDRESS
454025;454026;HAS_ADDRESS
454030;454031;HAS_ADDRESS
454035;454036;HAS_ADDRESS
454040;454041;HAS_ADDRESS
454045;454046;HAS_ADDRESS
454050;454051;HAS_ADDRESS
454055;454056;HAS_ADDRESS
454060;454061;HAS_ADDRESS
454065;454066;HAS_ADDRESS
454070;454071;HAS_ADDRESS
454075;454076;HAS_ADDRESS
454080;454081;HAS_ADDRESS
454085;454086;HAS_ADDRESS
454090;454091;HAS_ADDRESS
454095;454096;HAS_ADDRESS
454100;454101;HAS_ADDRESS
454105;454106;HAS_ADDRESS
454110;454111;HAS_ADDRESS
454115;454116;HAS_ADDRESS
454120;454121;HAS_ADDRESS
454125;454126;HAS_ADDRESS
454130;454131;HAS_ADDRESS
454135;454136;HAS_ADDRESS
454140;454141;HAS_ADDRESS
454145;454146;HAS_ADDRESS
454150;454151;HAS_ADDRESS
454155;454156;HAS_ADDRESS
454160;454161;HAS_ADDRESS
454165;454166;HAS_ADDRESS
454170;454171;HAS_ADDRESS
454175;454176;HAS_ADDRESS
454180;454181;HAS_ADDRESS
454185;454186;HAS_ADDRESS
454190;454191;HAS_ADDRESS
454195;454196;HAS_ADDRESS
454200;454201;HAS_ADDRESS
454205;454206;HAS_ADDRESS
454210;454211;HAS_ADDRESS
454215;454216;HAS_ADDRESS
454220;454221;HAS_ADDRESS
454225;454226;HAS_ADDRESS
454230;454231;HAS_ADDRESS
454235;454236;HAS_ADDRESS
454240;454241;HAS_ADDRESS
454245;454246;HAS_ADDRESS
454250;454251;HAS_ADDRESS
454255;454256;HAS_ADDRESS
454260;454261;HAS_ADDRESS
454265;454266;HAS_ADDRESS
454270;454271;HAS_ADDRESS
454275;454276;HAS_ADDRESS
454280;454281;HAS_ADDRESS
454285;454286;HAS_ADDRESS
454290;454291;HAS_ADDRESS
454295;454296;HAS_ADDRESS
454300;454301;HAS_ADDRESS
454305;454306;HAS_ADDRESS
454310;454311;HAS_ADDRESS
454315;454316;HAS_ADDRESS
454320;454321;HAS_ADDRESS
454325;454326;HAS_ADDRESS
454330;454331;HAS_ADDRESS
454335;454336;HAS_ADDRESS
454340;454341;HAS_ADDRESS
454345;454346;HAS_ADDRESS
454350;454351;HAS_ADDRESS
454355;454356;HAS_ADDRESS
454360;454361;HAS_ADDRESS
454365;454366;HAS_ADDRESS
454370;454371;HAS_ADDRESS
454375;454376;HAS_ADDRESS
454380;454381;HAS_ADDRESS
454385;454386;HAS_ADDRESS
454390;454391;HAS_ADDRESS
454395;454396;HAS_ADDRESS
454400;454401;HAS_ADDRESS
454405;454406;HAS_ADDRESS
454410;454411;HAS_ADDRESS
454415;454416;HAS_ADDRESS
454420;454421;HAS_ADDRESS
454425;454426;HAS_ADDRESS
454430;454431;HAS_ADDRESS
454435;454436;HAS_ADDRESS
454440;454441;HAS_ADDRESS
454445;454446;HAS_ADDRESS
454450;454451;HAS_ADDRESS
454455;454456;HAS_ADDRESS
454460;454461;HAS_ADDRESS
454465;454466;HAS_ADDRESS
454470;454471;HAS_ADDRESS
454475;454476;HAS_ADDRESS
454480;454481;HAS_ADDRESS
454485;454486;HAS_ADDRESS
454490;454491;HAS_ADDRESS
454495;454496;HAS_ADDRESS
454500;454501;HAS_ADDRESS
454505;454506;HAS_ADDRESS
454510;454511;HAS_ADDRESS
454515;454516;HAS_ADDRESS
454520;454521;HAS_ADDRESS
454525;454526;HAS_ADDRESS
454530;454531;HAS_ADDRESS
454535;454536;HAS_ADDRESS
454540;454541;HAS_ADDRESS
454545;454546;HAS_ADDRESS
454550;454551;HAS_ADDRESS
454555;454556;HAS_ADDRESS
454560;454561;HAS_ADDRESS
454565;454566;HAS_ADDRESS
454570;454571;HAS_ADDRESS
454575;454576;HAS_ADDRESS
454580;454581;HAS_ADDRESS
454585;454586;HAS_ADDRESS
454590;454591;HAS_ADDRESS
454595;454596;HAS_ADDRESS
454600;454601;HAS_ADDRESS
454605;454606;HAS_ADDRESS
454610;454611;HAS_ADDRESS
454615;454616;HAS_ADDRESS
454620;454621;HAS_ADDRESS
454625;454626;HAS_ADDRESS
454630;454631;HAS_ADDRESS
454635;454636;HAS_ADDRESS
454640;454641;HAS_ADDRESS
454645;454646;HAS_ADDRESS
454650;454651;HAS_ADDRESS
454655;454656;HAS_ADDRESS
454660;454661;HAS_ADDRESS
454665;454666;HAS_ADDRESS
454670;454671;HAS_ADDRESS
454675;454676;HAS_ADDRESS
454680;454681;HAS_ADDRESS
454685;454686;HAS_ADDRESS
454690;454691;HAS_ADDRESS
454695;454696;HAS_ADDRESS
454700;454701;HAS_ADDRESS
454705;454706;HAS_ADDRESS
454710;454711;HAS_ADDRESS
454715;454716;HAS_ADDRESS
454720;454721;HAS_ADDRESS
454725;454726;HAS_ADDRESS
454730;454731;HAS_ADDRESS
454735;454736;HAS_ADDRESS
454740;454741;HAS_ADDRESS
454745;454746;HAS_ADDRESS
454750;454751;HAS_ADDRESS
454755;454756;HAS_ADDRESS
454760;454761;HAS_ADDRESS
454765;454766;HAS_ADDRESS
454770;454771;HAS_ADDRESS
454775;454776;HAS_ADDRESS
454780;454781;HAS_ADDRESS
454785;454786;HAS_ADDRESS
454790;454791;HAS_ADDRESS
454795;454796;HAS_ADDRESS
454800;454801;HAS_ADDRESS
454805;454806;HAS_ADDRESS
454810;454811;HAS_ADDRESS
454815;454816;HAS_ADDRESS
454820;454821;HAS_ADDRESS
454825;454826;HAS_ADDRESS
454830;454831;HAS_ADDRESS
454835;454836;HAS_ADDRESS
454840;454841;HAS_ADDRESS
454845;454846;HAS_ADDRESS
454850;454851;HAS_ADDRESS
454855;454856;HAS_ADDRESS
454860;454861;HAS_ADDRESS
454865;454866;HAS_ADDRESS
454870;454871;HAS_ADDRESS
454875;454876;HAS_ADDRESS
454880;454881;HAS_ADDRESS
454885;454886;HAS_ADDRESS
454890;454891;HAS_ADDRESS
454895;454896;HAS_ADDRESS
454900;454901;HAS_ADDRESS
454905;454906;HAS_ADDRESS
454910;454911;HAS_ADDRESS
454915;454916;HAS_ADDRESS
454920;454921;HAS_ADDRESS
454925;454926;HAS_ADDRESS
454930;454931;HAS_ADDRESS
454935;454936;HAS_ADDRESS
454940;454941;HAS_ADDRESS
454945;454946;HAS_ADDRESS
454950;454951;HAS_ADDRESS
454955;454956;HAS_ADDRESS
454960;454961;HAS_ADDRESS
454965;454966;HAS_ADDRESS
454970;454971;HAS_ADDRESS
454975;454976;HAS_ADDRESS
454980;454981;HAS_ADDRESS
454985;454986;HAS_ADDRESS
454990;454991;HAS_ADDRESS
454995;454996;HAS_ADDRESS
455000;455001;HAS_ADDRESS
455005;455006;HAS_ADDRESS
455010;455011;HAS_ADDRESS
455015;455016;HAS_ADDRESS
455020;455021;HAS_ADDRESS
455025;455026;HAS_ADDRESS
455030;455031;HAS_ADDRESS
455035;455036;HAS_ADDRESS
455040;455041;HAS_ADDRESS
455045;455046;HAS_ADDRESS
455050;455051;HAS_ADDRESS
455055;455056;HAS_ADDRESS
455060;455061;HAS_ADDRESS
455065;455066;HAS_ADDRESS
455070;455071;HAS_ADDRESS
455075;455076;HAS_ADDRESS
455080;455081;HAS_ADDRESS
455085;455086;HAS_ADDRESS
455090;455091;HAS_ADDRESS
455095;455096;HAS_ADDRESS
455100;455101;HAS_ADDRESS
455105;455106;HAS_ADDRESS
455110;455111;HAS_ADDRESS
455115;455116;HAS_ADDRESS
455120;455121;HAS_ADDRESS
455125;455126;HAS_ADDRESS
455130;455131;HAS_ADDRESS
455135;455136;HAS_ADDRESS
455140;455141;HAS_ADDRESS
455145;455146;HAS_ADDRESS
455150;455151;HAS_ADDRESS
455155;455156;HAS_ADDRESS
455160;455161;HAS_ADDRESS
455165;455166;HAS_ADDRESS
455170;455171;HAS_ADDRESS
455175;455176;HAS_ADDRESS
455180;455181;HAS_ADDRESS
455185;455186;HAS_ADDRESS
455190;455191;HAS_ADDRESS
455195;455196;HAS_ADDRESS
455200;455201;HAS_ADDRESS
455205;455206;HAS_ADDRESS
455210;455211;HAS_ADDRESS
455215;455216;HAS_ADDRESS
455220;455221;HAS_ADDRESS
455225;455226;HAS_ADDRESS
455230;455231;HAS_ADDRESS
455235;455236;HAS_ADDRESS
455240;455241;HAS_ADDRESS
455245;455246;HAS_ADDRESS
455250;455251;HAS_ADDRESS
455255;455256;HAS_ADDRESS
455260;455261;HAS_ADDRESS
455265;455266;HAS_ADDRESS
455270;455271;HAS_ADDRESS
455275;455276;HAS_ADDRESS
455280;455281;HAS_ADDRESS
455285;455286;HAS_ADDRESS
455290;455291;HAS_ADDRESS
455295;455296;HAS_ADDRESS
455300;455301;HAS_ADDRESS
455305;455306;HAS_ADDRESS
455310;455311;HAS_ADDRESS
455315;455316;HAS_ADDRESS
455320;455321;HAS_ADDRESS
455325;455326;HAS_ADDRESS
455330;455331;HAS_ADDRESS
455335;455336;HAS_ADDRESS
455340;455341;HAS_ADDRESS
455345;455346;HAS_ADDRESS
455350;455351;HAS_ADDRESS
455355;455356;HAS_ADDRESS
455360;455361;HAS_ADDRESS
455365;455366;HAS_ADDRESS
455370;455371;HAS_ADDRESS
455375;455376;HAS_ADDRESS
455380;455381;HAS_ADDRESS
455385;455386;HAS_ADDRESS
455390;455391;HAS_ADDRESS
455395;455396;HAS_ADDRESS
455400;455401;HAS_ADDRESS
455405;455406;HAS_ADDRESS
455410;455411;HAS_ADDRESS
455415;455416;HAS_ADDRESS
455420;455421;HAS_ADDRESS
455425;455426;HAS_ADDRESS
455430;455431;HAS_ADDRESS
455435;455436;HAS_ADDRESS
455440;455441;HAS_ADDRESS
455445;455446;HAS_ADDRESS
455450;455451;HAS_ADDRESS
455455;455456;HAS_ADDRESS
455460;455461;HAS_ADDRESS
455465;455466;HAS_ADDRESS
455470;455471;HAS_ADDRESS
455475;455476;HAS_ADDRESS
455480;455481;HAS_ADDRESS
455485;455486;HAS_ADDRESS
455490;455491;HAS_ADDRESS
455495;455496;HAS_ADDRESS
455500;455501;HAS_ADDRESS
455505;455506;HAS_ADDRESS
455510;455511;HAS_ADDRESS
455515;455516;HAS_ADDRESS
455520;455521;HAS_ADDRESS
455525;455526;HAS_ADDRESS
455530;455531;HAS_ADDRESS
455535;455536;HAS_ADDRESS
455540;455541;HAS_ADDRESS
455545;455546;HAS_ADDRESS
455550;455551;HAS_ADDRESS
455555;455556;HAS_ADDRESS
455560;455561;HAS_ADDRESS
455565;455566;HAS_ADDRESS
455570;455571;HAS_ADDRESS
455575;455576;HAS_ADDRESS
455580;455581;HAS_ADDRESS
455585;455586;HAS_ADDRESS
455590;455591;HAS_ADDRESS
455595;455596;HAS_ADDRESS
455600;455601;HAS_ADDRESS
455605;455606;HAS_ADDRESS
455610;455611;HAS_ADDRESS
455615;455616;HAS_ADDRESS
455620;455621;HAS_ADDRESS
455625;455626;HAS_ADDRESS
455630;455631;HAS_ADDRESS
455635;455636;HAS_ADDRESS
455640;455641;HAS_ADDRESS
455645;455646;HAS_ADDRESS
455650;455651;HAS_ADDRESS
455655;455656;HAS_ADDRESS
455660;455661;HAS_ADDRESS
455665;455666;HAS_ADDRESS
455670;455671;HAS_ADDRESS
455675;455676;HAS_ADDRESS
455680;455681;HAS_ADDRESS
455685;455686;HAS_ADDRESS
455690;455691;HAS_ADDRESS
455695;455696;HAS_ADDRESS
455700;455701;HAS_ADDRESS
455705;455706;HAS_ADDRESS
455710;455711;HAS_ADDRESS
455715;455716;HAS_ADDRESS
455720;455721;HAS_ADDRESS
455725;455726;HAS_ADDRESS
455730;455731;HAS_ADDRESS
455735;455736;HAS_ADDRESS
455740;455741;HAS_ADDRESS
455745;455746;HAS_ADDRESS
455750;455751;HAS_ADDRESS
455755;455756;HAS_ADDRESS
455760;455761;HAS_ADDRESS
455765;455766;HAS_ADDRESS
455770;455771;HAS_ADDRESS
455775;455776;HAS_ADDRESS
455780;455781;HAS_ADDRESS
455785;455786;HAS_ADDRESS
455790;455791;HAS_ADDRESS
455795;455796;HAS_ADDRESS
455800;455801;HAS_ADDRESS
455805;455806;HAS_ADDRESS
455810;455811;HAS_ADDRESS
455815;455816;HAS_ADDRESS
455820;455821;HAS_ADDRESS
455825;455826;HAS_ADDRESS
455830;455831;HAS_ADDRESS
455835;455836;HAS_ADDRESS
455840;455841;HAS_ADDRESS
455845;455846;HAS_ADDRESS
455850;455851;HAS_ADDRESS
455855;455856;HAS_ADDRESS
455860;455861;HAS_ADDRESS
455865;455866;HAS_ADDRESS
455870;455871;HAS_ADDRESS
455875;455876;HAS_ADDRESS
455880;455881;HAS_ADDRESS
455885;455886;HAS_ADDRESS
455890;455891;HAS_ADDRESS
455895;455896;HAS_ADDRESS
455900;455901;HAS_ADDRESS
455905;455906;HAS_ADDRESS
455910;455911;HAS_ADDRESS
455915;455916;HAS_ADDRESS
455920;455921;HAS_ADDRESS
455925;455926;HAS_ADDRESS
455930;455931;HAS_ADDRESS
455935;455936;HAS_ADDRESS
455940;455941;HAS_ADDRESS
455945;455946;HAS_ADDRESS
455950;455951;HAS_ADDRESS
455955;455956;HAS_ADDRESS
455960;455961;HAS_ADDRESS
455965;455966;HAS_ADDRESS
455970;455971;HAS_ADDRESS
455975;455976;HAS_ADDRESS
455980;455981;HAS_ADDRESS
455985;455986;HAS_ADDRESS
455990;455991;HAS_ADDRESS
455995;455996;HAS_ADDRESS
456000;456001;HAS_ADDRESS
456005;456006;HAS_ADDRESS
456010;456011;HAS_ADDRESS
456015;456016;HAS_ADDRESS
456020;456021;HAS_ADDRESS
456025;456026;HAS_ADDRESS
456030;456031;HAS_ADDRESS
456035;456036;HAS_ADDRESS
456040;456041;HAS_ADDRESS
456045;456046;HAS_ADDRESS
456050;456051;HAS_ADDRESS
456055;456056;HAS_ADDRESS
456060;456061;HAS_ADDRESS
456065;456066;HAS_ADDRESS
456070;456071;HAS_ADDRESS
456075;456076;HAS_ADDRESS
456080;456081;HAS_ADDRESS
456085;456086;HAS_ADDRESS
456090;456091;HAS_ADDRESS
456095;456096;HAS_ADDRESS
456100;456101;HAS_ADDRESS
456105;456106;HAS_ADDRESS
456110;456111;HAS_ADDRESS
456115;456116;HAS_ADDRESS
456120;456121;HAS_ADDRESS
456125;456126;HAS_ADDRESS
456130;456131;HAS_ADDRESS
456135;456136;HAS_ADDRESS
456140;456141;HAS_ADDRESS
456145;456146;HAS_ADDRESS
456150;456151;HAS_ADDRESS
456155;456156;HAS_ADDRESS
456160;456161;HAS_ADDRESS
456165;456166;HAS_ADDRESS
456170;456171;HAS_ADDRESS
456175;456176;HAS_ADDRESS
456180;456181;HAS_ADDRESS
456185;456186;HAS_ADDRESS
456190;456191;HAS_ADDRESS
456195;456196;HAS_ADDRESS
456200;456201;HAS_ADDRESS
456205;456206;HAS_ADDRESS
456210;456211;HAS_ADDRESS
456215;456216;HAS_ADDRESS
456220;456221;HAS_ADDRESS
456225;456226;HAS_ADDRESS
456230;456231;HAS_ADDRESS
456235;456236;HAS_ADDRESS
456240;456241;HAS_ADDRESS
456245;456246;HAS_ADDRESS
456250;456251;HAS_ADDRESS
456255;456256;HAS_ADDRESS
456260;456261;HAS_ADDRESS
456265;456266;HAS_ADDRESS
456270;456271;HAS_ADDRESS
456275;456276;HAS_ADDRESS
456280;456281;HAS_ADDRESS
456285;456286;HAS_ADDRESS
456290;456291;HAS_ADDRESS
456295;456296;HAS_ADDRESS
456300;456301;HAS_ADDRESS
456305;456306;HAS_ADDRESS
456310;456311;HAS_ADDRESS
456315;456316;HAS_ADDRESS
456320;456321;HAS_ADDRESS
456325;456326;HAS_ADDRESS
456330;456331;HAS_ADDRESS
456335;456336;HAS_ADDRESS
456340;456341;HAS_ADDRESS
456345;456346;HAS_ADDRESS
456350;456351;HAS_ADDRESS
456355;456356;HAS_ADDRESS
456360;456361;HAS_ADDRESS
456365;456366;HAS_ADDRESS
456370;456371;HAS_ADDRESS
456375;456376;HAS_ADDRESS
456380;456381;HAS_ADDRESS
456385;456386;HAS_ADDRESS
456390;456391;HAS_ADDRESS
456395;456396;HAS_ADDRESS
456400;456401;HAS_ADDRESS
456405;456406;HAS_ADDRESS
456410;456411;HAS_ADDRESS
456415;456416;HAS_ADDRESS
456420;456421;HAS_ADDRESS
456425;456426;HAS_ADDRESS
456430;456431;HAS_ADDRESS
456435;456436;HAS_ADDRESS
456440;456441;HAS_ADDRESS
456445;456446;HAS_ADDRESS
456450;456451;HAS_ADDRESS
456455;456456;HAS_ADDRESS
456460;456461;HAS_ADDRESS
456465;456466;HAS_ADDRESS
456470;456471;HAS_ADDRESS
456475;456476;HAS_ADDRESS
456480;456481;HAS_ADDRESS
456485;456486;HAS_ADDRESS
456490;456491;HAS_ADDRESS
456495;456496;HAS_ADDRESS
456500;456501;HAS_ADDRESS
456505;456506;HAS_ADDRESS
456510;456511;HAS_ADDRESS
456515;456516;HAS_ADDRESS
456520;456521;HAS_ADDRESS
456525;456526;HAS_ADDRESS
456530;456531;HAS_ADDRESS
456535;456536;HAS_ADDRESS
456540;456541;HAS_ADDRESS
456545;456546;HAS_ADDRESS
456550;456551;HAS_ADDRESS
456555;456556;HAS_ADDRESS
456560;456561;HAS_ADDRESS
456565;456566;HAS_ADDRESS
456570;456571;HAS_ADDRESS
456575;456576;HAS_ADDRESS
456580;456581;HAS_ADDRESS
456585;456586;HAS_ADDRESS
456590;456591;HAS_ADDRESS
456595;456596;HAS_ADDRESS
456600;456601;HAS_ADDRESS
456605;456606;HAS_ADDRESS
456610;456611;HAS_ADDRESS
456615;456616;HAS_ADDRESS
456620;456621;HAS_ADDRESS
456625;456626;HAS_ADDRESS
456630;456631;HAS_ADDRESS
456635;456636;HAS_ADDRESS
456640;456641;HAS_ADDRESS
456645;456646;HAS_ADDRESS
456650;456651;HAS_ADDRESS
456655;456656;HAS_ADDRESS
456660;456661;HAS_ADDRESS
456665;456666;HAS_ADDRESS
456670;456671;HAS_ADDRESS
456675;456676;HAS_ADDRESS
456680;456681;HAS_ADDRESS
456685;456686;HAS_ADDRESS
456690;456691;HAS_ADDRESS
456695;456696;HAS_ADDRESS
456700;456701;HAS_ADDRESS
456705;456706;HAS_ADDRESS
456710;456711;HAS_ADDRESS
456715;456716;HAS_ADDRESS
456720;456721;HAS_ADDRESS
456725;456726;HAS_ADDRESS
456730;456731;HAS_ADDRESS
456735;456736;HAS_ADDRESS
456740;456741;HAS_ADDRESS
456745;456746;HAS_ADDRESS
456750;456751;HAS_ADDRESS
456755;456756;HAS_ADDRESS
456760;456761;HAS_ADDRESS
456765;456766;HAS_ADDRESS
456770;456771;HAS_ADDRESS
456775;456776;HAS_ADDRESS
456780;456781;HAS_ADDRESS
456785;456786;HAS_ADDRESS
456790;456791;HAS_ADDRESS
456795;456796;HAS_ADDRESS
456800;456801;HAS_ADDRESS
456805;456806;HAS_ADDRESS
456810;456811;HAS_ADDRESS
456815;456816;HAS_ADDRESS
456820;456821;HAS_ADDRESS
456825;456826;HAS_ADDRESS
456830;456831;HAS_ADDRESS
456835;456836;HAS_ADDRESS
456840;456841;HAS_ADDRESS
456845;456846;HAS_ADDRESS
456850;456851;HAS_ADDRESS
456855;456856;HAS_ADDRESS
456860;456861;HAS_ADDRESS
456865;456866;HAS_ADDRESS
456870;456871;HAS_ADDRESS
456875;456876;HAS_ADDRESS
456880;456881;HAS_ADDRESS
456885;456886;HAS_ADDRESS
456890;456891;HAS_ADDRESS
456895;456896;HAS_ADDRESS
456900;456901;HAS_ADDRESS
456905;456906;HAS_ADDRESS
456910;456911;HAS_ADDRESS
456915;456916;HAS_ADDRESS
456920;456921;HAS_ADDRESS
456925;456926;HAS_ADDRESS
456930;456931;HAS_ADDRESS
456935;456936;HAS_ADDRESS
456940;456941;HAS_ADDRESS
456945;456946;HAS_ADDRESS
456950;456951;HAS_ADDRESS
456955;456956;HAS_ADDRESS
456960;456961;HAS_ADDRESS
456965;456966;HAS_ADDRESS
456970;456971;HAS_ADDRESS
456975;456976;HAS_ADDRESS
456980;456981;HAS_ADDRESS
456985;456986;HAS_ADDRESS
456990;456991;HAS_ADDRESS
456995;456996;HAS_ADDRESS
457000;457001;HAS_ADDRESS
457005;457006;HAS_ADDRESS
457010;457011;HAS_ADDRESS
457015;457016;HAS_ADDRESS
457020;457021;HAS_ADDRESS
457025;457026;HAS_ADDRESS
457030;457031;HAS_ADDRESS
457035;457036;HAS_ADDRESS
457040;457041;HAS_ADDRESS
457045;457046;HAS_ADDRESS
457050;457051;HAS_ADDRESS
457055;457056;HAS_ADDRESS
457060;457061;HAS_ADDRESS
457065;457066;HAS_ADDRESS
457070;457071;HAS_ADDRESS
457075;457076;HAS_ADDRESS
457080;457081;HAS_ADDRESS
457085;457086;HAS_ADDRESS
457090;457091;HAS_ADDRESS
457095;457096;HAS_ADDRESS
457100;457101;HAS_ADDRESS
457105;457106;HAS_ADDRESS
457110;457111;HAS_ADDRESS
457115;457116;HAS_ADDRESS
457120;457121;HAS_ADDRESS
457125;457126;HAS_ADDRESS
457130;457131;HAS_ADDRESS
457135;457136;HAS_ADDRESS
457140;457141;HAS_ADDRESS
457145;457146;HAS_ADDRESS
457150;457151;HAS_ADDRESS
457155;457156;HAS_ADDRESS
457160;457161;HAS_ADDRESS
457165;457166;HAS_ADDRESS
457170;457171;HAS_ADDRESS
457175;457176;HAS_ADDRESS
457180;457181;HAS_ADDRESS
457185;457186;HAS_ADDRESS
457190;457191;HAS_ADDRESS
457195;457196;HAS_ADDRESS
457200;457201;HAS_ADDRESS
457205;457206;HAS_ADDRESS
457210;457211;HAS_ADDRESS
457215;457216;HAS_ADDRESS
457220;457221;HAS_ADDRESS
457225;457226;HAS_ADDRESS
457230;457231;HAS_ADDRESS
457235;457236;HAS_ADDRESS
457240;457241;HAS_ADDRESS
457245;457246;HAS_ADDRESS
457250;457251;HAS_ADDRESS
457255;457256;HAS_ADDRESS
457260;457261;HAS_ADDRESS
457265;457266;HAS_ADDRESS
457270;457271;HAS_ADDRESS
457275;457276;HAS_ADDRESS
457280;457281;HAS_ADDRESS
457285;457286;HAS_ADDRESS
457290;457291;HAS_ADDRESS
457295;457296;HAS_ADDRESS
457300;457301;HAS_ADDRESS
457305;457306;HAS_ADDRESS
457310;457311;HAS_ADDRESS
457315;457316;HAS_ADDRESS
457320;457321;HAS_ADDRESS
457325;457326;HAS_ADDRESS
457330;457331;HAS_ADDRESS
457335;457336;HAS_ADDRESS
457340;457341;HAS_ADDRESS
457345;457346;HAS_ADDRESS
457350;457351;HAS_ADDRESS
457355;457356;HAS_ADDRESS
457360;457361;HAS_ADDRESS
457365;457366;HAS_ADDRESS
457370;457371;HAS_ADDRESS
457375;457376;HAS_ADDRESS
457380;457381;HAS_ADDRESS
457385;457386;HAS_ADDRESS
457390;457391;HAS_ADDRESS
457395;457396;HAS_ADDRESS
457400;457401;HAS_ADDRESS
457405;457406;HAS_ADDRESS
457410;457411;HAS_ADDRESS
457415;457416;HAS_ADDRESS
457420;457421;HAS_ADDRESS
457425;457426;HAS_ADDRESS
457430;457431;HAS_ADDRESS
457435;457436;HAS_ADDRESS
457440;457441;HAS_ADDRESS
457445;457446;HAS_ADDRESS
457450;457451;HAS_ADDRESS
457455;457456;HAS_ADDRESS
457460;457461;HAS_ADDRESS
457465;457466;HAS_ADDRESS
457470;457471;HAS_ADDRESS
457475;457476;HAS_ADDRESS
457480;457481;HAS_ADDRESS
457485;457486;HAS_ADDRESS
457490;457491;HAS_ADDRESS
457495;457496;HAS_ADDRESS
457500;457501;HAS_ADDRESS
457505;457506;HAS_ADDRESS
457510;457511;HAS_ADDRESS
457515;457516;HAS_ADDRESS
457520;457521;HAS_ADDRESS
457525;457526;HAS_ADDRESS
457530;457531;HAS_ADDRESS
457535;457536;HAS_ADDRESS
457540;457541;HAS_ADDRESS
457545;457546;HAS_ADDRESS
457550;457551;HAS_ADDRESS
457555;457556;HAS_ADDRESS
457560;457561;HAS_ADDRESS
457565;457566;HAS_ADDRESS
457570;457571;HAS_ADDRESS
457575;457576;HAS_ADDRESS
457580;457581;HAS_ADDRESS
457585;457586;HAS_ADDRESS
457590;457591;HAS_ADDRESS
457595;457596;HAS_ADDRESS
457600;457601;HAS_ADDRESS
457605;457606;HAS_ADDRESS
457610;457611;HAS_ADDRESS
457615;457616;HAS_ADDRESS
457620;457621;HAS_ADDRESS
457625;457626;HAS_ADDRESS
457630;457631;HAS_ADDRESS
457635;457636;HAS_ADDRESS
457640;457641;HAS_ADDRESS
457645;457646;HAS_ADDRESS
457650;457651;HAS_ADDRESS
457655;457656;HAS_ADDRESS
457660;457661;HAS_ADDRESS
457665;457666;HAS_ADDRESS
457670;457671;HAS_ADDRESS
457675;457676;HAS_ADDRESS
457680;457681;HAS_ADDRESS
457685;457686;HAS_ADDRESS
457690;457691;HAS_ADDRESS
457695;457696;HAS_ADDRESS
457700;457701;HAS_ADDRESS
457705;457706;HAS_ADDRESS
457710;457711;HAS_ADDRESS
457715;457716;HAS_ADDRESS
457720;457721;HAS_ADDRESS
457725;457726;HAS_ADDRESS
457730;457731;HAS_ADDRESS
457735;457736;HAS_ADDRESS
457740;457741;HAS_ADDRESS
457745;457746;HAS_ADDRESS
457750;457751;HAS_ADDRESS
457755;457756;HAS_ADDRESS
457760;457761;HAS_ADDRESS
457765;457766;HAS_ADDRESS
457770;457771;HAS_ADDRESS
457775;457776;HAS_ADDRESS
457780;457781;HAS_ADDRESS
457785;457786;HAS_ADDRESS
457790;457791;HAS_ADDRESS
457795;457796;HAS_ADDRESS
457800;457801;HAS_ADDRESS
457805;457806;HAS_ADDRESS
457810;457811;HAS_ADDRESS
457815;457816;HAS_ADDRESS
457820;457821;HAS_ADDRESS
457825;457826;HAS_ADDRESS
457830;457831;HAS_ADDRESS
457835;457836;HAS_ADDRESS
457840;457841;HAS_ADDRESS
457845;457846;HAS_ADDRESS
457850;457851;HAS_ADDRESS
457855;457856;HAS_ADDRESS
457860;457861;HAS_ADDRESS
457865;457866;HAS_ADDRESS
457870;457871;HAS_ADDRESS
457875;457876;HAS_ADDRESS
457880;457881;HAS_ADDRESS
457885;457886;HAS_ADDRESS
457890;457891;HAS_ADDRESS
457895;457896;HAS_ADDRESS
457900;457901;HAS_ADDRESS
457905;457906;HAS_ADDRESS
457910;457911;HAS_ADDRESS
457915;457916;HAS_ADDRESS
457920;457921;HAS_ADDRESS
457925;457926;HAS_ADDRESS
457930;457931;HAS_ADDRESS
457935;457936;HAS_ADDRESS
457940;457941;HAS_ADDRESS
457945;457946;HAS_ADDRESS
457950;457951;HAS_ADDRESS
457955;457956;HAS_ADDRESS
457960;457961;HAS_ADDRESS
457965;457966;HAS_ADDRESS
457970;457971;HAS_ADDRESS
457975;457976;HAS_ADDRESS
457980;457981;HAS_ADDRESS
457985;457986;HAS_ADDRESS
457990;457991;HAS_ADDRESS
457995;457996;HAS_ADDRESS
458000;458001;HAS_ADDRESS
458005;458006;HAS_ADDRESS
458010;458011;HAS_ADDRESS
458015;458016;HAS_ADDRESS
458020;458021;HAS_ADDRESS
458025;458026;HAS_ADDRESS
458030;458031;HAS_ADDRESS
458035;458036;HAS_ADDRESS
458040;458041;HAS_ADDRESS
458045;458046;HAS_ADDRESS
458050;458051;HAS_ADDRESS
458055;458056;HAS_ADDRESS
458060;458061;HAS_ADDRESS
458065;458066;HAS_ADDRESS
458070;458071;HAS_ADDRESS
458075;458076;HAS_ADDRESS
458080;458081;HAS_ADDRESS
458085;458086;HAS_ADDRESS
458090;458091;HAS_ADDRESS
458095;458096;HAS_ADDRESS
458100;458101;HAS_ADDRESS
458105;458106;HAS_ADDRESS
458110;458111;HAS_ADDRESS
458115;458116;HAS_ADDRESS
458120;458121;HAS_ADDRESS
458125;458126;HAS_ADDRESS
458130;458131;HAS_ADDRESS
458135;458136;HAS_ADDRESS
458140;458141;HAS_ADDRESS
458145;458146;HAS_ADDRESS
458150;458151;HAS_ADDRESS
458155;458156;HAS_ADDRESS
458160;458161;HAS_ADDRESS
458165;458166;HAS_ADDRESS
458170;458171;HAS_ADDRESS
458175;458176;HAS_ADDRESS
458180;458181;HAS_ADDRESS
458185;458186;HAS_ADDRESS
458190;458191;HAS_ADDRESS
458195;458196;HAS_ADDRESS
458200;458201;HAS_ADDRESS
458205;458206;HAS_ADDRESS
458210;458211;HAS_ADDRESS
458215;458216;HAS_ADDRESS
458220;458221;HAS_ADDRESS
458225;458226;HAS_ADDRESS
458230;458231;HAS_ADDRESS
458235;458236;HAS_ADDRESS
458240;458241;HAS_ADDRESS
458245;458246;HAS_ADDRESS
458250;458251;HAS_ADDRESS
458255;458256;HAS_ADDRESS
458260;458261;HAS_ADDRESS
458265;458266;HAS_ADDRESS
458270;458271;HAS_ADDRESS
458275;458276;HAS_ADDRESS
458280;458281;HAS_ADDRESS
458285;458286;HAS_ADDRESS
458290;458291;HAS_ADDRESS
458295;458296;HAS_ADDRESS
458300;458301;HAS_ADDRESS
458305;458306;HAS_ADDRESS
458310;458311;HAS_ADDRESS
458315;458316;HAS_ADDRESS
458320;458321;HAS_ADDRESS
458325;458326;HAS_ADDRESS
458330;458331;HAS_ADDRESS
458335;458336;HAS_ADDRESS
458340;458341;HAS_ADDRESS
458345;458346;HAS_ADDRESS
458350;458351;HAS_ADDRESS
458355;458356;HAS_ADDRESS
458360;458361;HAS_ADDRESS
458365;458366;HAS_ADDRESS
458370;458371;HAS_ADDRESS
458375;458376;HAS_ADDRESS
458380;458381;HAS_ADDRESS
458385;458386;HAS_ADDRESS
458390;458391;HAS_ADDRESS
458395;458396;HAS_ADDRESS
458400;458401;HAS_ADDRESS
458405;458406;HAS_ADDRESS
458410;458411;HAS_ADDRESS
458415;458416;HAS_ADDRESS
458420;458421;HAS_ADDRESS
458425;458426;HAS_ADDRESS
458430;458431;HAS_ADDRESS
458435;458436;HAS_ADDRESS
458440;458441;HAS_ADDRESS
458445;458446;HAS_ADDRESS
458450;458451;HAS_ADDRESS
458455;458456;HAS_ADDRESS
458460;458461;HAS_ADDRESS
458465;458466;HAS_ADDRESS
458470;458471;HAS_ADDRESS
458475;458476;HAS_ADDRESS
458480;458481;HAS_ADDRESS
458485;458486;HAS_ADDRESS
458490;458491;HAS_ADDRESS
458495;458496;HAS_ADDRESS
458500;458501;HAS_ADDRESS
458505;458506;HAS_ADDRESS
458510;458511;HAS_ADDRESS
458515;458516;HAS_ADDRESS
458520;458521;HAS_ADDRESS
458525;458526;HAS_ADDRESS
458530;458531;HAS_ADDRESS
458535;458536;HAS_ADDRESS
458540;458541;HAS_ADDRESS
458545;458546;HAS_ADDRESS
458550;458551;HAS_ADDRESS
458555;458556;HAS_ADDRESS
458560;458561;HAS_ADDRESS
458565;458566;HAS_ADDRESS
458570;458571;HAS_ADDRESS
458575;458576;HAS_ADDRESS
458580;458581;HAS_ADDRESS
458585;458586;HAS_ADDRESS
458590;458591;HAS_ADDRESS
458595;458596;HAS_ADDRESS
458600;458601;HAS_ADDRESS
458605;458606;HAS_ADDRESS
458610;458611;HAS_ADDRESS
458615;458616;HAS_ADDRESS
458620;458621;HAS_ADDRESS
458625;458626;HAS_ADDRESS
458630;458631;HAS_ADDRESS
458635;458636;HAS_ADDRESS
458640;458641;HAS_ADDRESS
458645;458646;HAS_ADDRESS
458650;458651;HAS_ADDRESS
458655;458656;HAS_ADDRESS
458660;458661;HAS_ADDRESS
458665;458666;HAS_ADDRESS
458670;458671;HAS_ADDRESS
458675;458676;HAS_ADDRESS
458680;458681;HAS_ADDRESS
458685;458686;HAS_ADDRESS
458690;458691;HAS_ADDRESS
458695;458696;HAS_ADDRESS
458700;458701;HAS_ADDRESS
458705;458706;HAS_ADDRESS
458710;458711;HAS_ADDRESS
458715;458716;HAS_ADDRESS
458720;458721;HAS_ADDRESS
458725;458726;HAS_ADDRESS
458730;458731;HAS_ADDRESS
458735;458736;HAS_ADDRESS
458740;458741;HAS_ADDRESS
458745;458746;HAS_ADDRESS
458750;458751;HAS_ADDRESS
458755;458756;HAS_ADDRESS
458760;458761;HAS_ADDRESS
458765;458766;HAS_ADDRESS
458770;458771;HAS_ADDRESS
458775;458776;HAS_ADDRESS
458780;458781;HAS_ADDRESS
458785;458786;HAS_ADDRESS
458790;458791;HAS_ADDRESS
458795;458796;HAS_ADDRESS
458800;458801;HAS_ADDRESS
458805;458806;HAS_ADDRESS
458810;458811;HAS_ADDRESS
458815;458816;HAS_ADDRESS
458820;458821;HAS_ADDRESS
458825;458826;HAS_ADDRESS
458830;458831;HAS_ADDRESS
458835;458836;HAS_ADDRESS
458840;458841;HAS_ADDRESS
458845;458846;HAS_ADDRESS
458850;458851;HAS_ADDRESS
458855;458856;HAS_ADDRESS
458860;458861;HAS_ADDRESS
458865;458866;HAS_ADDRESS
458870;458871;HAS_ADDRESS
458875;458876;HAS_ADDRESS
458880;458881;HAS_ADDRESS
458885;458886;HAS_ADDRESS
458890;458891;HAS_ADDRESS
458895;458896;HAS_ADDRESS
458900;458901;HAS_ADDRESS
458905;458906;HAS_ADDRESS
458910;458911;HAS_ADDRESS
458915;458916;HAS_ADDRESS
458920;458921;HAS_ADDRESS
458925;458926;HAS_ADDRESS
458930;458931;HAS_ADDRESS
458935;458936;HAS_ADDRESS
458940;458941;HAS_ADDRESS
458945;458946;HAS_ADDRESS
458950;458951;HAS_ADDRESS
458955;458956;HAS_ADDRESS
458960;458961;HAS_ADDRESS
458965;458966;HAS_ADDRESS
458970;458971;HAS_ADDRESS
458975;458976;HAS_ADDRESS
458980;458981;HAS_ADDRESS
458985;458986;HAS_ADDRESS
458990;458991;HAS_ADDRESS
458995;458996;HAS_ADDRESS
459000;459001;HAS_ADDRESS
459005;459006;HAS_ADDRESS
459010;459011;HAS_ADDRESS
459015;459016;HAS_ADDRESS
459020;459021;HAS_ADDRESS
459025;459026;HAS_ADDRESS
459030;459031;HAS_ADDRESS
459035;459036;HAS_ADDRESS
459040;459041;HAS_ADDRESS
459045;459046;HAS_ADDRESS
459050;459051;HAS_ADDRESS
459055;459056;HAS_ADDRESS
459060;459061;HAS_ADDRESS
459065;459066;HAS_ADDRESS
459070;459071;HAS_ADDRESS
459075;459076;HAS_ADDRESS
459080;459081;HAS_ADDRESS
459085;459086;HAS_ADDRESS
459090;459091;HAS_ADDRESS
459095;459096;HAS_ADDRESS
459100;459101;HAS_ADDRESS
459105;459106;HAS_ADDRESS
459110;459111;HAS_ADDRESS
459115;459116;HAS_ADDRESS
459120;459121;HAS_ADDRESS
459125;459126;HAS_ADDRESS
459130;459131;HAS_ADDRESS
459135;459136;HAS_ADDRESS
459140;459141;HAS_ADDRESS
459145;459146;HAS_ADDRESS
459150;459151;HAS_ADDRESS
459155;459156;HAS_ADDRESS
459160;459161;HAS_ADDRESS
459165;459166;HAS_ADDRESS
459170;459171;HAS_ADDRESS
459175;459176;HAS_ADDRESS
459180;459181;HAS_ADDRESS
459185;459186;HAS_ADDRESS
459190;459191;HAS_ADDRESS
459195;459196;HAS_ADDRESS
459200;459201;HAS_ADDRESS
459205;459206;HAS_ADDRESS
459210;459211;HAS_ADDRESS
459215;459216;HAS_ADDRESS
459220;459221;HAS_ADDRESS
459225;459226;HAS_ADDRESS
459230;459231;HAS_ADDRESS
459235;459236;HAS_ADDRESS
459240;459241;HAS_ADDRESS
459245;459246;HAS_ADDRESS
459250;459251;HAS_ADDRESS
459255;459256;HAS_ADDRESS
459260;459261;HAS_ADDRESS
459265;459266;HAS_ADDRESS
459270;459271;HAS_ADDRESS
459275;459276;HAS_ADDRESS
459280;459281;HAS_ADDRESS
459285;459286;HAS_ADDRESS
459290;459291;HAS_ADDRESS
459295;459296;HAS_ADDRESS
459300;459301;HAS_ADDRESS
459305;459306;HAS_ADDRESS
459310;459311;HAS_ADDRESS
459315;459316;HAS_ADDRESS
459320;459321;HAS_ADDRESS
459325;459326;HAS_ADDRESS
459330;459331;HAS_ADDRESS
459335;459336;HAS_ADDRESS
459340;459341;HAS_ADDRESS
459345;459346;HAS_ADDRESS
459350;459351;HAS_ADDRESS
459355;459356;HAS_ADDRESS
459360;459361;HAS_ADDRESS
459365;459366;HAS_ADDRESS
459370;459371;HAS_ADDRESS
459375;459376;HAS_ADDRESS
459380;459381;HAS_ADDRESS
459385;459386;HAS_ADDRESS
459390;459391;HAS_ADDRESS
459395;459396;HAS_ADDRESS
459400;459401;HAS_ADDRESS
459405;459406;HAS_ADDRESS
459410;459411;HAS_ADDRESS
459415;459416;HAS_ADDRESS
459420;459421;HAS_ADDRESS
459425;459426;HAS_ADDRESS
459430;459431;HAS_ADDRESS
459435;459436;HAS_ADDRESS
459440;459441;HAS_ADDRESS
459445;459446;HAS_ADDRESS
459450;459451;HAS_ADDRESS
459455;459456;HAS_ADDRESS
459460;459461;HAS_ADDRESS
459465;459466;HAS_ADDRESS
459470;459471;HAS_ADDRESS
459475;459476;HAS_ADDRESS
459480;459481;HAS_ADDRESS
459485;459486;HAS_ADDRESS
459490;459491;HAS_ADDRESS
459495;459496;HAS_ADDRESS
459500;459501;HAS_ADDRESS
459505;459506;HAS_ADDRESS
459510;459511;HAS_ADDRESS
459515;459516;HAS_ADDRESS
459520;459521;HAS_ADDRESS
459525;459526;HAS_ADDRESS
459530;459531;HAS_ADDRESS
459535;459536;HAS_ADDRESS
459540;459541;HAS_ADDRESS
459545;459546;HAS_ADDRESS
459550;459551;HAS_ADDRESS
459555;459556;HAS_ADDRESS
459560;459561;HAS_ADDRESS
459565;459566;HAS_ADDRESS
459570;459571;HAS_ADDRESS
459575;459576;HAS_ADDRESS
459580;459581;HAS_ADDRESS
459585;459586;HAS_ADDRESS
459590;459591;HAS_ADDRESS
459595;459596;HAS_ADDRESS
459600;459601;HAS_ADDRESS
459605;459606;HAS_ADDRESS
459610;459611;HAS_ADDRESS
459615;459616;HAS_ADDRESS
459620;459621;HAS_ADDRESS
459625;459626;HAS_ADDRESS
459630;459631;HAS_ADDRESS
459635;459636;HAS_ADDRESS
459640;459641;HAS_ADDRESS
459645;459646;HAS_ADDRESS
459650;459651;HAS_ADDRESS
459655;459656;HAS_ADDRESS
459660;459661;HAS_ADDRESS
459665;459666;HAS_ADDRESS
459670;459671;HAS_ADDRESS
459675;459676;HAS_ADDRESS
459680;459681;HAS_ADDRESS
459685;459686;HAS_ADDRESS
459690;459691;HAS_ADDRESS
459695;459696;HAS_ADDRESS
459700;459701;HAS_ADDRESS
459705;459706;HAS_ADDRESS
459710;459711;HAS_ADDRESS
459715;459716;HAS_ADDRESS
459720;459721;HAS_ADDRESS
459725;459726;HAS_ADDRESS
459730;459731;HAS_ADDRESS
459735;459736;HAS_ADDRESS
459740;459741;HAS_ADDRESS
459745;459746;HAS_ADDRESS
459750;459751;HAS_ADDRESS
459755;459756;HAS_ADDRESS
459760;459761;HAS_ADDRESS
459765;459766;HAS_ADDRESS
459770;459771;HAS_ADDRESS
459775;459776;HAS_ADDRESS
459780;459781;HAS_ADDRESS
459785;459786;HAS_ADDRESS
459790;459791;HAS_ADDRESS
459795;459796;HAS_ADDRESS
459800;459801;HAS_ADDRESS
459805;459806;HAS_ADDRESS
459810;459811;HAS_ADDRESS
459815;459816;HAS_ADDRESS
459820;459821;HAS_ADDRESS
459825;459826;HAS_ADDRESS
459830;459831;HAS_ADDRESS
459835;459836;HAS_ADDRESS
459840;459841;HAS_ADDRESS
459845;459846;HAS_ADDRESS
459850;459851;HAS_ADDRESS
459855;459856;HAS_ADDRESS
459860;459861;HAS_ADDRESS
459865;459866;HAS_ADDRESS
459870;459871;HAS_ADDRESS
459875;459876;HAS_ADDRESS
459880;459881;HAS_ADDRESS
459885;459886;HAS_ADDRESS
459890;459891;HAS_ADDRESS
459895;459896;HAS_ADDRESS
459900;459901;HAS_ADDRESS
459905;459906;HAS_ADDRESS
459910;459911;HAS_ADDRESS
459915;459916;HAS_ADDRESS
459920;459921;HAS_ADDRESS
459925;459926;HAS_ADDRESS
459930;459931;HAS_ADDRESS
459935;459936;HAS_ADDRESS
459940;459941;HAS_ADDRESS
459945;459946;HAS_ADDRESS
459950;459951;HAS_ADDRESS
459955;459956;HAS_ADDRESS
459960;459961;HAS_ADDRESS
459965;459966;HAS_ADDRESS
459970;459971;HAS_ADDRESS
459975;459976;HAS_ADDRESS
459980;459981;HAS_ADDRESS
459985;459986;HAS_ADDRESS
459990;459991;HAS_ADDRESS
459995;459996;HAS_ADDRESS
460000;460001;HAS_ADDRESS
460005;460006;HAS_ADDRESS
460010;460011;HAS_ADDRESS
460015;460016;HAS_ADDRESS
460020;460021;HAS_ADDRESS
460025;460026;HAS_ADDRESS
460030;460031;HAS_ADDRESS
460035;460036;HAS_ADDRESS
460040;460041;HAS_ADDRESS
460045;460046;HAS_ADDRESS
460050;460051;HAS_ADDRESS
460055;460056;HAS_ADDRESS
460060;460061;HAS_ADDRESS
460065;460066;HAS_ADDRESS
460070;460071;HAS_ADDRESS
460075;460076;HAS_ADDRESS
460080;460081;HAS_ADDRESS
460085;460086;HAS_ADDRESS
460090;460091;HAS_ADDRESS
460095;460096;HAS_ADDRESS
460100;460101;HAS_ADDRESS
460105;460106;HAS_ADDRESS
460110;460111;HAS_ADDRESS
460115;460116;HAS_ADDRESS
460120;460121;HAS_ADDRESS
460125;460126;HAS_ADDRESS
460130;460131;HAS_ADDRESS
460135;460136;HAS_ADDRESS
460140;460141;HAS_ADDRESS
460145;460146;HAS_ADDRESS
460150;460151;HAS_ADDRESS
460155;460156;HAS_ADDRESS
460160;460161;HAS_ADDRESS
460165;460166;HAS_ADDRESS
460170;460171;HAS_ADDRESS
460175;460176;HAS_ADDRESS
460180;460181;HAS_ADDRESS
460185;460186;HAS_ADDRESS
460190;460191;HAS_ADDRESS
460195;460196;HAS_ADDRESS
460200;460201;HAS_ADDRESS
460205;460206;HAS_ADDRESS
460210;460211;HAS_ADDRESS
460215;460216;HAS_ADDRESS
460220;460221;HAS_ADDRESS
460225;460226;HAS_ADDRESS
460230;460231;HAS_ADDRESS
460235;460236;HAS_ADDRESS
460240;460241;HAS_ADDRESS
460245;460246;HAS_ADDRESS
460250;460251;HAS_ADDRESS
460255;460256;HAS_ADDRESS
460260;460261;HAS_ADDRESS
460265;460266;HAS_ADDRESS
460270;460271;HAS_ADDRESS
460275;460276;HAS_ADDRESS
460280;460281;HAS_ADDRESS
460285;460286;HAS_ADDRESS
460290;460291;HAS_ADDRESS
460295;460296;HAS_ADDRESS
460300;460301;HAS_ADDRESS
460305;460306;HAS_ADDRESS
460310;460311;HAS_ADDRESS
460315;460316;HAS_ADDRESS
460320;460321;HAS_ADDRESS
460325;460326;HAS_ADDRESS
460330;460331;HAS_ADDRESS
460335;460336;HAS_ADDRESS
460340;460341;HAS_ADDRESS
460345;460346;HAS_ADDRESS
460350;460351;HAS_ADDRESS
460355;460356;HAS_ADDRESS
460360;460361;HAS_ADDRESS
460365;460366;HAS_ADDRESS
460370;460371;HAS_ADDRESS
460375;460376;HAS_ADDRESS
460380;460381;HAS_ADDRESS
460385;460386;HAS_ADDRESS
460390;460391;HAS_ADDRESS
460395;460396;HAS_ADDRESS
460400;460401;HAS_ADDRESS
460405;460406;HAS_ADDRESS
460410;460411;HAS_ADDRESS
460415;460416;HAS_ADDRESS
460420;460421;HAS_ADDRESS
460425;460426;HAS_ADDRESS
460430;460431;HAS_ADDRESS
460435;460436;HAS_ADDRESS
460440;460441;HAS_ADDRESS
460445;460446;HAS_ADDRESS
460450;460451;HAS_ADDRESS
460455;460456;HAS_ADDRESS
460460;460461;HAS_ADDRESS
460465;460466;HAS_ADDRESS
460470;460471;HAS_ADDRESS
460475;460476;HAS_ADDRESS
460480;460481;HAS_ADDRESS
460485;460486;HAS_ADDRESS
460490;460491;HAS_ADDRESS
460495;460496;HAS_ADDRESS
460500;460501;HAS_ADDRESS
460505;460506;HAS_ADDRESS
460510;460511;HAS_ADDRESS
460515;460516;HAS_ADDRESS
460520;460521;HAS_ADDRESS
460525;460526;HAS_ADDRESS
460530;460531;HAS_ADDRESS
460535;460536;HAS_ADDRESS
460540;460541;HAS_ADDRESS
460545;460546;HAS_ADDRESS
460550;460551;HAS_ADDRESS
460555;460556;HAS_ADDRESS
460560;460561;HAS_ADDRESS
460565;460566;HAS_ADDRESS
460570;460571;HAS_ADDRESS
460575;460576;HAS_ADDRESS
460580;460581;HAS_ADDRESS
460585;460586;HAS_ADDRESS
460590;460591;HAS_ADDRESS
460595;460596;HAS_ADDRESS
460600;460601;HAS_ADDRESS
460605;460606;HAS_ADDRESS
460610;460611;HAS_ADDRESS
460615;460616;HAS_ADDRESS
460620;460621;HAS_ADDRESS
460625;460626;HAS_ADDRESS
460630;460631;HAS_ADDRESS
460635;460636;HAS_ADDRESS
460640;460641;HAS_ADDRESS
460645;460646;HAS_ADDRESS
460650;460651;HAS_ADDRESS
460655;460656;HAS_ADDRESS
460660;460661;HAS_ADDRESS
460665;460666;HAS_ADDRESS
460670;460671;HAS_ADDRESS
460675;460676;HAS_ADDRESS
460680;460681;HAS_ADDRESS
460685;460686;HAS_ADDRESS
460690;460691;HAS_ADDRESS
460695;460696;HAS_ADDRESS
460700;460701;HAS_ADDRESS
460705;460706;HAS_ADDRESS
460710;460711;HAS_ADDRESS
460715;460716;HAS_ADDRESS
460720;460721;HAS_ADDRESS
460725;460726;HAS_ADDRESS
460730;460731;HAS_ADDRESS
460735;460736;HAS_ADDRESS
460740;460741;HAS_ADDRESS
460745;460746;HAS_ADDRESS
460750;460751;HAS_ADDRESS
460755;460756;HAS_ADDRESS
460760;460761;HAS_ADDRESS
460765;460766;HAS_ADDRESS
460770;460771;HAS_ADDRESS
460775;460776;HAS_ADDRESS
460780;460781;HAS_ADDRESS
460785;460786;HAS_ADDRESS
460790;460791;HAS_ADDRESS
460795;460796;HAS_ADDRESS
460800;460801;HAS_ADDRESS
460805;460806;HAS_ADDRESS
460810;460811;HAS_ADDRESS
460815;460816;HAS_ADDRESS
460820;460821;HAS_ADDRESS
460825;460826;HAS_ADDRESS
460830;460831;HAS_ADDRESS
460835;460836;HAS_ADDRESS
460840;460841;HAS_ADDRESS
460845;460846;HAS_ADDRESS
460850;460851;HAS_ADDRESS
460855;460856;HAS_ADDRESS
460860;460861;HAS_ADDRESS
460865;460866;HAS_ADDRESS
460870;460871;HAS_ADDRESS
460875;460876;HAS_ADDRESS
460880;460881;HAS_ADDRESS
460885;460886;HAS_ADDRESS
460890;460891;HAS_ADDRESS
460895;460896;HAS_ADDRESS
460900;460901;HAS_ADDRESS
460905;460906;HAS_ADDRESS
460910;460911;HAS_ADDRESS
460915;460916;HAS_ADDRESS
460920;460921;HAS_ADDRESS
460925;460926;HAS_ADDRESS
460930;460931;HAS_ADDRESS
460935;460936;HAS_ADDRESS
460940;460941;HAS_ADDRESS
460945;460946;HAS_ADDRESS
460950;460951;HAS_ADDRESS
460955;460956;HAS_ADDRESS
460960;460961;HAS_ADDRESS
460965;460966;HAS_ADDRESS
460970;460971;HAS_ADDRESS
460975;460976;HAS_ADDRESS
460980;460981;HAS_ADDRESS
460985;460986;HAS_ADDRESS
460990;460991;HAS_ADDRESS
460995;460996;HAS_ADDRESS
461000;461001;HAS_ADDRESS
461005;461006;HAS_ADDRESS
461010;461011;HAS_ADDRESS
461015;461016;HAS_ADDRESS
461020;461021;HAS_ADDRESS
461025;461026;HAS_ADDRESS
461030;461031;HAS_ADDRESS
461035;461036;HAS_ADDRESS
461040;461041;HAS_ADDRESS
461045;461046;HAS_ADDRESS
461050;461051;HAS_ADDRESS
461055;461056;HAS_ADDRESS
461060;461061;HAS_ADDRESS
461065;461066;HAS_ADDRESS
461070;461071;HAS_ADDRESS
461075;461076;HAS_ADDRESS
461080;461081;HAS_ADDRESS
461085;461086;HAS_ADDRESS
461090;461091;HAS_ADDRESS
461095;461096;HAS_ADDRESS
461100;461101;HAS_ADDRESS
461105;461106;HAS_ADDRESS
461110;461111;HAS_ADDRESS
461115;461116;HAS_ADDRESS
461120;461121;HAS_ADDRESS
461125;461126;HAS_ADDRESS
461130;461131;HAS_ADDRESS
461135;461136;HAS_ADDRESS
461140;461141;HAS_ADDRESS
461145;461146;HAS_ADDRESS
461150;461151;HAS_ADDRESS
461155;461156;HAS_ADDRESS
461160;461161;HAS_ADDRESS
461165;461166;HAS_ADDRESS
461170;461171;HAS_ADDRESS
461175;461176;HAS_ADDRESS
461180;461181;HAS_ADDRESS
461185;461186;HAS_ADDRESS
461190;461191;HAS_ADDRESS
461195;461196;HAS_ADDRESS
461200;461201;HAS_ADDRESS
461205;461206;HAS_ADDRESS
461210;461211;HAS_ADDRESS
461215;461216;HAS_ADDRESS
461220;461221;HAS_ADDRESS
461225;461226;HAS_ADDRESS
461230;461231;HAS_ADDRESS
461235;461236;HAS_ADDRESS
461240;461241;HAS_ADDRESS
461245;461246;HAS_ADDRESS
461250;461251;HAS_ADDRESS
461255;461256;HAS_ADDRESS
461260;461261;HAS_ADDRESS
461265;461266;HAS_ADDRESS
461270;461271;HAS_ADDRESS
461275;461276;HAS_ADDRESS
461280;461281;HAS_ADDRESS
461285;461286;HAS_ADDRESS
461290;461291;HAS_ADDRESS
461295;461296;HAS_ADDRESS
461300;461301;HAS_ADDRESS
461305;461306;HAS_ADDRESS
461310;461311;HAS_ADDRESS
461315;461316;HAS_ADDRESS
461320;461321;HAS_ADDRESS
461325;461326;HAS_ADDRESS
461330;461331;HAS_ADDRESS
461335;461336;HAS_ADDRESS
461340;461341;HAS_ADDRESS
461345;461346;HAS_ADDRESS
461350;461351;HAS_ADDRESS
461355;461356;HAS_ADDRESS
461360;461361;HAS_ADDRESS
461365;461366;HAS_ADDRESS
461370;461371;HAS_ADDRESS
461375;461376;HAS_ADDRESS
461380;461381;HAS_ADDRESS
461385;461386;HAS_ADDRESS
461390;461391;HAS_ADDRESS
461395;461396;HAS_ADDRESS
461400;461401;HAS_ADDRESS
461405;461406;HAS_ADDRESS
461410;461411;HAS_ADDRESS
461415;461416;HAS_ADDRESS
461420;461421;HAS_ADDRESS
461425;461426;HAS_ADDRESS
461430;461431;HAS_ADDRESS
461435;461436;HAS_ADDRESS
461440;461441;HAS_ADDRESS
461445;461446;HAS_ADDRESS
461450;461451;HAS_ADDRESS
461455;461456;HAS_ADDRESS
461460;461461;HAS_ADDRESS
461465;461466;HAS_ADDRESS
461470;461471;HAS_ADDRESS
461475;461476;HAS_ADDRESS
461480;461481;HAS_ADDRESS
461485;461486;HAS_ADDRESS
461490;461491;HAS_ADDRESS
461495;461496;HAS_ADDRESS
461500;461501;HAS_ADDRESS
461505;461506;HAS_ADDRESS
461510;461511;HAS_ADDRESS
461515;461516;HAS_ADDRESS
461520;461521;HAS_ADDRESS
461525;461526;HAS_ADDRESS
461530;461531;HAS_ADDRESS
461535;461536;HAS_ADDRESS
461540;461541;HAS_ADDRESS
461545;461546;HAS_ADDRESS
461550;461551;HAS_ADDRESS
461555;461556;HAS_ADDRESS
461560;461561;HAS_ADDRESS
461565;461566;HAS_ADDRESS
461570;461571;HAS_ADDRESS
461575;461576;HAS_ADDRESS
461580;461581;HAS_ADDRESS
461585;461586;HAS_ADDRESS
461590;461591;HAS_ADDRESS
461595;461596;HAS_ADDRESS
461600;461601;HAS_ADDRESS
461605;461606;HAS_ADDRESS
461610;461611;HAS_ADDRESS
461615;461616;HAS_ADDRESS
461620;461621;HAS_ADDRESS
461625;461626;HAS_ADDRESS
461630;461631;HAS_ADDRESS
461635;461636;HAS_ADDRESS
461640;461641;HAS_ADDRESS
461645;461646;HAS_ADDRESS
461650;461651;HAS_ADDRESS
461655;461656;HAS_ADDRESS
461660;461661;HAS_ADDRESS
461665;461666;HAS_ADDRESS
461670;461671;HAS_ADDRESS
461675;461676;HAS_ADDRESS
461680;461681;HAS_ADDRESS
461685;461686;HAS_ADDRESS
461690;461691;HAS_ADDRESS
461695;461696;HAS_ADDRESS
461700;461701;HAS_ADDRESS
461705;461706;HAS_ADDRESS
461710;461711;HAS_ADDRESS
461715;461716;HAS_ADDRESS
461720;461721;HAS_ADDRESS
461725;461726;HAS_ADDRESS
461730;461731;HAS_ADDRESS
461735;461736;HAS_ADDRESS
461740;461741;HAS_ADDRESS
461745;461746;HAS_ADDRESS
461750;461751;HAS_ADDRESS
461755;461756;HAS_ADDRESS
461760;461761;HAS_ADDRESS
461765;461766;HAS_ADDRESS
461770;461771;HAS_ADDRESS
461775;461776;HAS_ADDRESS
461780;461781;HAS_ADDRESS
461785;461786;HAS_ADDRESS
461790;461791;HAS_ADDRESS
461795;461796;HAS_ADDRESS
461800;461801;HAS_ADDRESS
461805;461806;HAS_ADDRESS
461810;461811;HAS_ADDRESS
461815;461816;HAS_ADDRESS
461820;461821;HAS_ADDRESS
461825;461826;HAS_ADDRESS
461830;461831;HAS_ADDRESS
461835;461836;HAS_ADDRESS
461840;461841;HAS_ADDRESS
461845;461846;HAS_ADDRESS
461850;461851;HAS_ADDRESS
461855;461856;HAS_ADDRESS
461860;461861;HAS_ADDRESS
461865;461866;HAS_ADDRESS
461870;461871;HAS_ADDRESS
461875;461876;HAS_ADDRESS
461880;461881;HAS_ADDRESS
461885;461886;HAS_ADDRESS
461890;461891;HAS_ADDRESS
461895;461896;HAS_ADDRESS
461900;461901;HAS_ADDRESS
461905;461906;HAS_ADDRESS
461910;461911;HAS_ADDRESS
461915;461916;HAS_ADDRESS
461920;461921;HAS_ADDRESS
461925;461926;HAS_ADDRESS
461930;461931;HAS_ADDRESS
461935;461936;HAS_ADDRESS
461940;461941;HAS_ADDRESS
461945;461946;HAS_ADDRESS
461950;461951;HAS_ADDRESS
461955;461956;HAS_ADDRESS
461960;461961;HAS_ADDRESS
461965;461966;HAS_ADDRESS
461970;461971;HAS_ADDRESS
461975;461976;HAS_ADDRESS
461980;461981;HAS_ADDRESS
461985;461986;HAS_ADDRESS
461990;461991;HAS_ADDRESS
461995;461996;HAS_ADDRESS
462000;462001;HAS_ADDRESS
462005;462006;HAS_ADDRESS
462010;462011;HAS_ADDRESS
462015;462016;HAS_ADDRESS
462020;462021;HAS_ADDRESS
462025;462026;HAS_ADDRESS
462030;462031;HAS_ADDRESS
462035;462036;HAS_ADDRESS
462040;462041;HAS_ADDRESS
462045;462046;HAS_ADDRESS
462050;462051;HAS_ADDRESS
462055;462056;HAS_ADDRESS
462060;462061;HAS_ADDRESS
462065;462066;HAS_ADDRESS
462070;462071;HAS_ADDRESS
462075;462076;HAS_ADDRESS
462080;462081;HAS_ADDRESS
462085;462086;HAS_ADDRESS
462090;462091;HAS_ADDRESS
462095;462096;HAS_ADDRESS
462100;462101;HAS_ADDRESS
462105;462106;HAS_ADDRESS
462110;462111;HAS_ADDRESS
462115;462116;HAS_ADDRESS
462120;462121;HAS_ADDRESS
462125;462126;HAS_ADDRESS
462130;462131;HAS_ADDRESS
462135;462136;HAS_ADDRESS
462140;462141;HAS_ADDRESS
462145;462146;HAS_ADDRESS
462150;462151;HAS_ADDRESS
462155;462156;HAS_ADDRESS
462160;462161;HAS_ADDRESS
462165;462166;HAS_ADDRESS
462170;462171;HAS_ADDRESS
462175;462176;HAS_ADDRESS
462180;462181;HAS_ADDRESS
462185;462186;HAS_ADDRESS
462190;462191;HAS_ADDRESS
462195;462196;HAS_ADDRESS
462200;462201;HAS_ADDRESS
462205;462206;HAS_ADDRESS
462210;462211;HAS_ADDRESS
462215;462216;HAS_ADDRESS
462220;462221;HAS_ADDRESS
462225;462226;HAS_ADDRESS
462230;462231;HAS_ADDRESS
462235;462236;HAS_ADDRESS
462240;462241;HAS_ADDRESS
462245;462246;HAS_ADDRESS
462250;462251;HAS_ADDRESS
462255;462256;HAS_ADDRESS
462260;462261;HAS_ADDRESS
462265;462266;HAS_ADDRESS
462270;462271;HAS_ADDRESS
462275;462276;HAS_ADDRESS
462280;462281;HAS_ADDRESS
462285;462286;HAS_ADDRESS
462290;462291;HAS_ADDRESS
462295;462296;HAS_ADDRESS
462300;462301;HAS_ADDRESS
462305;462306;HAS_ADDRESS
462310;462311;HAS_ADDRESS
462315;462316;HAS_ADDRESS
462320;462321;HAS_ADDRESS
462325;462326;HAS_ADDRESS
462330;462331;HAS_ADDRESS
462335;462336;HAS_ADDRESS
462340;462341;HAS_ADDRESS
462345;462346;HAS_ADDRESS
462350;462351;HAS_ADDRESS
462355;462356;HAS_ADDRESS
462360;462361;HAS_ADDRESS
462365;462366;HAS_ADDRESS
462370;462371;HAS_ADDRESS
462375;462376;HAS_ADDRESS
462380;462381;HAS_ADDRESS
462385;462386;HAS_ADDRESS
462390;462391;HAS_ADDRESS
462395;462396;HAS_ADDRESS
462400;462401;HAS_ADDRESS
462405;462406;HAS_ADDRESS
462410;462411;HAS_ADDRESS
462415;462416;HAS_ADDRESS
462420;462421;HAS_ADDRESS
462425;462426;HAS_ADDRESS
462430;462431;HAS_ADDRESS
462435;462436;HAS_ADDRESS
462440;462441;HAS_ADDRESS
462445;462446;HAS_ADDRESS
462450;462451;HAS_ADDRESS
462455;462456;HAS_ADDRESS
462460;462461;HAS_ADDRESS
462465;462466;HAS_ADDRESS
462470;462471;HAS_ADDRESS
462475;462476;HAS_ADDRESS
462480;462481;HAS_ADDRESS
462485;462486;HAS_ADDRESS
462490;462491;HAS_ADDRESS
462495;462496;HAS_ADDRESS
462500;462501;HAS_ADDRESS
462505;462506;HAS_ADDRESS
462510;462511;HAS_ADDRESS
462515;462516;HAS_ADDRESS
462520;462521;HAS_ADDRESS
462525;462526;HAS_ADDRESS
462530;462531;HAS_ADDRESS
462535;462536;HAS_ADDRESS
462540;462541;HAS_ADDRESS
462545;462546;HAS_ADDRESS
462550;462551;HAS_ADDRESS
462555;462556;HAS_ADDRESS
462560;462561;HAS_ADDRESS
462565;462566;HAS_ADDRESS
462570;462571;HAS_ADDRESS
462575;462576;HAS_ADDRESS
462580;462581;HAS_ADDRESS
462585;462586;HAS_ADDRESS
462590;462591;HAS_ADDRESS
462595;462596;HAS_ADDRESS
462600;462601;HAS_ADDRESS
462605;462606;HAS_ADDRESS
462610;462611;HAS_ADDRESS
462615;462616;HAS_ADDRESS
462620;462621;HAS_ADDRESS
462625;462626;HAS_ADDRESS
462630;462631;HAS_ADDRESS
462635;462636;HAS_ADDRESS
462640;462641;HAS_ADDRESS
462645;462646;HAS_ADDRESS
462650;462651;HAS_ADDRESS
462655;462656;HAS_ADDRESS
462660;462661;HAS_ADDRESS
462665;462666;HAS_ADDRESS
462670;462671;HAS_ADDRESS
462675;462676;HAS_ADDRESS
462680;462681;HAS_ADDRESS
462685;462686;HAS_ADDRESS
462690;462691;HAS_ADDRESS
462695;462696;HAS_ADDRESS
462700;462701;HAS_ADDRESS
462705;462706;HAS_ADDRESS
462710;462711;HAS_ADDRESS
462715;462716;HAS_ADDRESS
462720;462721;HAS_ADDRESS
462725;462726;HAS_ADDRESS
462730;462731;HAS_ADDRESS
462735;462736;HAS_ADDRESS
462740;462741;HAS_ADDRESS
462745;462746;HAS_ADDRESS
462750;462751;HAS_ADDRESS
462755;462756;HAS_ADDRESS
462760;462761;HAS_ADDRESS
462765;462766;HAS_ADDRESS
462770;462771;HAS_ADDRESS
462775;462776;HAS_ADDRESS
462780;462781;HAS_ADDRESS
462785;462786;HAS_ADDRESS
462790;462791;HAS_ADDRESS
462795;462796;HAS_ADDRESS
462800;462801;HAS_ADDRESS
462805;462806;HAS_ADDRESS
462810;462811;HAS_ADDRESS
462815;462816;HAS_ADDRESS
462820;462821;HAS_ADDRESS
462825;462826;HAS_ADDRESS
462830;462831;HAS_ADDRESS
462835;462836;HAS_ADDRESS
462840;462841;HAS_ADDRESS
462845;462846;HAS_ADDRESS
462850;462851;HAS_ADDRESS
462855;462856;HAS_ADDRESS
462860;462861;HAS_ADDRESS
462865;462866;HAS_ADDRESS
462870;462871;HAS_ADDRESS
462875;462876;HAS_ADDRESS
462880;462881;HAS_ADDRESS
462885;462886;HAS_ADDRESS
462890;462891;HAS_ADDRESS
462895;462896;HAS_ADDRESS
462900;462901;HAS_ADDRESS
462905;462906;HAS_ADDRESS
462910;462911;HAS_ADDRESS
462915;462916;HAS_ADDRESS
462920;462921;HAS_ADDRESS
462925;462926;HAS_ADDRESS
462930;462931;HAS_ADDRESS
462935;462936;HAS_ADDRESS
462940;462941;HAS_ADDRESS
462945;462946;HAS_ADDRESS
462950;462951;HAS_ADDRESS
462955;462956;HAS_ADDRESS
462960;462961;HAS_ADDRESS
462965;462966;HAS_ADDRESS
462970;462971;HAS_ADDRESS
462975;462976;HAS_ADDRESS
462980;462981;HAS_ADDRESS
462985;462986;HAS_ADDRESS
462990;462991;HAS_ADDRESS
462995;462996;HAS_ADDRESS
463000;463001;HAS_ADDRESS
463005;463006;HAS_ADDRESS
463010;463011;HAS_ADDRESS
463015;463016;HAS_ADDRESS
463020;463021;HAS_ADDRESS
463025;463026;HAS_ADDRESS
463030;463031;HAS_ADDRESS
463035;463036;HAS_ADDRESS
463040;463041;HAS_ADDRESS
463045;463046;HAS_ADDRESS
463050;463051;HAS_ADDRESS
463055;463056;HAS_ADDRESS
463060;463061;HAS_ADDRESS
463065;463066;HAS_ADDRESS
463070;463071;HAS_ADDRESS
463075;463076;HAS_ADDRESS
463080;463081;HAS_ADDRESS
463085;463086;HAS_ADDRESS
463090;463091;HAS_ADDRESS
463095;463096;HAS_ADDRESS
463100;463101;HAS_ADDRESS
463105;463106;HAS_ADDRESS
463110;463111;HAS_ADDRESS
463115;463116;HAS_ADDRESS
463120;463121;HAS_ADDRESS
463125;463126;HAS_ADDRESS
463130;463131;HAS_ADDRESS
463135;463136;HAS_ADDRESS
463140;463141;HAS_ADDRESS
463145;463146;HAS_ADDRESS
463150;463151;HAS_ADDRESS
463155;463156;HAS_ADDRESS
463160;463161;HAS_ADDRESS
463165;463166;HAS_ADDRESS
463170;463171;HAS_ADDRESS
463175;463176;HAS_ADDRESS
463180;463181;HAS_ADDRESS
463185;463186;HAS_ADDRESS
463190;463191;HAS_ADDRESS
463195;463196;HAS_ADDRESS
463200;463201;HAS_ADDRESS
463205;463206;HAS_ADDRESS
463210;463211;HAS_ADDRESS
463215;463216;HAS_ADDRESS
463220;463221;HAS_ADDRESS
463225;463226;HAS_ADDRESS
463230;463231;HAS_ADDRESS
463235;463236;HAS_ADDRESS
463240;463241;HAS_ADDRESS
463245;463246;HAS_ADDRESS
463250;463251;HAS_ADDRESS
463255;463256;HAS_ADDRESS
463260;463261;HAS_ADDRESS
463265;463266;HAS_ADDRESS
463270;463271;HAS_ADDRESS
463275;463276;HAS_ADDRESS
463280;463281;HAS_ADDRESS
463285;463286;HAS_ADDRESS
463290;463291;HAS_ADDRESS
463295;463296;HAS_ADDRESS
463300;463301;HAS_ADDRESS
463305;463306;HAS_ADDRESS
463310;463311;HAS_ADDRESS
463315;463316;HAS_ADDRESS
463320;463321;HAS_ADDRESS
463325;463326;HAS_ADDRESS
463330;463331;HAS_ADDRESS
463335;463336;HAS_ADDRESS
463340;463341;HAS_ADDRESS
463345;463346;HAS_ADDRESS
463350;463351;HAS_ADDRESS
463355;463356;HAS_ADDRESS
463360;463361;HAS_ADDRESS
463365;463366;HAS_ADDRESS
463370;463371;HAS_ADDRESS
463375;463376;HAS_ADDRESS
463380;463381;HAS_ADDRESS
463385;463386;HAS_ADDRESS
463390;463391;HAS_ADDRESS
463395;463396;HAS_ADDRESS
463400;463401;HAS_ADDRESS
463405;463406;HAS_ADDRESS
463410;463411;HAS_ADDRESS
463415;463416;HAS_ADDRESS
463420;463421;HAS_ADDRESS
463425;463426;HAS_ADDRESS
463430;463431;HAS_ADDRESS
463435;463436;HAS_ADDRESS
463440;463441;HAS_ADDRESS
463445;463446;HAS_ADDRESS
463450;463451;HAS_ADDRESS
463455;463456;HAS_ADDRESS
463460;463461;HAS_ADDRESS
463465;463466;HAS_ADDRESS
463470;463471;HAS_ADDRESS
463475;463476;HAS_ADDRESS
463480;463481;HAS_ADDRESS
463485;463486;HAS_ADDRESS
463490;463491;HAS_ADDRESS
463495;463496;HAS_ADDRESS
463500;463501;HAS_ADDRESS
463505;463506;HAS_ADDRESS
463510;463511;HAS_ADDRESS
463515;463516;HAS_ADDRESS
463520;463521;HAS_ADDRESS
463525;463526;HAS_ADDRESS
463530;463531;HAS_ADDRESS
463535;463536;HAS_ADDRESS
463540;463541;HAS_ADDRESS
463545;463546;HAS_ADDRESS
463550;463551;HAS_ADDRESS
463555;463556;HAS_ADDRESS
463560;463561;HAS_ADDRESS
463565;463566;HAS_ADDRESS
463570;463571;HAS_ADDRESS
463575;463576;HAS_ADDRESS
463580;463581;HAS_ADDRESS
463585;463586;HAS_ADDRESS
463590;463591;HAS_ADDRESS
463595;463596;HAS_ADDRESS
463600;463601;HAS_ADDRESS
463605;463606;HAS_ADDRESS
463610;463611;HAS_ADDRESS
463615;463616;HAS_ADDRESS
463620;463621;HAS_ADDRESS
463625;463626;HAS_ADDRESS
463630;463631;HAS_ADDRESS
463635;463636;HAS_ADDRESS
463640;463641;HAS_ADDRESS
463645;463646;HAS_ADDRESS
463650;463651;HAS_ADDRESS
463655;463656;HAS_ADDRESS
463660;463661;HAS_ADDRESS
463665;463666;HAS_ADDRESS
463670;463671;HAS_ADDRESS
463675;463676;HAS_ADDRESS
463680;463681;HAS_ADDRESS
463685;463686;HAS_ADDRESS
463690;463691;HAS_ADDRESS
463695;463696;HAS_ADDRESS
463700;463701;HAS_ADDRESS
463705;463706;HAS_ADDRESS
463710;463711;HAS_ADDRESS
463715;463716;HAS_ADDRESS
463720;463721;HAS_ADDRESS
463725;463726;HAS_ADDRESS
463730;463731;HAS_ADDRESS
463735;463736;HAS_ADDRESS
463740;463741;HAS_ADDRESS
463745;463746;HAS_ADDRESS
463750;463751;HAS_ADDRESS
463755;463756;HAS_ADDRESS
463760;463761;HAS_ADDRESS
463765;463766;HAS_ADDRESS
463770;463771;HAS_ADDRESS
463775;463776;HAS_ADDRESS
463780;463781;HAS_ADDRESS
463785;463786;HAS_ADDRESS
463790;463791;HAS_ADDRESS
463795;463796;HAS_ADDRESS
463800;463801;HAS_ADDRESS
463805;463806;HAS_ADDRESS
463810;463811;HAS_ADDRESS
463815;463816;HAS_ADDRESS
463820;463821;HAS_ADDRESS
463825;463826;HAS_ADDRESS
463830;463831;HAS_ADDRESS
463835;463836;HAS_ADDRESS
463840;463841;HAS_ADDRESS
463845;463846;HAS_ADDRESS
463850;463851;HAS_ADDRESS
463855;463856;HAS_ADDRESS
463860;463861;HAS_ADDRESS
463865;463866;HAS_ADDRESS
463870;463871;HAS_ADDRESS
463875;463876;HAS_ADDRESS
463880;463881;HAS_ADDRESS
463885;463886;HAS_ADDRESS
463890;463891;HAS_ADDRESS
463895;463896;HAS_ADDRESS
463900;463901;HAS_ADDRESS
463905;463906;HAS_ADDRESS
463910;463911;HAS_ADDRESS
463915;463916;HAS_ADDRESS
463920;463921;HAS_ADDRESS
463925;463926;HAS_ADDRESS
463930;463931;HAS_ADDRESS
463935;463936;HAS_ADDRESS
463940;463941;HAS_ADDRESS
463945;463946;HAS_ADDRESS
463950;463951;HAS_ADDRESS
463955;463956;HAS_ADDRESS
463960;463961;HAS_ADDRESS
463965;463966;HAS_ADDRESS
463970;463971;HAS_ADDRESS
463975;463976;HAS_ADDRESS
463980;463981;HAS_ADDRESS
463985;463986;HAS_ADDRESS
463990;463991;HAS_ADDRESS
463995;463996;HAS_ADDRESS
464000;464001;HAS_ADDRESS
464005;464006;HAS_ADDRESS
464010;464011;HAS_ADDRESS
464015;464016;HAS_ADDRESS
464020;464021;HAS_ADDRESS
464025;464026;HAS_ADDRESS
464030;464031;HAS_ADDRESS
464035;464036;HAS_ADDRESS
464040;464041;HAS_ADDRESS
464045;464046;HAS_ADDRESS
464050;464051;HAS_ADDRESS
464055;464056;HAS_ADDRESS
464060;464061;HAS_ADDRESS
464065;464066;HAS_ADDRESS
464070;464071;HAS_ADDRESS
464075;464076;HAS_ADDRESS
464080;464081;HAS_ADDRESS
464085;464086;HAS_ADDRESS
464090;464091;HAS_ADDRESS
464095;464096;HAS_ADDRESS
464100;464101;HAS_ADDRESS
464105;464106;HAS_ADDRESS
464110;464111;HAS_ADDRESS
464115;464116;HAS_ADDRESS
464120;464121;HAS_ADDRESS
464125;464126;HAS_ADDRESS
464130;464131;HAS_ADDRESS
464135;464136;HAS_ADDRESS
464140;464141;HAS_ADDRESS
464145;464146;HAS_ADDRESS
464150;464151;HAS_ADDRESS
464155;464156;HAS_ADDRESS
464160;464161;HAS_ADDRESS
464165;464166;HAS_ADDRESS
464170;464171;HAS_ADDRESS
464175;464176;HAS_ADDRESS
464180;464181;HAS_ADDRESS
464185;464186;HAS_ADDRESS
464190;464191;HAS_ADDRESS
464195;464196;HAS_ADDRESS
464200;464201;HAS_ADDRESS
464205;464206;HAS_ADDRESS
464210;464211;HAS_ADDRESS
464215;464216;HAS_ADDRESS
464220;464221;HAS_ADDRESS
464225;464226;HAS_ADDRESS
464230;464231;HAS_ADDRESS
464235;464236;HAS_ADDRESS
464240;464241;HAS_ADDRESS
464245;464246;HAS_ADDRESS
464250;464251;HAS_ADDRESS
464255;464256;HAS_ADDRESS
464260;464261;HAS_ADDRESS
464265;464266;HAS_ADDRESS
464270;464271;HAS_ADDRESS
464275;464276;HAS_ADDRESS
464280;464281;HAS_ADDRESS
464285;464286;HAS_ADDRESS
464290;464291;HAS_ADDRESS
464295;464296;HAS_ADDRESS
464300;464301;HAS_ADDRESS
464305;464306;HAS_ADDRESS
464310;464311;HAS_ADDRESS
464315;464316;HAS_ADDRESS
464320;464321;HAS_ADDRESS
464325;464326;HAS_ADDRESS
464330;464331;HAS_ADDRESS
464335;464336;HAS_ADDRESS
464340;464341;HAS_ADDRESS
464345;464346;HAS_ADDRESS
464350;464351;HAS_ADDRESS
464355;464356;HAS_ADDRESS
464360;464361;HAS_ADDRESS
464365;464366;HAS_ADDRESS
464370;464371;HAS_ADDRESS
464375;464376;HAS_ADDRESS
464380;464381;HAS_ADDRESS
464385;464386;HAS_ADDRESS
464390;464391;HAS_ADDRESS
464395;464396;HAS_ADDRESS
464400;464401;HAS_ADDRESS
464405;464406;HAS_ADDRESS
464410;464411;HAS_ADDRESS
464415;464416;HAS_ADDRESS
464420;464421;HAS_ADDRESS
464425;464426;HAS_ADDRESS
464430;464431;HAS_ADDRESS
464435;464436;HAS_ADDRESS
464440;464441;HAS_ADDRESS
464445;464446;HAS_ADDRESS
464450;464451;HAS_ADDRESS
464455;464456;HAS_ADDRESS
464460;464461;HAS_ADDRESS
464465;464466;HAS_ADDRESS
464470;464471;HAS_ADDRESS
464475;464476;HAS_ADDRESS
464480;464481;HAS_ADDRESS
464485;464486;HAS_ADDRESS
464490;464491;HAS_ADDRESS
464495;464496;HAS_ADDRESS
464500;464501;HAS_ADDRESS
464505;464506;HAS_ADDRESS
464510;464511;HAS_ADDRESS
464515;464516;HAS_ADDRESS
464520;464521;HAS_ADDRESS
464525;464526;HAS_ADDRESS
464530;464531;HAS_ADDRESS
464535;464536;HAS_ADDRESS
464540;464541;HAS_ADDRESS
464545;464546;HAS_ADDRESS
464550;464551;HAS_ADDRESS
464555;464556;HAS_ADDRESS
464560;464561;HAS_ADDRESS
464565;464566;HAS_ADDRESS
464570;464571;HAS_ADDRESS
464575;464576;HAS_ADDRESS
464580;464581;HAS_ADDRESS
464585;464586;HAS_ADDRESS
464590;464591;HAS_ADDRESS
464595;464596;HAS_ADDRESS
464600;464601;HAS_ADDRESS
464605;464606;HAS_ADDRESS
464610;464611;HAS_ADDRESS
464615;464616;HAS_ADDRESS
464620;464621;HAS_ADDRESS
464625;464626;HAS_ADDRESS
464630;464631;HAS_ADDRESS
464635;464636;HAS_ADDRESS
464640;464641;HAS_ADDRESS
464645;464646;HAS_ADDRESS
464650;464651;HAS_ADDRESS
464655;464656;HAS_ADDRESS
464660;464661;HAS_ADDRESS
464665;464666;HAS_ADDRESS
464670;464671;HAS_ADDRESS
464675;464676;HAS_ADDRESS
464680;464681;HAS_ADDRESS
464685;464686;HAS_ADDRESS
464690;464691;HAS_ADDRESS
464695;464696;HAS_ADDRESS
464700;464701;HAS_ADDRESS
464705;464706;HAS_ADDRESS
464710;464711;HAS_ADDRESS
464715;464716;HAS_ADDRESS
464720;464721;HAS_ADDRESS
464725;464726;HAS_ADDRESS
464730;464731;HAS_ADDRESS
464735;464736;HAS_ADDRESS
464740;464741;HAS_ADDRESS
464745;464746;HAS_ADDRESS
464750;464751;HAS_ADDRESS
464755;464756;HAS_ADDRESS
464760;464761;HAS_ADDRESS
464765;464766;HAS_ADDRESS
464770;464771;HAS_ADDRESS
464775;464776;HAS_ADDRESS
464780;464781;HAS_ADDRESS
464785;464786;HAS_ADDRESS
464790;464791;HAS_ADDRESS
464795;464796;HAS_ADDRESS
464800;464801;HAS_ADDRESS
464805;464806;HAS_ADDRESS
464810;464811;HAS_ADDRESS
464815;464816;HAS_ADDRESS
464820;464821;HAS_ADDRESS
464825;464826;HAS_ADDRESS
464830;464831;HAS_ADDRESS
464835;464836;HAS_ADDRESS
464840;464841;HAS_ADDRESS
464845;464846;HAS_ADDRESS
464850;464851;HAS_ADDRESS
464855;464856;HAS_ADDRESS
464860;464861;HAS_ADDRESS
464865;464866;HAS_ADDRESS
464870;464871;HAS_ADDRESS
464875;464876;HAS_ADDRESS
464880;464881;HAS_ADDRESS
464885;464886;HAS_ADDRESS
464890;464891;HAS_ADDRESS
464895;464896;HAS_ADDRESS
464900;464901;HAS_ADDRESS
464905;464906;HAS_ADDRESS
464910;464911;HAS_ADDRESS
464915;464916;HAS_ADDRESS
464920;464921;HAS_ADDRESS
464925;464926;HAS_ADDRESS
464930;464931;HAS_ADDRESS
464935;464936;HAS_ADDRESS
464940;464941;HAS_ADDRESS
464945;464946;HAS_ADDRESS
464950;464951;HAS_ADDRESS
464955;464956;HAS_ADDRESS
464960;464961;HAS_ADDRESS
464965;464966;HAS_ADDRESS
464970;464971;HAS_ADDRESS
464975;464976;HAS_ADDRESS
464980;464981;HAS_ADDRESS
464985;464986;HAS_ADDRESS
464990;464991;HAS_ADDRESS
464995;464996;HAS_ADDRESS
465000;465001;HAS_ADDRESS
465005;465006;HAS_ADDRESS
465010;465011;HAS_ADDRESS
465015;465016;HAS_ADDRESS
465020;465021;HAS_ADDRESS
465025;465026;HAS_ADDRESS
465030;465031;HAS_ADDRESS
465035;465036;HAS_ADDRESS
465040;465041;HAS_ADDRESS
465045;465046;HAS_ADDRESS
465050;465051;HAS_ADDRESS
465055;465056;HAS_ADDRESS
465060;465061;HAS_ADDRESS
465065;465066;HAS_ADDRESS
465070;465071;HAS_ADDRESS
465075;465076;HAS_ADDRESS
465080;465081;HAS_ADDRESS
465085;465086;HAS_ADDRESS
465090;465091;HAS_ADDRESS
465095;465096;HAS_ADDRESS
465100;465101;HAS_ADDRESS
465105;465106;HAS_ADDRESS
465110;465111;HAS_ADDRESS
465115;465116;HAS_ADDRESS
465120;465121;HAS_ADDRESS
465125;465126;HAS_ADDRESS
465130;465131;HAS_ADDRESS
465135;465136;HAS_ADDRESS
465140;465141;HAS_ADDRESS
465145;465146;HAS_ADDRESS
465150;465151;HAS_ADDRESS
465155;465156;HAS_ADDRESS
465160;465161;HAS_ADDRESS
465165;465166;HAS_ADDRESS
465170;465171;HAS_ADDRESS
465175;465176;HAS_ADDRESS
465180;465181;HAS_ADDRESS
465185;465186;HAS_ADDRESS
465190;465191;HAS_ADDRESS
465195;465196;HAS_ADDRESS
465200;465201;HAS_ADDRESS
465205;465206;HAS_ADDRESS
465210;465211;HAS_ADDRESS
465215;465216;HAS_ADDRESS
465220;465221;HAS_ADDRESS
465225;465226;HAS_ADDRESS
465230;465231;HAS_ADDRESS
465235;465236;HAS_ADDRESS
465240;465241;HAS_ADDRESS
465245;465246;HAS_ADDRESS
465250;465251;HAS_ADDRESS
465255;465256;HAS_ADDRESS
465260;465261;HAS_ADDRESS
465265;465266;HAS_ADDRESS
465270;465271;HAS_ADDRESS
465275;465276;HAS_ADDRESS
465280;465281;HAS_ADDRESS
465285;465286;HAS_ADDRESS
465290;465291;HAS_ADDRESS
465295;465296;HAS_ADDRESS
465300;465301;HAS_ADDRESS
465305;465306;HAS_ADDRESS
465310;465311;HAS_ADDRESS
465315;465316;HAS_ADDRESS
465320;465321;HAS_ADDRESS
465325;465326;HAS_ADDRESS
465330;465331;HAS_ADDRESS
465335;465336;HAS_ADDRESS
465340;465341;HAS_ADDRESS
465345;465346;HAS_ADDRESS
465350;465351;HAS_ADDRESS
465355;465356;HAS_ADDRESS
465360;465361;HAS_ADDRESS
465365;465366;HAS_ADDRESS
465370;465371;HAS_ADDRESS
465375;465376;HAS_ADDRESS
465380;465381;HAS_ADDRESS
465385;465386;HAS_ADDRESS
465390;465391;HAS_ADDRESS
465395;465396;HAS_ADDRESS
465400;465401;HAS_ADDRESS
465405;465406;HAS_ADDRESS
465410;465411;HAS_ADDRESS
465415;465416;HAS_ADDRESS
465420;465421;HAS_ADDRESS
465425;465426;HAS_ADDRESS
465430;465431;HAS_ADDRESS
465435;465436;HAS_ADDRESS
465440;465441;HAS_ADDRESS
465445;465446;HAS_ADDRESS
465450;465451;HAS_ADDRESS
465455;465456;HAS_ADDRESS
465460;465461;HAS_ADDRESS
465465;465466;HAS_ADDRESS
465470;465471;HAS_ADDRESS
465475;465476;HAS_ADDRESS
465480;465481;HAS_ADDRESS
465485;465486;HAS_ADDRESS
465490;465491;HAS_ADDRESS
465495;465496;HAS_ADDRESS
465500;465501;HAS_ADDRESS
465505;465506;HAS_ADDRESS
465510;465511;HAS_ADDRESS
465515;465516;HAS_ADDRESS
465520;465521;HAS_ADDRESS
465525;465526;HAS_ADDRESS
465530;465531;HAS_ADDRESS
465535;465536;HAS_ADDRESS
465540;465541;HAS_ADDRESS
465545;465546;HAS_ADDRESS
465550;465551;HAS_ADDRESS
465555;465556;HAS_ADDRESS
465560;465561;HAS_ADDRESS
465565;465566;HAS_ADDRESS
465570;465571;HAS_ADDRESS
465575;465576;HAS_ADDRESS
465580;465581;HAS_ADDRESS
465585;465586;HAS_ADDRESS
465590;465591;HAS_ADDRESS
465595;465596;HAS_ADDRESS
465600;465601;HAS_ADDRESS
465605;465606;HAS_ADDRESS
465610;465611;HAS_ADDRESS
465615;465616;HAS_ADDRESS
465620;465621;HAS_ADDRESS
465625;465626;HAS_ADDRESS
465630;465631;HAS_ADDRESS
465635;465636;HAS_ADDRESS
465640;465641;HAS_ADDRESS
465645;465646;HAS_ADDRESS
465650;465651;HAS_ADDRESS
465655;465656;HAS_ADDRESS
465660;465661;HAS_ADDRESS
465665;465666;HAS_ADDRESS
465670;465671;HAS_ADDRESS
465675;465676;HAS_ADDRESS
465680;465681;HAS_ADDRESS
465685;465686;HAS_ADDRESS
465690;465691;HAS_ADDRESS
465695;465696;HAS_ADDRESS
465700;465701;HAS_ADDRESS
465705;465706;HAS_ADDRESS
465710;465711;HAS_ADDRESS
465715;465716;HAS_ADDRESS
465720;465721;HAS_ADDRESS
465725;465726;HAS_ADDRESS
465730;465731;HAS_ADDRESS
465735;465736;HAS_ADDRESS
465740;465741;HAS_ADDRESS
465745;465746;HAS_ADDRESS
465750;465751;HAS_ADDRESS
465755;465756;HAS_ADDRESS
465760;465761;HAS_ADDRESS
465765;465766;HAS_ADDRESS
465770;465771;HAS_ADDRESS
465775;465776;HAS_ADDRESS
465780;465781;HAS_ADDRESS
465785;465786;HAS_ADDRESS
465790;465791;HAS_ADDRESS
465795;465796;HAS_ADDRESS
465800;465801;HAS_ADDRESS
465805;465806;HAS_ADDRESS
465810;465811;HAS_ADDRESS
465815;465816;HAS_ADDRESS
465820;465821;HAS_ADDRESS
465825;465826;HAS_ADDRESS
465830;465831;HAS_ADDRESS
465835;465836;HAS_ADDRESS
465840;465841;HAS_ADDRESS
465845;465846;HAS_ADDRESS
465850;465851;HAS_ADDRESS
465855;465856;HAS_ADDRESS
465860;465861;HAS_ADDRESS
465865;465866;HAS_ADDRESS
465870;465871;HAS_ADDRESS
465875;465876;HAS_ADDRESS
465880;465881;HAS_ADDRESS
465885;465886;HAS_ADDRESS
465890;465891;HAS_ADDRESS
465895;465896;HAS_ADDRESS
465900;465901;HAS_ADDRESS
465905;465906;HAS_ADDRESS
465910;465911;HAS_ADDRESS
465915;465916;HAS_ADDRESS
465920;465921;HAS_ADDRESS
465925;465926;HAS_ADDRESS
465930;465931;HAS_ADDRESS
465935;465936;HAS_ADDRESS
465940;465941;HAS_ADDRESS
465945;465946;HAS_ADDRESS
465950;465951;HAS_ADDRESS
465955;465956;HAS_ADDRESS
465960;465961;HAS_ADDRESS
465965;465966;HAS_ADDRESS
465970;465971;HAS_ADDRESS
465975;465976;HAS_ADDRESS
465980;465981;HAS_ADDRESS
465985;465986;HAS_ADDRESS
465990;465991;HAS_ADDRESS
465995;465996;HAS_ADDRESS
466000;466001;HAS_ADDRESS
466005;466006;HAS_ADDRESS
466010;466011;HAS_ADDRESS
466015;466016;HAS_ADDRESS
466020;466021;HAS_ADDRESS
466025;466026;HAS_ADDRESS
466030;466031;HAS_ADDRESS
466035;466036;HAS_ADDRESS
466040;466041;HAS_ADDRESS
466045;466046;HAS_ADDRESS
466050;466051;HAS_ADDRESS
466055;466056;HAS_ADDRESS
466060;466061;HAS_ADDRESS
466065;466066;HAS_ADDRESS
466070;466071;HAS_ADDRESS
466075;466076;HAS_ADDRESS
466080;466081;HAS_ADDRESS
466085;466086;HAS_ADDRESS
466090;466091;HAS_ADDRESS
466095;466096;HAS_ADDRESS
466100;466101;HAS_ADDRESS
466105;466106;HAS_ADDRESS
466110;466111;HAS_ADDRESS
466115;466116;HAS_ADDRESS
466120;466121;HAS_ADDRESS
466125;466126;HAS_ADDRESS
466130;466131;HAS_ADDRESS
466135;466136;HAS_ADDRESS
466140;466141;HAS_ADDRESS
466145;466146;HAS_ADDRESS
466150;466151;HAS_ADDRESS
466155;466156;HAS_ADDRESS
466160;466161;HAS_ADDRESS
466165;466166;HAS_ADDRESS
466170;466171;HAS_ADDRESS
466175;466176;HAS_ADDRESS
466180;466181;HAS_ADDRESS
466185;466186;HAS_ADDRESS
466190;466191;HAS_ADDRESS
466195;466196;HAS_ADDRESS
466200;466201;HAS_ADDRESS
466205;466206;HAS_ADDRESS
466210;466211;HAS_ADDRESS
466215;466216;HAS_ADDRESS
466220;466221;HAS_ADDRESS
466225;466226;HAS_ADDRESS
466230;466231;HAS_ADDRESS
466235;466236;HAS_ADDRESS
466240;466241;HAS_ADDRESS
466245;466246;HAS_ADDRESS
466250;466251;HAS_ADDRESS
466255;466256;HAS_ADDRESS
466260;466261;HAS_ADDRESS
466265;466266;HAS_ADDRESS
466270;466271;HAS_ADDRESS
466275;466276;HAS_ADDRESS
466280;466281;HAS_ADDRESS
466285;466286;HAS_ADDRESS
466290;466291;HAS_ADDRESS
466295;466296;HAS_ADDRESS
466300;466301;HAS_ADDRESS
466305;466306;HAS_ADDRESS
466310;466311;HAS_ADDRESS
466315;466316;HAS_ADDRESS
466320;466321;HAS_ADDRESS
466325;466326;HAS_ADDRESS
466330;466331;HAS_ADDRESS
466335;466336;HAS_ADDRESS
466340;466341;HAS_ADDRESS
466345;466346;HAS_ADDRESS
466350;466351;HAS_ADDRESS
466355;466356;HAS_ADDRESS
466360;466361;HAS_ADDRESS
466365;466366;HAS_ADDRESS
466370;466371;HAS_ADDRESS
466375;466376;HAS_ADDRESS
466380;466381;HAS_ADDRESS
466385;466386;HAS_ADDRESS
466390;466391;HAS_ADDRESS
466395;466396;HAS_ADDRESS
466400;466401;HAS_ADDRESS
466405;466406;HAS_ADDRESS
466410;466411;HAS_ADDRESS
466415;466416;HAS_ADDRESS
466420;466421;HAS_ADDRESS
466425;466426;HAS_ADDRESS
466430;466431;HAS_ADDRESS
466435;466436;HAS_ADDRESS
466440;466441;HAS_ADDRESS
466445;466446;HAS_ADDRESS
466450;466451;HAS_ADDRESS
466455;466456;HAS_ADDRESS
466460;466461;HAS_ADDRESS
466465;466466;HAS_ADDRESS
466470;466471;HAS_ADDRESS
466475;466476;HAS_ADDRESS
466480;466481;HAS_ADDRESS
466485;466486;HAS_ADDRESS
466490;466491;HAS_ADDRESS
466495;466496;HAS_ADDRESS
466500;466501;HAS_ADDRESS
466505;466506;HAS_ADDRESS
466510;466511;HAS_ADDRESS
466515;466516;HAS_ADDRESS
466520;466521;HAS_ADDRESS
466525;466526;HAS_ADDRESS
466530;466531;HAS_ADDRESS
466535;466536;HAS_ADDRESS
466540;466541;HAS_ADDRESS
466545;466546;HAS_ADDRESS
466550;466551;HAS_ADDRESS
466555;466556;HAS_ADDRESS
466560;466561;HAS_ADDRESS
466565;466566;HAS_ADDRESS
466570;466571;HAS_ADDRESS
466575;466576;HAS_ADDRESS
466580;466581;HAS_ADDRESS
466585;466586;HAS_ADDRESS
466590;466591;HAS_ADDRESS
466595;466596;HAS_ADDRESS
466600;466601;HAS_ADDRESS
466605;466606;HAS_ADDRESS
466610;466611;HAS_ADDRESS
466615;466616;HAS_ADDRESS
466620;466621;HAS_ADDRESS
466625;466626;HAS_ADDRESS
466630;466631;HAS_ADDRESS
466635;466636;HAS_ADDRESS
466640;466641;HAS_ADDRESS
466645;466646;HAS_ADDRESS
466650;466651;HAS_ADDRESS
466655;466656;HAS_ADDRESS
466660;466661;HAS_ADDRESS
466665;466666;HAS_ADDRESS
466670;466671;HAS_ADDRESS
466675;466676;HAS_ADDRESS
466680;466681;HAS_ADDRESS
466685;466686;HAS_ADDRESS
466690;466691;HAS_ADDRESS
466695;466696;HAS_ADDRESS
466700;466701;HAS_ADDRESS
466705;466706;HAS_ADDRESS
466710;466711;HAS_ADDRESS
466715;466716;HAS_ADDRESS
466720;466721;HAS_ADDRESS
466725;466726;HAS_ADDRESS
466730;466731;HAS_ADDRESS
466735;466736;HAS_ADDRESS
466740;466741;HAS_ADDRESS
466745;466746;HAS_ADDRESS
466750;466751;HAS_ADDRESS
466755;466756;HAS_ADDRESS
466760;466761;HAS_ADDRESS
466765;466766;HAS_ADDRESS
466770;466771;HAS_ADDRESS
466775;466776;HAS_ADDRESS
466780;466781;HAS_ADDRESS
466785;466786;HAS_ADDRESS
466790;466791;HAS_ADDRESS
466795;466796;HAS_ADDRESS
466800;466801;HAS_ADDRESS
466805;466806;HAS_ADDRESS
466810;466811;HAS_ADDRESS
466815;466816;HAS_ADDRESS
466820;466821;HAS_ADDRESS
466825;466826;HAS_ADDRESS
466830;466831;HAS_ADDRESS
466835;466836;HAS_ADDRESS
466840;466841;HAS_ADDRESS
466845;466846;HAS_ADDRESS
466850;466851;HAS_ADDRESS
466855;466856;HAS_ADDRESS
466860;466861;HAS_ADDRESS
466865;466866;HAS_ADDRESS
466870;466871;HAS_ADDRESS
466875;466876;HAS_ADDRESS
466880;466881;HAS_ADDRESS
466885;466886;HAS_ADDRESS
466890;466891;HAS_ADDRESS
466895;466896;HAS_ADDRESS
466900;466901;HAS_ADDRESS
466905;466906;HAS_ADDRESS
466910;466911;HAS_ADDRESS
466915;466916;HAS_ADDRESS
466920;466921;HAS_ADDRESS
466925;466926;HAS_ADDRESS
466930;466931;HAS_ADDRESS
466935;466936;HAS_ADDRESS
466940;466941;HAS_ADDRESS
466945;466946;HAS_ADDRESS
466950;466951;HAS_ADDRESS
466955;466956;HAS_ADDRESS
466960;466961;HAS_ADDRESS
466965;466966;HAS_ADDRESS
466970;466971;HAS_ADDRESS
466975;466976;HAS_ADDRESS
466980;466981;HAS_ADDRESS
466985;466986;HAS_ADDRESS
466990;466991;HAS_ADDRESS
466995;466996;HAS_ADDRESS
467000;467001;HAS_ADDRESS
467005;467006;HAS_ADDRESS
467010;467011;HAS_ADDRESS
467015;467016;HAS_ADDRESS
467020;467021;HAS_ADDRESS
467025;467026;HAS_ADDRESS
467030;467031;HAS_ADDRESS
467035;467036;HAS_ADDRESS
467040;467041;HAS_ADDRESS
467045;467046;HAS_ADDRESS
467050;467051;HAS_ADDRESS
467055;467056;HAS_ADDRESS
467060;467061;HAS_ADDRESS
467065;467066;HAS_ADDRESS
467070;467071;HAS_ADDRESS
467075;467076;HAS_ADDRESS
467080;467081;HAS_ADDRESS
467085;467086;HAS_ADDRESS
467090;467091;HAS_ADDRESS
467095;467096;HAS_ADDRESS
467100;467101;HAS_ADDRESS
467105;467106;HAS_ADDRESS
467110;467111;HAS_ADDRESS
467115;467116;HAS_ADDRESS
467120;467121;HAS_ADDRESS
467125;467126;HAS_ADDRESS
467130;467131;HAS_ADDRESS
467135;467136;HAS_ADDRESS
467140;467141;HAS_ADDRESS
467145;467146;HAS_ADDRESS
467150;467151;HAS_ADDRESS
467155;467156;HAS_ADDRESS
467160;467161;HAS_ADDRESS
467165;467166;HAS_ADDRESS
467170;467171;HAS_ADDRESS
467175;467176;HAS_ADDRESS
467180;467181;HAS_ADDRESS
467185;467186;HAS_ADDRESS
467190;467191;HAS_ADDRESS
467195;467196;HAS_ADDRESS
467200;467201;HAS_ADDRESS
467205;467206;HAS_ADDRESS
467210;467211;HAS_ADDRESS
467215;467216;HAS_ADDRESS
467220;467221;HAS_ADDRESS
467225;467226;HAS_ADDRESS
467230;467231;HAS_ADDRESS
467235;467236;HAS_ADDRESS
467240;467241;HAS_ADDRESS
467245;467246;HAS_ADDRESS
467250;467251;HAS_ADDRESS
467255;467256;HAS_ADDRESS
467260;467261;HAS_ADDRESS
467265;467266;HAS_ADDRESS
467270;467271;HAS_ADDRESS
467275;467276;HAS_ADDRESS
467280;467281;HAS_ADDRESS
467285;467286;HAS_ADDRESS
467290;467291;HAS_ADDRESS
467295;467296;HAS_ADDRESS
467300;467301;HAS_ADDRESS
467305;467306;HAS_ADDRESS
467310;467311;HAS_ADDRESS
467315;467316;HAS_ADDRESS
467320;467321;HAS_ADDRESS
467325;467326;HAS_ADDRESS
467330;467331;HAS_ADDRESS
467335;467336;HAS_ADDRESS
467340;467341;HAS_ADDRESS
467345;467346;HAS_ADDRESS
467350;467351;HAS_ADDRESS
467355;467356;HAS_ADDRESS
467360;467361;HAS_ADDRESS
467365;467366;HAS_ADDRESS
467370;467371;HAS_ADDRESS
467375;467376;HAS_ADDRESS
467380;467381;HAS_ADDRESS
467385;467386;HAS_ADDRESS
467390;467391;HAS_ADDRESS
467395;467396;HAS_ADDRESS
467400;467401;HAS_ADDRESS
467405;467406;HAS_ADDRESS
467410;467411;HAS_ADDRESS
467415;467416;HAS_ADDRESS
467420;467421;HAS_ADDRESS
467425;467426;HAS_ADDRESS
467430;467431;HAS_ADDRESS
467435;467436;HAS_ADDRESS
467440;467441;HAS_ADDRESS
467445;467446;HAS_ADDRESS
467450;467451;HAS_ADDRESS
467455;467456;HAS_ADDRESS
467460;467461;HAS_ADDRESS
467465;467466;HAS_ADDRESS
467470;467471;HAS_ADDRESS
467475;467476;HAS_ADDRESS
467480;467481;HAS_ADDRESS
467485;467486;HAS_ADDRESS
467490;467491;HAS_ADDRESS
467495;467496;HAS_ADDRESS
467500;467501;HAS_ADDRESS
467505;467506;HAS_ADDRESS
467510;467511;HAS_ADDRESS
467515;467516;HAS_ADDRESS
467520;467521;HAS_ADDRESS
467525;467526;HAS_ADDRESS
467530;467531;HAS_ADDRESS
467535;467536;HAS_ADDRESS
467540;467541;HAS_ADDRESS
467545;467546;HAS_ADDRESS
467550;467551;HAS_ADDRESS
467555;467556;HAS_ADDRESS
467560;467561;HAS_ADDRESS
467565;467566;HAS_ADDRESS
467570;467571;HAS_ADDRESS
467575;467576;HAS_ADDRESS
467580;467581;HAS_ADDRESS
467585;467586;HAS_ADDRESS
467590;467591;HAS_ADDRESS
467595;467596;HAS_ADDRESS
467600;467601;HAS_ADDRESS
467605;467606;HAS_ADDRESS
467610;467611;HAS_ADDRESS
467615;467616;HAS_ADDRESS
467620;467621;HAS_ADDRESS
467625;467626;HAS_ADDRESS
467630;467631;HAS_ADDRESS
467635;467636;HAS_ADDRESS
467640;467641;HAS_ADDRESS
467645;467646;HAS_ADDRESS
467650;467651;HAS_ADDRESS
467655;467656;HAS_ADDRESS
467660;467661;HAS_ADDRESS
467665;467666;HAS_ADDRESS
467670;467671;HAS_ADDRESS
467675;467676;HAS_ADDRESS
467680;467681;HAS_ADDRESS
467685;467686;HAS_ADDRESS
467690;467691;HAS_ADDRESS
467695;467696;HAS_ADDRESS
467700;467701;HAS_ADDRESS
467705;467706;HAS_ADDRESS
467710;467711;HAS_ADDRESS
467715;467716;HAS_ADDRESS
467720;467721;HAS_ADDRESS
467725;467726;HAS_ADDRESS
467730;467731;HAS_ADDRESS
467735;467736;HAS_ADDRESS
467740;467741;HAS_ADDRESS
467745;467746;HAS_ADDRESS
467750;467751;HAS_ADDRESS
467755;467756;HAS_ADDRESS
467760;467761;HAS_ADDRESS
467765;467766;HAS_ADDRESS
467770;467771;HAS_ADDRESS
467775;467776;HAS_ADDRESS
467780;467781;HAS_ADDRESS
467785;467786;HAS_ADDRESS
467790;467791;HAS_ADDRESS
467795;467796;HAS_ADDRESS
467800;467801;HAS_ADDRESS
467805;467806;HAS_ADDRESS
467810;467811;HAS_ADDRESS
467815;467816;HAS_ADDRESS
467820;467821;HAS_ADDRESS
467825;467826;HAS_ADDRESS
467830;467831;HAS_ADDRESS
467835;467836;HAS_ADDRESS
467840;467841;HAS_ADDRESS
467845;467846;HAS_ADDRESS
467850;467851;HAS_ADDRESS
467855;467856;HAS_ADDRESS
467860;467861;HAS_ADDRESS
467865;467866;HAS_ADDRESS
467870;467871;HAS_ADDRESS
467875;467876;HAS_ADDRESS
467880;467881;HAS_ADDRESS
467885;467886;HAS_ADDRESS
467890;467891;HAS_ADDRESS
467895;467896;HAS_ADDRESS
467900;467901;HAS_ADDRESS
467905;467906;HAS_ADDRESS
467910;467911;HAS_ADDRESS
467915;467916;HAS_ADDRESS
467920;467921;HAS_ADDRESS
467925;467926;HAS_ADDRESS
467930;467931;HAS_ADDRESS
467935;467936;HAS_ADDRESS
467940;467941;HAS_ADDRESS
467945;467946;HAS_ADDRESS
467950;467951;HAS_ADDRESS
467955;467956;HAS_ADDRESS
467960;467961;HAS_ADDRESS
467965;467966;HAS_ADDRESS
467970;467971;HAS_ADDRESS
467975;467976;HAS_ADDRESS
467980;467981;HAS_ADDRESS
467985;467986;HAS_ADDRESS
467990;467991;HAS_ADDRESS
467995;467996;HAS_ADDRESS
468000;468001;HAS_ADDRESS
468005;468006;HAS_ADDRESS
468010;468011;HAS_ADDRESS
468015;468016;HAS_ADDRESS
468020;468021;HAS_ADDRESS
468025;468026;HAS_ADDRESS
468030;468031;HAS_ADDRESS
468035;468036;HAS_ADDRESS
468040;468041;HAS_ADDRESS
468045;468046;HAS_ADDRESS
468050;468051;HAS_ADDRESS
468055;468056;HAS_ADDRESS
468060;468061;HAS_ADDRESS
468065;468066;HAS_ADDRESS
468070;468071;HAS_ADDRESS
468075;468076;HAS_ADDRESS
468080;468081;HAS_ADDRESS
468085;468086;HAS_ADDRESS
468090;468091;HAS_ADDRESS
468095;468096;HAS_ADDRESS
468100;468101;HAS_ADDRESS
468105;468106;HAS_ADDRESS
468110;468111;HAS_ADDRESS
468115;468116;HAS_ADDRESS
468120;468121;HAS_ADDRESS
468125;468126;HAS_ADDRESS
468130;468131;HAS_ADDRESS
468135;468136;HAS_ADDRESS
468140;468141;HAS_ADDRESS
468145;468146;HAS_ADDRESS
468150;468151;HAS_ADDRESS
468155;468156;HAS_ADDRESS
468160;468161;HAS_ADDRESS
468165;468166;HAS_ADDRESS
468170;468171;HAS_ADDRESS
468175;468176;HAS_ADDRESS
468180;468181;HAS_ADDRESS
468185;468186;HAS_ADDRESS
468190;468191;HAS_ADDRESS
468195;468196;HAS_ADDRESS
468200;468201;HAS_ADDRESS
468205;468206;HAS_ADDRESS
468210;468211;HAS_ADDRESS
468215;468216;HAS_ADDRESS
468220;468221;HAS_ADDRESS
468225;468226;HAS_ADDRESS
468230;468231;HAS_ADDRESS
468235;468236;HAS_ADDRESS
468240;468241;HAS_ADDRESS
468245;468246;HAS_ADDRESS
468250;468251;HAS_ADDRESS
468255;468256;HAS_ADDRESS
468260;468261;HAS_ADDRESS
468265;468266;HAS_ADDRESS
468270;468271;HAS_ADDRESS
468275;468276;HAS_ADDRESS
468280;468281;HAS_ADDRESS
468285;468286;HAS_ADDRESS
468290;468291;HAS_ADDRESS
468295;468296;HAS_ADDRESS
468300;468301;HAS_ADDRESS
468305;468306;HAS_ADDRESS
468310;468311;HAS_ADDRESS
468315;468316;HAS_ADDRESS
468320;468321;HAS_ADDRESS
468325;468326;HAS_ADDRESS
468330;468331;HAS_ADDRESS
468335;468336;HAS_ADDRESS
468340;468341;HAS_ADDRESS
468345;468346;HAS_ADDRESS
468350;468351;HAS_ADDRESS
468355;468356;HAS_ADDRESS
468360;468361;HAS_ADDRESS
468365;468366;HAS_ADDRESS
468370;468371;HAS_ADDRESS
468375;468376;HAS_ADDRESS
468380;468381;HAS_ADDRESS
468385;468386;HAS_ADDRESS
468390;468391;HAS_ADDRESS
468395;468396;HAS_ADDRESS
468400;468401;HAS_ADDRESS
468405;468406;HAS_ADDRESS
468410;468411;HAS_ADDRESS
468415;468416;HAS_ADDRESS
468420;468421;HAS_ADDRESS
468425;468426;HAS_ADDRESS
468430;468431;HAS_ADDRESS
468435;468436;HAS_ADDRESS
468440;468441;HAS_ADDRESS
468445;468446;HAS_ADDRESS
468450;468451;HAS_ADDRESS
468455;468456;HAS_ADDRESS
468460;468461;HAS_ADDRESS
468465;468466;HAS_ADDRESS
468470;468471;HAS_ADDRESS
468475;468476;HAS_ADDRESS
468480;468481;HAS_ADDRESS
468485;468486;HAS_ADDRESS
468490;468491;HAS_ADDRESS
468495;468496;HAS_ADDRESS
468500;468501;HAS_ADDRESS
468505;468506;HAS_ADDRESS
468510;468511;HAS_ADDRESS
468515;468516;HAS_ADDRESS
468520;468521;HAS_ADDRESS
468525;468526;HAS_ADDRESS
468530;468531;HAS_ADDRESS
468535;468536;HAS_ADDRESS
468540;468541;HAS_ADDRESS
468545;468546;HAS_ADDRESS
468550;468551;HAS_ADDRESS
468555;468556;HAS_ADDRESS
468560;468561;HAS_ADDRESS
468565;468566;HAS_ADDRESS
468570;468571;HAS_ADDRESS
468575;468576;HAS_ADDRESS
468580;468581;HAS_ADDRESS
468585;468586;HAS_ADDRESS
468590;468591;HAS_ADDRESS
468595;468596;HAS_ADDRESS
468600;468601;HAS_ADDRESS
468605;468606;HAS_ADDRESS
468610;468611;HAS_ADDRESS
468615;468616;HAS_ADDRESS
468620;468621;HAS_ADDRESS
468625;468626;HAS_ADDRESS
468630;468631;HAS_ADDRESS
468635;468636;HAS_ADDRESS
468640;468641;HAS_ADDRESS
468645;468646;HAS_ADDRESS
468650;468651;HAS_ADDRESS
468655;468656;HAS_ADDRESS
468660;468661;HAS_ADDRESS
468665;468666;HAS_ADDRESS
468670;468671;HAS_ADDRESS
468675;468676;HAS_ADDRESS
468680;468681;HAS_ADDRESS
468685;468686;HAS_ADDRESS
468690;468691;HAS_ADDRESS
468695;468696;HAS_ADDRESS
468700;468701;HAS_ADDRESS
468705;468706;HAS_ADDRESS
468710;468711;HAS_ADDRESS
468715;468716;HAS_ADDRESS
468720;468721;HAS_ADDRESS
468725;468726;HAS_ADDRESS
468730;468731;HAS_ADDRESS
468735;468736;HAS_ADDRESS
468740;468741;HAS_ADDRESS
468745;468746;HAS_ADDRESS
468750;468751;HAS_ADDRESS
468755;468756;HAS_ADDRESS
468760;468761;HAS_ADDRESS
468765;468766;HAS_ADDRESS
468770;468771;HAS_ADDRESS
468775;468776;HAS_ADDRESS
468780;468781;HAS_ADDRESS
468785;468786;HAS_ADDRESS
468790;468791;HAS_ADDRESS
468795;468796;HAS_ADDRESS
468800;468801;HAS_ADDRESS
468805;468806;HAS_ADDRESS
468810;468811;HAS_ADDRESS
468815;468816;HAS_ADDRESS
468820;468821;HAS_ADDRESS
468825;468826;HAS_ADDRESS
468830;468831;HAS_ADDRESS
468835;468836;HAS_ADDRESS
468840;468841;HAS_ADDRESS
468845;468846;HAS_ADDRESS
468850;468851;HAS_ADDRESS
468855;468856;HAS_ADDRESS
468860;468861;HAS_ADDRESS
468865;468866;HAS_ADDRESS
468870;468871;HAS_ADDRESS
468875;468876;HAS_ADDRESS
468880;468881;HAS_ADDRESS
468885;468886;HAS_ADDRESS
468890;468891;HAS_ADDRESS
468895;468896;HAS_ADDRESS
468900;468901;HAS_ADDRESS
468905;468906;HAS_ADDRESS
468910;468911;HAS_ADDRESS
468915;468916;HAS_ADDRESS
468920;468921;HAS_ADDRESS
468925;468926;HAS_ADDRESS
468930;468931;HAS_ADDRESS
468935;468936;HAS_ADDRESS
468940;468941;HAS_ADDRESS
468945;468946;HAS_ADDRESS
468950;468951;HAS_ADDRESS
468955;468956;HAS_ADDRESS
468960;468961;HAS_ADDRESS
468965;468966;HAS_ADDRESS
468970;468971;HAS_ADDRESS
468975;468976;HAS_ADDRESS
468980;468981;HAS_ADDRESS
468985;468986;HAS_ADDRESS
468990;468991;HAS_ADDRESS
468995;468996;HAS_ADDRESS
469000;469001;HAS_ADDRESS
469005;469006;HAS_ADDRESS
469010;469011;HAS_ADDRESS
469015;469016;HAS_ADDRESS
469020;469021;HAS_ADDRESS
469025;469026;HAS_ADDRESS
469030;469031;HAS_ADDRESS
469035;469036;HAS_ADDRESS
469040;469041;HAS_ADDRESS
469045;469046;HAS_ADDRESS
469050;469051;HAS_ADDRESS
469055;469056;HAS_ADDRESS
469060;469061;HAS_ADDRESS
469065;469066;HAS_ADDRESS
469070;469071;HAS_ADDRESS
469075;469076;HAS_ADDRESS
469080;469081;HAS_ADDRESS
469085;469086;HAS_ADDRESS
469090;469091;HAS_ADDRESS
469095;469096;HAS_ADDRESS
469100;469101;HAS_ADDRESS
469105;469106;HAS_ADDRESS
469110;469111;HAS_ADDRESS
469115;469116;HAS_ADDRESS
469120;469121;HAS_ADDRESS
469125;469126;HAS_ADDRESS
469130;469131;HAS_ADDRESS
469135;469136;HAS_ADDRESS
469140;469141;HAS_ADDRESS
469145;469146;HAS_ADDRESS
469150;469151;HAS_ADDRESS
469155;469156;HAS_ADDRESS
469160;469161;HAS_ADDRESS
469165;469166;HAS_ADDRESS
469170;469171;HAS_ADDRESS
469175;469176;HAS_ADDRESS
469180;469181;HAS_ADDRESS
469185;469186;HAS_ADDRESS
469190;469191;HAS_ADDRESS
469195;469196;HAS_ADDRESS
469200;469201;HAS_ADDRESS
469205;469206;HAS_ADDRESS
469210;469211;HAS_ADDRESS
469215;469216;HAS_ADDRESS
469220;469221;HAS_ADDRESS
469225;469226;HAS_ADDRESS
469230;469231;HAS_ADDRESS
469235;469236;HAS_ADDRESS
469240;469241;HAS_ADDRESS
469245;469246;HAS_ADDRESS
469250;469251;HAS_ADDRESS
469255;469256;HAS_ADDRESS
469260;469261;HAS_ADDRESS
469265;469266;HAS_ADDRESS
469270;469271;HAS_ADDRESS
469275;469276;HAS_ADDRESS
469280;469281;HAS_ADDRESS
469285;469286;HAS_ADDRESS
469290;469291;HAS_ADDRESS
469295;469296;HAS_ADDRESS
469300;469301;HAS_ADDRESS
469305;469306;HAS_ADDRESS
469310;469311;HAS_ADDRESS
469315;469316;HAS_ADDRESS
469320;469321;HAS_ADDRESS
469325;469326;HAS_ADDRESS
469330;469331;HAS_ADDRESS
469335;469336;HAS_ADDRESS
469340;469341;HAS_ADDRESS
469345;469346;HAS_ADDRESS
469350;469351;HAS_ADDRESS
469355;469356;HAS_ADDRESS
469360;469361;HAS_ADDRESS
469365;469366;HAS_ADDRESS
469370;469371;HAS_ADDRESS
469375;469376;HAS_ADDRESS
469380;469381;HAS_ADDRESS
469385;469386;HAS_ADDRESS
469390;469391;HAS_ADDRESS
469395;469396;HAS_ADDRESS
469400;469401;HAS_ADDRESS
469405;469406;HAS_ADDRESS
469410;469411;HAS_ADDRESS
469415;469416;HAS_ADDRESS
469420;469421;HAS_ADDRESS
469425;469426;HAS_ADDRESS
469430;469431;HAS_ADDRESS
469435;469436;HAS_ADDRESS
469440;469441;HAS_ADDRESS
469445;469446;HAS_ADDRESS
469450;469451;HAS_ADDRESS
469455;469456;HAS_ADDRESS
469460;469461;HAS_ADDRESS
469465;469466;HAS_ADDRESS
469470;469471;HAS_ADDRESS
469475;469476;HAS_ADDRESS
469480;469481;HAS_ADDRESS
469485;469486;HAS_ADDRESS
469490;469491;HAS_ADDRESS
469495;469496;HAS_ADDRESS
469500;469501;HAS_ADDRESS
469505;469506;HAS_ADDRESS
469510;469511;HAS_ADDRESS
469515;469516;HAS_ADDRESS
469520;469521;HAS_ADDRESS
469525;469526;HAS_ADDRESS
469530;469531;HAS_ADDRESS
469535;469536;HAS_ADDRESS
469540;469541;HAS_ADDRESS
469545;469546;HAS_ADDRESS
469550;469551;HAS_ADDRESS
469555;469556;HAS_ADDRESS
469560;469561;HAS_ADDRESS
469565;469566;HAS_ADDRESS
469570;469571;HAS_ADDRESS
469575;469576;HAS_ADDRESS
469580;469581;HAS_ADDRESS
469585;469586;HAS_ADDRESS
469590;469591;HAS_ADDRESS
469595;469596;HAS_ADDRESS
469600;469601;HAS_ADDRESS
469605;469606;HAS_ADDRESS
469610;469611;HAS_ADDRESS
469615;469616;HAS_ADDRESS
469620;469621;HAS_ADDRESS
469625;469626;HAS_ADDRESS
469630;469631;HAS_ADDRESS
469635;469636;HAS_ADDRESS
469640;469641;HAS_ADDRESS
469645;469646;HAS_ADDRESS
469650;469651;HAS_ADDRESS
469655;469656;HAS_ADDRESS
469660;469661;HAS_ADDRESS
469665;469666;HAS_ADDRESS
469670;469671;HAS_ADDRESS
469675;469676;HAS_ADDRESS
469680;469681;HAS_ADDRESS
469685;469686;HAS_ADDRESS
469690;469691;HAS_ADDRESS
469695;469696;HAS_ADDRESS
469700;469701;HAS_ADDRESS
469705;469706;HAS_ADDRESS
469710;469711;HAS_ADDRESS
469715;469716;HAS_ADDRESS
469720;469721;HAS_ADDRESS
469725;469726;HAS_ADDRESS
469730;469731;HAS_ADDRESS
469735;469736;HAS_ADDRESS
469740;469741;HAS_ADDRESS
469745;469746;HAS_ADDRESS
469750;469751;HAS_ADDRESS
469755;469756;HAS_ADDRESS
469760;469761;HAS_ADDRESS
469765;469766;HAS_ADDRESS
469770;469771;HAS_ADDRESS
469775;469776;HAS_ADDRESS
469780;469781;HAS_ADDRESS
469785;469786;HAS_ADDRESS
469790;469791;HAS_ADDRESS
469795;469796;HAS_ADDRESS
469800;469801;HAS_ADDRESS
469805;469806;HAS_ADDRESS
469810;469811;HAS_ADDRESS
469815;469816;HAS_ADDRESS
469820;469821;HAS_ADDRESS
469825;469826;HAS_ADDRESS
469830;469831;HAS_ADDRESS
469835;469836;HAS_ADDRESS
469840;469841;HAS_ADDRESS
469845;469846;HAS_ADDRESS
469850;469851;HAS_ADDRESS
469855;469856;HAS_ADDRESS
469860;469861;HAS_ADDRESS
469865;469866;HAS_ADDRESS
469870;469871;HAS_ADDRESS
469875;469876;HAS_ADDRESS
469880;469881;HAS_ADDRESS
469885;469886;HAS_ADDRESS
469890;469891;HAS_ADDRESS
469895;469896;HAS_ADDRESS
469900;469901;HAS_ADDRESS
469905;469906;HAS_ADDRESS
469910;469911;HAS_ADDRESS
469915;469916;HAS_ADDRESS
469920;469921;HAS_ADDRESS
469925;469926;HAS_ADDRESS
469930;469931;HAS_ADDRESS
469935;469936;HAS_ADDRESS
469940;469941;HAS_ADDRESS
469945;469946;HAS_ADDRESS
469950;469951;HAS_ADDRESS
469955;469956;HAS_ADDRESS
469960;469961;HAS_ADDRESS
469965;469966;HAS_ADDRESS
469970;469971;HAS_ADDRESS
469975;469976;HAS_ADDRESS
469980;469981;HAS_ADDRESS
469985;469986;HAS_ADDRESS
469990;469991;HAS_ADDRESS
469995;469996;HAS_ADDRESS
470000;470001;HAS_ADDRESS
470005;470006;HAS_ADDRESS
470010;470011;HAS_ADDRESS
470015;470016;HAS_ADDRESS
470020;470021;HAS_ADDRESS
470025;470026;HAS_ADDRESS
470030;470031;HAS_ADDRESS
470035;470036;HAS_ADDRESS
470040;470041;HAS_ADDRESS
470045;470046;HAS_ADDRESS
470050;470051;HAS_ADDRESS
470055;470056;HAS_ADDRESS
470060;470061;HAS_ADDRESS
470065;470066;HAS_ADDRESS
470070;470071;HAS_ADDRESS
470075;470076;HAS_ADDRESS
470080;470081;HAS_ADDRESS
470085;470086;HAS_ADDRESS
470090;470091;HAS_ADDRESS
470095;470096;HAS_ADDRESS
470100;470101;HAS_ADDRESS
470105;470106;HAS_ADDRESS
470110;470111;HAS_ADDRESS
470115;470116;HAS_ADDRESS
470120;470121;HAS_ADDRESS
470125;470126;HAS_ADDRESS
470130;470131;HAS_ADDRESS
470135;470136;HAS_ADDRESS
470140;470141;HAS_ADDRESS
470145;470146;HAS_ADDRESS
470150;470151;HAS_ADDRESS
470155;470156;HAS_ADDRESS
470160;470161;HAS_ADDRESS
470165;470166;HAS_ADDRESS
470170;470171;HAS_ADDRESS
470175;470176;HAS_ADDRESS
470180;470181;HAS_ADDRESS
470185;470186;HAS_ADDRESS
470190;470191;HAS_ADDRESS
470195;470196;HAS_ADDRESS
470200;470201;HAS_ADDRESS
470205;470206;HAS_ADDRESS
470210;470211;HAS_ADDRESS
470215;470216;HAS_ADDRESS
470220;470221;HAS_ADDRESS
470225;470226;HAS_ADDRESS
470230;470231;HAS_ADDRESS
470235;470236;HAS_ADDRESS
470240;470241;HAS_ADDRESS
470245;470246;HAS_ADDRESS
470250;470251;HAS_ADDRESS
470255;470256;HAS_ADDRESS
470260;470261;HAS_ADDRESS
470265;470266;HAS_ADDRESS
470270;470271;HAS_ADDRESS
470275;470276;HAS_ADDRESS
470280;470281;HAS_ADDRESS
470285;470286;HAS_ADDRESS
470290;470291;HAS_ADDRESS
470295;470296;HAS_ADDRESS
470300;470301;HAS_ADDRESS
470305;470306;HAS_ADDRESS
470310;470311;HAS_ADDRESS
470315;470316;HAS_ADDRESS
470320;470321;HAS_ADDRESS
470325;470326;HAS_ADDRESS
470330;470331;HAS_ADDRESS
470335;470336;HAS_ADDRESS
470340;470341;HAS_ADDRESS
470345;470346;HAS_ADDRESS
470350;470351;HAS_ADDRESS
470355;470356;HAS_ADDRESS
470360;470361;HAS_ADDRESS
470365;470366;HAS_ADDRESS
470370;470371;HAS_ADDRESS
470375;470376;HAS_ADDRESS
470380;470381;HAS_ADDRESS
470385;470386;HAS_ADDRESS
470390;470391;HAS_ADDRESS
470395;470396;HAS_ADDRESS
470400;470401;HAS_ADDRESS
470405;470406;HAS_ADDRESS
470410;470411;HAS_ADDRESS
470415;470416;HAS_ADDRESS
470420;470421;HAS_ADDRESS
470425;470426;HAS_ADDRESS
470430;470431;HAS_ADDRESS
470435;470436;HAS_ADDRESS
470440;470441;HAS_ADDRESS
470445;470446;HAS_ADDRESS
470450;470451;HAS_ADDRESS
470455;470456;HAS_ADDRESS
470460;470461;HAS_ADDRESS
470465;470466;HAS_ADDRESS
470470;470471;HAS_ADDRESS
470475;470476;HAS_ADDRESS
470480;470481;HAS_ADDRESS
470485;470486;HAS_ADDRESS
470490;470491;HAS_ADDRESS
470495;470496;HAS_ADDRESS
470500;470501;HAS_ADDRESS
470505;470506;HAS_ADDRESS
470510;470511;HAS_ADDRESS
470515;470516;HAS_ADDRESS
470520;470521;HAS_ADDRESS
470525;470526;HAS_ADDRESS
470530;470531;HAS_ADDRESS
470535;470536;HAS_ADDRESS
470540;470541;HAS_ADDRESS
470545;470546;HAS_ADDRESS
470550;470551;HAS_ADDRESS
470555;470556;HAS_ADDRESS
470560;470561;HAS_ADDRESS
470565;470566;HAS_ADDRESS
470570;470571;HAS_ADDRESS
470575;470576;HAS_ADDRESS
470580;470581;HAS_ADDRESS
470585;470586;HAS_ADDRESS
470590;470591;HAS_ADDRESS
470595;470596;HAS_ADDRESS
470600;470601;HAS_ADDRESS
470605;470606;HAS_ADDRESS
470610;470611;HAS_ADDRESS
470615;470616;HAS_ADDRESS
470620;470621;HAS_ADDRESS
470625;470626;HAS_ADDRESS
470630;470631;HAS_ADDRESS
470635;470636;HAS_ADDRESS
470640;470641;HAS_ADDRESS
470645;470646;HAS_ADDRESS
470650;470651;HAS_ADDRESS
470655;470656;HAS_ADDRESS
470660;470661;HAS_ADDRESS
470665;470666;HAS_ADDRESS
470670;470671;HAS_ADDRESS
470675;470676;HAS_ADDRESS
470680;470681;HAS_ADDRESS
470685;470686;HAS_ADDRESS
470690;470691;HAS_ADDRESS
470695;470696;HAS_ADDRESS
470700;470701;HAS_ADDRESS
470705;470706;HAS_ADDRESS
470710;470711;HAS_ADDRESS
470715;470716;HAS_ADDRESS
470720;470721;HAS_ADDRESS
470725;470726;HAS_ADDRESS
470730;470731;HAS_ADDRESS
470735;470736;HAS_ADDRESS
470740;470741;HAS_ADDRESS
470745;470746;HAS_ADDRESS
470750;470751;HAS_ADDRESS
470755;470756;HAS_ADDRESS
470760;470761;HAS_ADDRESS
470765;470766;HAS_ADDRESS
470770;470771;HAS_ADDRESS
470775;470776;HAS_ADDRESS
470780;470781;HAS_ADDRESS
470785;470786;HAS_ADDRESS
470790;470791;HAS_ADDRESS
470795;470796;HAS_ADDRESS
470800;470801;HAS_ADDRESS
470805;470806;HAS_ADDRESS
470810;470811;HAS_ADDRESS
470815;470816;HAS_ADDRESS
470820;470821;HAS_ADDRESS
470825;470826;HAS_ADDRESS
470830;470831;HAS_ADDRESS
470835;470836;HAS_ADDRESS
470840;470841;HAS_ADDRESS
470845;470846;HAS_ADDRESS
470850;470851;HAS_ADDRESS
470855;470856;HAS_ADDRESS
470860;470861;HAS_ADDRESS
470865;470866;HAS_ADDRESS
470870;470871;HAS_ADDRESS
470875;470876;HAS_ADDRESS
470880;470881;HAS_ADDRESS
470885;470886;HAS_ADDRESS
470890;470891;HAS_ADDRESS
470895;470896;HAS_ADDRESS
470900;470901;HAS_ADDRESS
470905;470906;HAS_ADDRESS
470910;470911;HAS_ADDRESS
470915;470916;HAS_ADDRESS
470920;470921;HAS_ADDRESS
470925;470926;HAS_ADDRESS
470930;470931;HAS_ADDRESS
470935;470936;HAS_ADDRESS
470940;470941;HAS_ADDRESS
470945;470946;HAS_ADDRESS
470950;470951;HAS_ADDRESS
470955;470956;HAS_ADDRESS
470960;470961;HAS_ADDRESS
470965;470966;HAS_ADDRESS
470970;470971;HAS_ADDRESS
470975;470976;HAS_ADDRESS
470980;470981;HAS_ADDRESS
470985;470986;HAS_ADDRESS
470990;470991;HAS_ADDRESS
470995;470996;HAS_ADDRESS
471000;471001;HAS_ADDRESS
471005;471006;HAS_ADDRESS
471010;471011;HAS_ADDRESS
471015;471016;HAS_ADDRESS
471020;471021;HAS_ADDRESS
471025;471026;HAS_ADDRESS
471030;471031;HAS_ADDRESS
471035;471036;HAS_ADDRESS
471040;471041;HAS_ADDRESS
471045;471046;HAS_ADDRESS
471050;471051;HAS_ADDRESS
471055;471056;HAS_ADDRESS
471060;471061;HAS_ADDRESS
471065;471066;HAS_ADDRESS
471070;471071;HAS_ADDRESS
471075;471076;HAS_ADDRESS
471080;471081;HAS_ADDRESS
471085;471086;HAS_ADDRESS
471090;471091;HAS_ADDRESS
471095;471096;HAS_ADDRESS
471100;471101;HAS_ADDRESS
471105;471106;HAS_ADDRESS
471110;471111;HAS_ADDRESS
471115;471116;HAS_ADDRESS
471120;471121;HAS_ADDRESS
471125;471126;HAS_ADDRESS
471130;471131;HAS_ADDRESS
471135;471136;HAS_ADDRESS
471140;471141;HAS_ADDRESS
471145;471146;HAS_ADDRESS
471150;471151;HAS_ADDRESS
471155;471156;HAS_ADDRESS
471160;471161;HAS_ADDRESS
471165;471166;HAS_ADDRESS
471170;471171;HAS_ADDRESS
471175;471176;HAS_ADDRESS
471180;471181;HAS_ADDRESS
471185;471186;HAS_ADDRESS
471190;471191;HAS_ADDRESS
471195;471196;HAS_ADDRESS
471200;471201;HAS_ADDRESS
471205;471206;HAS_ADDRESS
471210;471211;HAS_ADDRESS
471215;471216;HAS_ADDRESS
471220;471221;HAS_ADDRESS
471225;471226;HAS_ADDRESS
471230;471231;HAS_ADDRESS
471235;471236;HAS_ADDRESS
471240;471241;HAS_ADDRESS
471245;471246;HAS_ADDRESS
471250;471251;HAS_ADDRESS
471255;471256;HAS_ADDRESS
471260;471261;HAS_ADDRESS
471265;471266;HAS_ADDRESS
471270;471271;HAS_ADDRESS
471275;471276;HAS_ADDRESS
471280;471281;HAS_ADDRESS
471285;471286;HAS_ADDRESS
471290;471291;HAS_ADDRESS
471295;471296;HAS_ADDRESS
471300;471301;HAS_ADDRESS
471305;471306;HAS_ADDRESS
471310;471311;HAS_ADDRESS
471315;471316;HAS_ADDRESS
471320;471321;HAS_ADDRESS
471325;471326;HAS_ADDRESS
471330;471331;HAS_ADDRESS
471335;471336;HAS_ADDRESS
471340;471341;HAS_ADDRESS
471345;471346;HAS_ADDRESS
471350;471351;HAS_ADDRESS
471355;471356;HAS_ADDRESS
471360;471361;HAS_ADDRESS
471365;471366;HAS_ADDRESS
471370;471371;HAS_ADDRESS
471375;471376;HAS_ADDRESS
471380;471381;HAS_ADDRESS
471385;471386;HAS_ADDRESS
471390;471391;HAS_ADDRESS
471395;471396;HAS_ADDRESS
471400;471401;HAS_ADDRESS
471405;471406;HAS_ADDRESS
471410;471411;HAS_ADDRESS
471415;471416;HAS_ADDRESS
471420;471421;HAS_ADDRESS
471425;471426;HAS_ADDRESS
471430;471431;HAS_ADDRESS
471435;471436;HAS_ADDRESS
471440;471441;HAS_ADDRESS
471445;471446;HAS_ADDRESS
471450;471451;HAS_ADDRESS
471455;471456;HAS_ADDRESS
471460;471461;HAS_ADDRESS
471465;471466;HAS_ADDRESS
471470;471471;HAS_ADDRESS
471475;471476;HAS_ADDRESS
471480;471481;HAS_ADDRESS
471485;471486;HAS_ADDRESS
471490;471491;HAS_ADDRESS
471495;471496;HAS_ADDRESS
471500;471501;HAS_ADDRESS
471505;471506;HAS_ADDRESS
471510;471511;HAS_ADDRESS
471515;471516;HAS_ADDRESS
471520;471521;HAS_ADDRESS
471525;471526;HAS_ADDRESS
471530;471531;HAS_ADDRESS
471535;471536;HAS_ADDRESS
471540;471541;HAS_ADDRESS
471545;471546;HAS_ADDRESS
471550;471551;HAS_ADDRESS
471555;471556;HAS_ADDRESS
471560;471561;HAS_ADDRESS
471565;471566;HAS_ADDRESS
471570;471571;HAS_ADDRESS
471575;471576;HAS_ADDRESS
471580;471581;HAS_ADDRESS
471585;471586;HAS_ADDRESS
471590;471591;HAS_ADDRESS
471595;471596;HAS_ADDRESS
471600;471601;HAS_ADDRESS
471605;471606;HAS_ADDRESS
471610;471611;HAS_ADDRESS
471615;471616;HAS_ADDRESS
471620;471621;HAS_ADDRESS
471625;471626;HAS_ADDRESS
471630;471631;HAS_ADDRESS
471635;471636;HAS_ADDRESS
471640;471641;HAS_ADDRESS
471645;471646;HAS_ADDRESS
471650;471651;HAS_ADDRESS
471655;471656;HAS_ADDRESS
471660;471661;HAS_ADDRESS
471665;471666;HAS_ADDRESS
471670;471671;HAS_ADDRESS
471675;471676;HAS_ADDRESS
471680;471681;HAS_ADDRESS
471685;471686;HAS_ADDRESS
471690;471691;HAS_ADDRESS
471695;471696;HAS_ADDRESS
471700;471701;HAS_ADDRESS
471705;471706;HAS_ADDRESS
471710;471711;HAS_ADDRESS
471715;471716;HAS_ADDRESS
471720;471721;HAS_ADDRESS
471725;471726;HAS_ADDRESS
471730;471731;HAS_ADDRESS
471735;471736;HAS_ADDRESS
471740;471741;HAS_ADDRESS
471745;471746;HAS_ADDRESS
471750;471751;HAS_ADDRESS
471755;471756;HAS_ADDRESS
471760;471761;HAS_ADDRESS
471765;471766;HAS_ADDRESS
471770;471771;HAS_ADDRESS
471775;471776;HAS_ADDRESS
471780;471781;HAS_ADDRESS
471785;471786;HAS_ADDRESS
471790;471791;HAS_ADDRESS
471795;471796;HAS_ADDRESS
471800;471801;HAS_ADDRESS
471805;471806;HAS_ADDRESS
471810;471811;HAS_ADDRESS
471815;471816;HAS_ADDRESS
471820;471821;HAS_ADDRESS
471825;471826;HAS_ADDRESS
471830;471831;HAS_ADDRESS
471835;471836;HAS_ADDRESS
471840;471841;HAS_ADDRESS
471845;471846;HAS_ADDRESS
471850;471851;HAS_ADDRESS
471855;471856;HAS_ADDRESS
471860;471861;HAS_ADDRESS
471865;471866;HAS_ADDRESS
471870;471871;HAS_ADDRESS
471875;471876;HAS_ADDRESS
471880;471881;HAS_ADDRESS
471885;471886;HAS_ADDRESS
471890;471891;HAS_ADDRESS
471895;471896;HAS_ADDRESS
471900;471901;HAS_ADDRESS
471905;471906;HAS_ADDRESS
471910;471911;HAS_ADDRESS
471915;471916;HAS_ADDRESS
471920;471921;HAS_ADDRESS
471925;471926;HAS_ADDRESS
471930;471931;HAS_ADDRESS
471935;471936;HAS_ADDRESS
471940;471941;HAS_ADDRESS
471945;471946;HAS_ADDRESS
471950;471951;HAS_ADDRESS
471955;471956;HAS_ADDRESS
471960;471961;HAS_ADDRESS
471965;471966;HAS_ADDRESS
471970;471971;HAS_ADDRESS
471975;471976;HAS_ADDRESS
471980;471981;HAS_ADDRESS
471985;471986;HAS_ADDRESS
471990;471991;HAS_ADDRESS
471995;471996;HAS_ADDRESS
472000;472001;HAS_ADDRESS
472005;472006;HAS_ADDRESS
472010;472011;HAS_ADDRESS
472015;472016;HAS_ADDRESS
472020;472021;HAS_ADDRESS
472025;472026;HAS_ADDRESS
472030;472031;HAS_ADDRESS
472035;472036;HAS_ADDRESS
472040;472041;HAS_ADDRESS
472045;472046;HAS_ADDRESS
472050;472051;HAS_ADDRESS
472055;472056;HAS_ADDRESS
472060;472061;HAS_ADDRESS
472065;472066;HAS_ADDRESS
472070;472071;HAS_ADDRESS
472075;472076;HAS_ADDRESS
472080;472081;HAS_ADDRESS
472085;472086;HAS_ADDRESS
472090;472091;HAS_ADDRESS
472095;472096;HAS_ADDRESS
472100;472101;HAS_ADDRESS
472105;472106;HAS_ADDRESS
472110;472111;HAS_ADDRESS
472115;472116;HAS_ADDRESS
472120;472121;HAS_ADDRESS
472125;472126;HAS_ADDRESS
472130;472131;HAS_ADDRESS
472135;472136;HAS_ADDRESS
472140;472141;HAS_ADDRESS
472145;472146;HAS_ADDRESS
472150;472151;HAS_ADDRESS
472155;472156;HAS_ADDRESS
472160;472161;HAS_ADDRESS
472165;472166;HAS_ADDRESS
472170;472171;HAS_ADDRESS
472175;472176;HAS_ADDRESS
472180;472181;HAS_ADDRESS
472185;472186;HAS_ADDRESS
472190;472191;HAS_ADDRESS
472195;472196;HAS_ADDRESS
472200;472201;HAS_ADDRESS
472205;472206;HAS_ADDRESS
472210;472211;HAS_ADDRESS
472215;472216;HAS_ADDRESS
472220;472221;HAS_ADDRESS
472225;472226;HAS_ADDRESS
472230;472231;HAS_ADDRESS
472235;472236;HAS_ADDRESS
472240;472241;HAS_ADDRESS
472245;472246;HAS_ADDRESS
472250;472251;HAS_ADDRESS
472255;472256;HAS_ADDRESS
472260;472261;HAS_ADDRESS
472265;472266;HAS_ADDRESS
472270;472271;HAS_ADDRESS
472275;472276;HAS_ADDRESS
472280;472281;HAS_ADDRESS
472285;472286;HAS_ADDRESS
472290;472291;HAS_ADDRESS
472295;472296;HAS_ADDRESS
472300;472301;HAS_ADDRESS
472305;472306;HAS_ADDRESS
472310;472311;HAS_ADDRESS
472315;472316;HAS_ADDRESS
472320;472321;HAS_ADDRESS
472325;472326;HAS_ADDRESS
472330;472331;HAS_ADDRESS
472335;472336;HAS_ADDRESS
472340;472341;HAS_ADDRESS
472345;472346;HAS_ADDRESS
472350;472351;HAS_ADDRESS
472355;472356;HAS_ADDRESS
472360;472361;HAS_ADDRESS
472365;472366;HAS_ADDRESS
472370;472371;HAS_ADDRESS
472375;472376;HAS_ADDRESS
472380;472381;HAS_ADDRESS
472385;472386;HAS_ADDRESS
472390;472391;HAS_ADDRESS
472395;472396;HAS_ADDRESS
472400;472401;HAS_ADDRESS
472405;472406;HAS_ADDRESS
472410;472411;HAS_ADDRESS
472415;472416;HAS_ADDRESS
472420;472421;HAS_ADDRESS
472425;472426;HAS_ADDRESS
472430;472431;HAS_ADDRESS
472435;472436;HAS_ADDRESS
472440;472441;HAS_ADDRESS
472445;472446;HAS_ADDRESS
472450;472451;HAS_ADDRESS
472455;472456;HAS_ADDRESS
472460;472461;HAS_ADDRESS
472465;472466;HAS_ADDRESS
472470;472471;HAS_ADDRESS
472475;472476;HAS_ADDRESS
472480;472481;HAS_ADDRESS
472485;472486;HAS_ADDRESS
472490;472491;HAS_ADDRESS
472495;472496;HAS_ADDRESS
472500;472501;HAS_ADDRESS
472505;472506;HAS_ADDRESS
472510;472511;HAS_ADDRESS
472515;472516;HAS_ADDRESS
472520;472521;HAS_ADDRESS
472525;472526;HAS_ADDRESS
472530;472531;HAS_ADDRESS
472535;472536;HAS_ADDRESS
472540;472541;HAS_ADDRESS
472545;472546;HAS_ADDRESS
472550;472551;HAS_ADDRESS
472555;472556;HAS_ADDRESS
472560;472561;HAS_ADDRESS
472565;472566;HAS_ADDRESS
472570;472571;HAS_ADDRESS
472575;472576;HAS_ADDRESS
472580;472581;HAS_ADDRESS
472585;472586;HAS_ADDRESS
472590;472591;HAS_ADDRESS
472595;472596;HAS_ADDRESS
472600;472601;HAS_ADDRESS
472605;472606;HAS_ADDRESS
472610;472611;HAS_ADDRESS
472615;472616;HAS_ADDRESS
472620;472621;HAS_ADDRESS
472625;472626;HAS_ADDRESS
472630;472631;HAS_ADDRESS
472635;472636;HAS_ADDRESS
472640;472641;HAS_ADDRESS
472645;472646;HAS_ADDRESS
472650;472651;HAS_ADDRESS
472655;472656;HAS_ADDRESS
472660;472661;HAS_ADDRESS
472665;472666;HAS_ADDRESS
472670;472671;HAS_ADDRESS
472675;472676;HAS_ADDRESS
472680;472681;HAS_ADDRESS
472685;472686;HAS_ADDRESS
472690;472691;HAS_ADDRESS
472695;472696;HAS_ADDRESS
472700;472701;HAS_ADDRESS
472705;472706;HAS_ADDRESS
472710;472711;HAS_ADDRESS
472715;472716;HAS_ADDRESS
472720;472721;HAS_ADDRESS
472725;472726;HAS_ADDRESS
472730;472731;HAS_ADDRESS
472735;472736;HAS_ADDRESS
472740;472741;HAS_ADDRESS
472745;472746;HAS_ADDRESS
472750;472751;HAS_ADDRESS
472755;472756;HAS_ADDRESS
472760;472761;HAS_ADDRESS
472765;472766;HAS_ADDRESS
472770;472771;HAS_ADDRESS
472775;472776;HAS_ADDRESS
472780;472781;HAS_ADDRESS
472785;472786;HAS_ADDRESS
472790;472791;HAS_ADDRESS
472795;472796;HAS_ADDRESS
472800;472801;HAS_ADDRESS
472805;472806;HAS_ADDRESS
472810;472811;HAS_ADDRESS
472815;472816;HAS_ADDRESS
472820;472821;HAS_ADDRESS
472825;472826;HAS_ADDRESS
472830;472831;HAS_ADDRESS
472835;472836;HAS_ADDRESS
472840;472841;HAS_ADDRESS
472845;472846;HAS_ADDRESS
472850;472851;HAS_ADDRESS
472855;472856;HAS_ADDRESS
472860;472861;HAS_ADDRESS
472865;472866;HAS_ADDRESS
472870;472871;HAS_ADDRESS
472875;472876;HAS_ADDRESS
472880;472881;HAS_ADDRESS
472885;472886;HAS_ADDRESS
472890;472891;HAS_ADDRESS
472895;472896;HAS_ADDRESS
472900;472901;HAS_ADDRESS
472905;472906;HAS_ADDRESS
472910;472911;HAS_ADDRESS
472915;472916;HAS_ADDRESS
472920;472921;HAS_ADDRESS
472925;472926;HAS_ADDRESS
472930;472931;HAS_ADDRESS
472935;472936;HAS_ADDRESS
472940;472941;HAS_ADDRESS
472945;472946;HAS_ADDRESS
472950;472951;HAS_ADDRESS
472955;472956;HAS_ADDRESS
472960;472961;HAS_ADDRESS
472965;472966;HAS_ADDRESS
472970;472971;HAS_ADDRESS
472975;472976;HAS_ADDRESS
472980;472981;HAS_ADDRESS
472985;472986;HAS_ADDRESS
472990;472991;HAS_ADDRESS
472995;472996;HAS_ADDRESS
473000;473001;HAS_ADDRESS
473005;473006;HAS_ADDRESS
473010;473011;HAS_ADDRESS
473015;473016;HAS_ADDRESS
473020;473021;HAS_ADDRESS
473025;473026;HAS_ADDRESS
473030;473031;HAS_ADDRESS
473035;473036;HAS_ADDRESS
473040;473041;HAS_ADDRESS
473045;473046;HAS_ADDRESS
473050;473051;HAS_ADDRESS
473055;473056;HAS_ADDRESS
473060;473061;HAS_ADDRESS
473065;473066;HAS_ADDRESS
473070;473071;HAS_ADDRESS
473075;473076;HAS_ADDRESS
473080;473081;HAS_ADDRESS
473085;473086;HAS_ADDRESS
473090;473091;HAS_ADDRESS
473095;473096;HAS_ADDRESS
473100;473101;HAS_ADDRESS
473105;473106;HAS_ADDRESS
473110;473111;HAS_ADDRESS
473115;473116;HAS_ADDRESS
473120;473121;HAS_ADDRESS
473125;473126;HAS_ADDRESS
473130;473131;HAS_ADDRESS
473135;473136;HAS_ADDRESS
473140;473141;HAS_ADDRESS
473145;473146;HAS_ADDRESS
473150;473151;HAS_ADDRESS
473155;473156;HAS_ADDRESS
473160;473161;HAS_ADDRESS
473165;473166;HAS_ADDRESS
473170;473171;HAS_ADDRESS
473175;473176;HAS_ADDRESS
473180;473181;HAS_ADDRESS
473185;473186;HAS_ADDRESS
473190;473191;HAS_ADDRESS
473195;473196;HAS_ADDRESS
473200;473201;HAS_ADDRESS
473205;473206;HAS_ADDRESS
473210;473211;HAS_ADDRESS
473215;473216;HAS_ADDRESS
473220;473221;HAS_ADDRESS
473225;473226;HAS_ADDRESS
473230;473231;HAS_ADDRESS
473235;473236;HAS_ADDRESS
473240;473241;HAS_ADDRESS
473245;473246;HAS_ADDRESS
473250;473251;HAS_ADDRESS
473255;473256;HAS_ADDRESS
473260;473261;HAS_ADDRESS
473265;473266;HAS_ADDRESS
473270;473271;HAS_ADDRESS
473275;473276;HAS_ADDRESS
473280;473281;HAS_ADDRESS
473285;473286;HAS_ADDRESS
473290;473291;HAS_ADDRESS
473295;473296;HAS_ADDRESS
473300;473301;HAS_ADDRESS
473305;473306;HAS_ADDRESS
473310;473311;HAS_ADDRESS
473315;473316;HAS_ADDRESS
473320;473321;HAS_ADDRESS
473325;473326;HAS_ADDRESS
473330;473331;HAS_ADDRESS
473335;473336;HAS_ADDRESS
473340;473341;HAS_ADDRESS
473345;473346;HAS_ADDRESS
473350;473351;HAS_ADDRESS
473355;473356;HAS_ADDRESS
473360;473361;HAS_ADDRESS
473365;473366;HAS_ADDRESS
473370;473371;HAS_ADDRESS
473375;473376;HAS_ADDRESS
473380;473381;HAS_ADDRESS
473385;473386;HAS_ADDRESS
473390;473391;HAS_ADDRESS
473395;473396;HAS_ADDRESS
473400;473401;HAS_ADDRESS
473405;473406;HAS_ADDRESS
473410;473411;HAS_ADDRESS
473415;473416;HAS_ADDRESS
473420;473421;HAS_ADDRESS
473425;473426;HAS_ADDRESS
473430;473431;HAS_ADDRESS
473435;473436;HAS_ADDRESS
473440;473441;HAS_ADDRESS
473445;473446;HAS_ADDRESS
473450;473451;HAS_ADDRESS
473455;473456;HAS_ADDRESS
473460;473461;HAS_ADDRESS
473465;473466;HAS_ADDRESS
473470;473471;HAS_ADDRESS
473475;473476;HAS_ADDRESS
473480;473481;HAS_ADDRESS
473485;473486;HAS_ADDRESS
473490;473491;HAS_ADDRESS
473495;473496;HAS_ADDRESS
473500;473501;HAS_ADDRESS
473505;473506;HAS_ADDRESS
473510;473511;HAS_ADDRESS
473515;473516;HAS_ADDRESS
473520;473521;HAS_ADDRESS
473525;473526;HAS_ADDRESS
473530;473531;HAS_ADDRESS
473535;473536;HAS_ADDRESS
473540;473541;HAS_ADDRESS
473545;473546;HAS_ADDRESS
473550;473551;HAS_ADDRESS
473555;473556;HAS_ADDRESS
473560;473561;HAS_ADDRESS
473565;473566;HAS_ADDRESS
473570;473571;HAS_ADDRESS
473575;473576;HAS_ADDRESS
473580;473581;HAS_ADDRESS
473585;473586;HAS_ADDRESS
473590;473591;HAS_ADDRESS
473595;473596;HAS_ADDRESS
473600;473601;HAS_ADDRESS
473605;473606;HAS_ADDRESS
473610;473611;HAS_ADDRESS
473615;473616;HAS_ADDRESS
473620;473621;HAS_ADDRESS
473625;473626;HAS_ADDRESS
473630;473631;HAS_ADDRESS
473635;473636;HAS_ADDRESS
473640;473641;HAS_ADDRESS
473645;473646;HAS_ADDRESS
473650;473651;HAS_ADDRESS
473655;473656;HAS_ADDRESS
473660;473661;HAS_ADDRESS
473665;473666;HAS_ADDRESS
473670;473671;HAS_ADDRESS
473675;473676;HAS_ADDRESS
473680;473681;HAS_ADDRESS
473685;473686;HAS_ADDRESS
473690;473691;HAS_ADDRESS
473695;473696;HAS_ADDRESS
473700;473701;HAS_ADDRESS
473705;473706;HAS_ADDRESS
473710;473711;HAS_ADDRESS
473715;473716;HAS_ADDRESS
473720;473721;HAS_ADDRESS
473725;473726;HAS_ADDRESS
473730;473731;HAS_ADDRESS
473735;473736;HAS_ADDRESS
473740;473741;HAS_ADDRESS
473745;473746;HAS_ADDRESS
473750;473751;HAS_ADDRESS
473755;473756;HAS_ADDRESS
473760;473761;HAS_ADDRESS
473765;473766;HAS_ADDRESS
473770;473771;HAS_ADDRESS
473775;473776;HAS_ADDRESS
473780;473781;HAS_ADDRESS
473785;473786;HAS_ADDRESS
473790;473791;HAS_ADDRESS
473795;473796;HAS_ADDRESS
473800;473801;HAS_ADDRESS
473805;473806;HAS_ADDRESS
473810;473811;HAS_ADDRESS
473815;473816;HAS_ADDRESS
473820;473821;HAS_ADDRESS
473825;473826;HAS_ADDRESS
473830;473831;HAS_ADDRESS
473835;473836;HAS_ADDRESS
473840;473841;HAS_ADDRESS
473845;473846;HAS_ADDRESS
473850;473851;HAS_ADDRESS
473855;473856;HAS_ADDRESS
473860;473861;HAS_ADDRESS
473865;473866;HAS_ADDRESS
473870;473871;HAS_ADDRESS
473875;473876;HAS_ADDRESS
473880;473881;HAS_ADDRESS
473885;473886;HAS_ADDRESS
473890;473891;HAS_ADDRESS
473895;473896;HAS_ADDRESS
473900;473901;HAS_ADDRESS
473905;473906;HAS_ADDRESS
473910;473911;HAS_ADDRESS
473915;473916;HAS_ADDRESS
473920;473921;HAS_ADDRESS
473925;473926;HAS_ADDRESS
473930;473931;HAS_ADDRESS
473935;473936;HAS_ADDRESS
473940;473941;HAS_ADDRESS
473945;473946;HAS_ADDRESS
473950;473951;HAS_ADDRESS
473955;473956;HAS_ADDRESS
473960;473961;HAS_ADDRESS
473965;473966;HAS_ADDRESS
473970;473971;HAS_ADDRESS
473975;473976;HAS_ADDRESS
473980;473981;HAS_ADDRESS
473985;473986;HAS_ADDRESS
473990;473991;HAS_ADDRESS
473995;473996;HAS_ADDRESS
474000;474001;HAS_ADDRESS
474005;474006;HAS_ADDRESS
474010;474011;HAS_ADDRESS
474015;474016;HAS_ADDRESS
474020;474021;HAS_ADDRESS
474025;474026;HAS_ADDRESS
474030;474031;HAS_ADDRESS
474035;474036;HAS_ADDRESS
474040;474041;HAS_ADDRESS
474045;474046;HAS_ADDRESS
474050;474051;HAS_ADDRESS
474055;474056;HAS_ADDRESS
474060;474061;HAS_ADDRESS
474065;474066;HAS_ADDRESS
474070;474071;HAS_ADDRESS
474075;474076;HAS_ADDRESS
474080;474081;HAS_ADDRESS
474085;474086;HAS_ADDRESS
474090;474091;HAS_ADDRESS
474095;474096;HAS_ADDRESS
474100;474101;HAS_ADDRESS
474105;474106;HAS_ADDRESS
474110;474111;HAS_ADDRESS
474115;474116;HAS_ADDRESS
474120;474121;HAS_ADDRESS
474125;474126;HAS_ADDRESS
474130;474131;HAS_ADDRESS
474135;474136;HAS_ADDRESS
474140;474141;HAS_ADDRESS
474145;474146;HAS_ADDRESS
474150;474151;HAS_ADDRESS
474155;474156;HAS_ADDRESS
474160;474161;HAS_ADDRESS
474165;474166;HAS_ADDRESS
474170;474171;HAS_ADDRESS
474175;474176;HAS_ADDRESS
474180;474181;HAS_ADDRESS
474185;474186;HAS_ADDRESS
474190;474191;HAS_ADDRESS
474195;474196;HAS_ADDRESS
474200;474201;HAS_ADDRESS
474205;474206;HAS_ADDRESS
474210;474211;HAS_ADDRESS
474215;474216;HAS_ADDRESS
474220;474221;HAS_ADDRESS
474225;474226;HAS_ADDRESS
474230;474231;HAS_ADDRESS
474235;474236;HAS_ADDRESS
474240;474241;HAS_ADDRESS
474245;474246;HAS_ADDRESS
474250;474251;HAS_ADDRESS
474255;474256;HAS_ADDRESS
474260;474261;HAS_ADDRESS
474265;474266;HAS_ADDRESS
474270;474271;HAS_ADDRESS
474275;474276;HAS_ADDRESS
474280;474281;HAS_ADDRESS
474285;474286;HAS_ADDRESS
474290;474291;HAS_ADDRESS
474295;474296;HAS_ADDRESS
474300;474301;HAS_ADDRESS
474305;474306;HAS_ADDRESS
474310;474311;HAS_ADDRESS
474315;474316;HAS_ADDRESS
474320;474321;HAS_ADDRESS
474325;474326;HAS_ADDRESS
474330;474331;HAS_ADDRESS
474335;474336;HAS_ADDRESS
474340;474341;HAS_ADDRESS
474345;474346;HAS_ADDRESS
474350;474351;HAS_ADDRESS
474355;474356;HAS_ADDRESS
474360;474361;HAS_ADDRESS
474365;474366;HAS_ADDRESS
474370;474371;HAS_ADDRESS
474375;474376;HAS_ADDRESS
474380;474381;HAS_ADDRESS
474385;474386;HAS_ADDRESS
474390;474391;HAS_ADDRESS
474395;474396;HAS_ADDRESS
474400;474401;HAS_ADDRESS
474405;474406;HAS_ADDRESS
474410;474411;HAS_ADDRESS
474415;474416;HAS_ADDRESS
474420;474421;HAS_ADDRESS
474425;474426;HAS_ADDRESS
474430;474431;HAS_ADDRESS
474435;474436;HAS_ADDRESS
474440;474441;HAS_ADDRESS
474445;474446;HAS_ADDRESS
474450;474451;HAS_ADDRESS
474455;474456;HAS_ADDRESS
474460;474461;HAS_ADDRESS
474465;474466;HAS_ADDRESS
474470;474471;HAS_ADDRESS
474475;474476;HAS_ADDRESS
474480;474481;HAS_ADDRESS
474485;474486;HAS_ADDRESS
474490;474491;HAS_ADDRESS
474495;474496;HAS_ADDRESS
474500;474501;HAS_ADDRESS
474505;474506;HAS_ADDRESS
474510;474511;HAS_ADDRESS
474515;474516;HAS_ADDRESS
474520;474521;HAS_ADDRESS
474525;474526;HAS_ADDRESS
474530;474531;HAS_ADDRESS
474535;474536;HAS_ADDRESS
474540;474541;HAS_ADDRESS
474545;474546;HAS_ADDRESS
474550;474551;HAS_ADDRESS
474555;474556;HAS_ADDRESS
474560;474561;HAS_ADDRESS
474565;474566;HAS_ADDRESS
474570;474571;HAS_ADDRESS
474575;474576;HAS_ADDRESS
474580;474581;HAS_ADDRESS
474585;474586;HAS_ADDRESS
474590;474591;HAS_ADDRESS
474595;474596;HAS_ADDRESS
474600;474601;HAS_ADDRESS
474605;474606;HAS_ADDRESS
474610;474611;HAS_ADDRESS
474615;474616;HAS_ADDRESS
474620;474621;HAS_ADDRESS
474625;474626;HAS_ADDRESS
474630;474631;HAS_ADDRESS
474635;474636;HAS_ADDRESS
474640;474641;HAS_ADDRESS
474645;474646;HAS_ADDRESS
474650;474651;HAS_ADDRESS
474655;474656;HAS_ADDRESS
474660;474661;HAS_ADDRESS
474665;474666;HAS_ADDRESS
474670;474671;HAS_ADDRESS
474675;474676;HAS_ADDRESS
474680;474681;HAS_ADDRESS
474685;474686;HAS_ADDRESS
474690;474691;HAS_ADDRESS
474695;474696;HAS_ADDRESS
474700;474701;HAS_ADDRESS
474705;474706;HAS_ADDRESS
474710;474711;HAS_ADDRESS
474715;474716;HAS_ADDRESS
474720;474721;HAS_ADDRESS
474725;474726;HAS_ADDRESS
474730;474731;HAS_ADDRESS
474735;474736;HAS_ADDRESS
474740;474741;HAS_ADDRESS
474745;474746;HAS_ADDRESS
474750;474751;HAS_ADDRESS
474755;474756;HAS_ADDRESS
474760;474761;HAS_ADDRESS
474765;474766;HAS_ADDRESS
474770;474771;HAS_ADDRESS
474775;474776;HAS_ADDRESS
474780;474781;HAS_ADDRESS
474785;474786;HAS_ADDRESS
474790;474791;HAS_ADDRESS
474795;474796;HAS_ADDRESS
474800;474801;HAS_ADDRESS
474805;474806;HAS_ADDRESS
474810;474811;HAS_ADDRESS
474815;474816;HAS_ADDRESS
474820;474821;HAS_ADDRESS
474825;474826;HAS_ADDRESS
474830;474831;HAS_ADDRESS
474835;474836;HAS_ADDRESS
474840;474841;HAS_ADDRESS
474845;474846;HAS_ADDRESS
474850;474851;HAS_ADDRESS
474855;474856;HAS_ADDRESS
474860;474861;HAS_ADDRESS
474865;474866;HAS_ADDRESS
474870;474871;HAS_ADDRESS
474875;474876;HAS_ADDRESS
474880;474881;HAS_ADDRESS
474885;474886;HAS_ADDRESS
474890;474891;HAS_ADDRESS
474895;474896;HAS_ADDRESS
474900;474901;HAS_ADDRESS
474905;474906;HAS_ADDRESS
474910;474911;HAS_ADDRESS
474915;474916;HAS_ADDRESS
474920;474921;HAS_ADDRESS
474925;474926;HAS_ADDRESS
474930;474931;HAS_ADDRESS
474935;474936;HAS_ADDRESS
474940;474941;HAS_ADDRESS
474945;474946;HAS_ADDRESS
474950;474951;HAS_ADDRESS
474955;474956;HAS_ADDRESS
474960;474961;HAS_ADDRESS
474965;474966;HAS_ADDRESS
474970;474971;HAS_ADDRESS
474975;474976;HAS_ADDRESS
474980;474981;HAS_ADDRESS
474985;474986;HAS_ADDRESS
474990;474991;HAS_ADDRESS
474995;474996;HAS_ADDRESS
475000;475001;HAS_ADDRESS
475005;475006;HAS_ADDRESS
475010;475011;HAS_ADDRESS
475015;475016;HAS_ADDRESS
475020;475021;HAS_ADDRESS
475025;475026;HAS_ADDRESS
475030;475031;HAS_ADDRESS
475035;475036;HAS_ADDRESS
475040;475041;HAS_ADDRESS
475045;475046;HAS_ADDRESS
475050;475051;HAS_ADDRESS
475055;475056;HAS_ADDRESS
475060;475061;HAS_ADDRESS
475065;475066;HAS_ADDRESS
475070;475071;HAS_ADDRESS
475075;475076;HAS_ADDRESS
475080;475081;HAS_ADDRESS
475085;475086;HAS_ADDRESS
475090;475091;HAS_ADDRESS
475095;475096;HAS_ADDRESS
475100;475101;HAS_ADDRESS
475105;475106;HAS_ADDRESS
475110;475111;HAS_ADDRESS
475115;475116;HAS_ADDRESS
475120;475121;HAS_ADDRESS
475125;475126;HAS_ADDRESS
475130;475131;HAS_ADDRESS
475135;475136;HAS_ADDRESS
475140;475141;HAS_ADDRESS
475145;475146;HAS_ADDRESS
475150;475151;HAS_ADDRESS
475155;475156;HAS_ADDRESS
475160;475161;HAS_ADDRESS
475165;475166;HAS_ADDRESS
475170;475171;HAS_ADDRESS
475175;475176;HAS_ADDRESS
475180;475181;HAS_ADDRESS
475185;475186;HAS_ADDRESS
475190;475191;HAS_ADDRESS
475195;475196;HAS_ADDRESS
475200;475201;HAS_ADDRESS
475205;475206;HAS_ADDRESS
475210;475211;HAS_ADDRESS
475215;475216;HAS_ADDRESS
475220;475221;HAS_ADDRESS
475225;475226;HAS_ADDRESS
475230;475231;HAS_ADDRESS
475235;475236;HAS_ADDRESS
475240;475241;HAS_ADDRESS
475245;475246;HAS_ADDRESS
475250;475251;HAS_ADDRESS
475255;475256;HAS_ADDRESS
475260;475261;HAS_ADDRESS
475265;475266;HAS_ADDRESS
475270;475271;HAS_ADDRESS
475275;475276;HAS_ADDRESS
475280;475281;HAS_ADDRESS
475285;475286;HAS_ADDRESS
475290;475291;HAS_ADDRESS
475295;475296;HAS_ADDRESS
475300;475301;HAS_ADDRESS
475305;475306;HAS_ADDRESS
475310;475311;HAS_ADDRESS
475315;475316;HAS_ADDRESS
475320;475321;HAS_ADDRESS
475325;475326;HAS_ADDRESS
475330;475331;HAS_ADDRESS
475335;475336;HAS_ADDRESS
475340;475341;HAS_ADDRESS
475345;475346;HAS_ADDRESS
475350;475351;HAS_ADDRESS
475355;475356;HAS_ADDRESS
475360;475361;HAS_ADDRESS
475365;475366;HAS_ADDRESS
475370;475371;HAS_ADDRESS
475375;475376;HAS_ADDRESS
475380;475381;HAS_ADDRESS
475385;475386;HAS_ADDRESS
475390;475391;HAS_ADDRESS
475395;475396;HAS_ADDRESS
475400;475401;HAS_ADDRESS
475405;475406;HAS_ADDRESS
475410;475411;HAS_ADDRESS
475415;475416;HAS_ADDRESS
475420;475421;HAS_ADDRESS
475425;475426;HAS_ADDRESS
475430;475431;HAS_ADDRESS
475435;475436;HAS_ADDRESS
475440;475441;HAS_ADDRESS
475445;475446;HAS_ADDRESS
475450;475451;HAS_ADDRESS
475455;475456;HAS_ADDRESS
475460;475461;HAS_ADDRESS
475465;475466;HAS_ADDRESS
475470;475471;HAS_ADDRESS
475475;475476;HAS_ADDRESS
475480;475481;HAS_ADDRESS
475485;475486;HAS_ADDRESS
475490;475491;HAS_ADDRESS
475495;475496;HAS_ADDRESS
475500;475501;HAS_ADDRESS
475505;475506;HAS_ADDRESS
475510;475511;HAS_ADDRESS
475515;475516;HAS_ADDRESS
475520;475521;HAS_ADDRESS
475525;475526;HAS_ADDRESS
475530;475531;HAS_ADDRESS
475535;475536;HAS_ADDRESS
475540;475541;HAS_ADDRESS
475545;475546;HAS_ADDRESS
475550;475551;HAS_ADDRESS
475555;475556;HAS_ADDRESS
475560;475561;HAS_ADDRESS
475565;475566;HAS_ADDRESS
475570;475571;HAS_ADDRESS
475575;475576;HAS_ADDRESS
475580;475581;HAS_ADDRESS
475585;475586;HAS_ADDRESS
475590;475591;HAS_ADDRESS
475595;475596;HAS_ADDRESS
475600;475601;HAS_ADDRESS
475605;475606;HAS_ADDRESS
475610;475611;HAS_ADDRESS
475615;475616;HAS_ADDRESS
475620;475621;HAS_ADDRESS
475625;475626;HAS_ADDRESS
475630;475631;HAS_ADDRESS
475635;475636;HAS_ADDRESS
475640;475641;HAS_ADDRESS
475645;475646;HAS_ADDRESS
475650;475651;HAS_ADDRESS
475655;475656;HAS_ADDRESS
475660;475661;HAS_ADDRESS
475665;475666;HAS_ADDRESS
475670;475671;HAS_ADDRESS
475675;475676;HAS_ADDRESS
475680;475681;HAS_ADDRESS
475685;475686;HAS_ADDRESS
475690;475691;HAS_ADDRESS
475695;475696;HAS_ADDRESS
475700;475701;HAS_ADDRESS
475705;475706;HAS_ADDRESS
475710;475711;HAS_ADDRESS
475715;475716;HAS_ADDRESS
475720;475721;HAS_ADDRESS
475725;475726;HAS_ADDRESS
475730;475731;HAS_ADDRESS
475735;475736;HAS_ADDRESS
475740;475741;HAS_ADDRESS
475745;475746;HAS_ADDRESS
475750;475751;HAS_ADDRESS
475755;475756;HAS_ADDRESS
475760;475761;HAS_ADDRESS
475765;475766;HAS_ADDRESS
475770;475771;HAS_ADDRESS
475775;475776;HAS_ADDRESS
475780;475781;HAS_ADDRESS
475785;475786;HAS_ADDRESS
475790;475791;HAS_ADDRESS
475795;475796;HAS_ADDRESS
475800;475801;HAS_ADDRESS
475805;475806;HAS_ADDRESS
475810;475811;HAS_ADDRESS
475815;475816;HAS_ADDRESS
475820;475821;HAS_ADDRESS
475825;475826;HAS_ADDRESS
475830;475831;HAS_ADDRESS
475835;475836;HAS_ADDRESS
475840;475841;HAS_ADDRESS
475845;475846;HAS_ADDRESS
475850;475851;HAS_ADDRESS
475855;475856;HAS_ADDRESS
475860;475861;HAS_ADDRESS
475865;475866;HAS_ADDRESS
475870;475871;HAS_ADDRESS
475875;475876;HAS_ADDRESS
475880;475881;HAS_ADDRESS
475885;475886;HAS_ADDRESS
475890;475891;HAS_ADDRESS
475895;475896;HAS_ADDRESS
475900;475901;HAS_ADDRESS
475905;475906;HAS_ADDRESS
475910;475911;HAS_ADDRESS
475915;475916;HAS_ADDRESS
475920;475921;HAS_ADDRESS
475925;475926;HAS_ADDRESS
475930;475931;HAS_ADDRESS
475935;475936;HAS_ADDRESS
475940;475941;HAS_ADDRESS
475945;475946;HAS_ADDRESS
475950;475951;HAS_ADDRESS
475955;475956;HAS_ADDRESS
475960;475961;HAS_ADDRESS
475965;475966;HAS_ADDRESS
475970;475971;HAS_ADDRESS
475975;475976;HAS_ADDRESS
475980;475981;HAS_ADDRESS
475985;475986;HAS_ADDRESS
475990;475991;HAS_ADDRESS
475995;475996;HAS_ADDRESS
476000;476001;HAS_ADDRESS
476005;476006;HAS_ADDRESS
476010;476011;HAS_ADDRESS
476015;476016;HAS_ADDRESS
476020;476021;HAS_ADDRESS
476025;476026;HAS_ADDRESS
476030;476031;HAS_ADDRESS
476035;476036;HAS_ADDRESS
476040;476041;HAS_ADDRESS
476045;476046;HAS_ADDRESS
476050;476051;HAS_ADDRESS
476055;476056;HAS_ADDRESS
476060;476061;HAS_ADDRESS
476065;476066;HAS_ADDRESS
476070;476071;HAS_ADDRESS
476075;476076;HAS_ADDRESS
476080;476081;HAS_ADDRESS
476085;476086;HAS_ADDRESS
476090;476091;HAS_ADDRESS
476095;476096;HAS_ADDRESS
476100;476101;HAS_ADDRESS
476105;476106;HAS_ADDRESS
476110;476111;HAS_ADDRESS
476115;476116;HAS_ADDRESS
476120;476121;HAS_ADDRESS
476125;476126;HAS_ADDRESS
476130;476131;HAS_ADDRESS
476135;476136;HAS_ADDRESS
476140;476141;HAS_ADDRESS
476145;476146;HAS_ADDRESS
476150;476151;HAS_ADDRESS
476155;476156;HAS_ADDRESS
476160;476161;HAS_ADDRESS
476165;476166;HAS_ADDRESS
476170;476171;HAS_ADDRESS
476175;476176;HAS_ADDRESS
476180;476181;HAS_ADDRESS
476185;476186;HAS_ADDRESS
476190;476191;HAS_ADDRESS
476195;476196;HAS_ADDRESS
476200;476201;HAS_ADDRESS
476205;476206;HAS_ADDRESS
476210;476211;HAS_ADDRESS
476215;476216;HAS_ADDRESS
476220;476221;HAS_ADDRESS
476225;476226;HAS_ADDRESS
476230;476231;HAS_ADDRESS
476235;476236;HAS_ADDRESS
476240;476241;HAS_ADDRESS
476245;476246;HAS_ADDRESS
476250;476251;HAS_ADDRESS
476255;476256;HAS_ADDRESS
476260;476261;HAS_ADDRESS
476265;476266;HAS_ADDRESS
476270;476271;HAS_ADDRESS
476275;476276;HAS_ADDRESS
476280;476281;HAS_ADDRESS
476285;476286;HAS_ADDRESS
476290;476291;HAS_ADDRESS
476295;476296;HAS_ADDRESS
476300;476301;HAS_ADDRESS
476305;476306;HAS_ADDRESS
476310;476311;HAS_ADDRESS
476315;476316;HAS_ADDRESS
476320;476321;HAS_ADDRESS
476325;476326;HAS_ADDRESS
476330;476331;HAS_ADDRESS
476335;476336;HAS_ADDRESS
476340;476341;HAS_ADDRESS
476345;476346;HAS_ADDRESS
476350;476351;HAS_ADDRESS
476355;476356;HAS_ADDRESS
476360;476361;HAS_ADDRESS
476365;476366;HAS_ADDRESS
476370;476371;HAS_ADDRESS
476375;476376;HAS_ADDRESS
476380;476381;HAS_ADDRESS
476385;476386;HAS_ADDRESS
476390;476391;HAS_ADDRESS
476395;476396;HAS_ADDRESS
476400;476401;HAS_ADDRESS
476405;476406;HAS_ADDRESS
476410;476411;HAS_ADDRESS
476415;476416;HAS_ADDRESS
476420;476421;HAS_ADDRESS
476425;476426;HAS_ADDRESS
476430;476431;HAS_ADDRESS
476435;476436;HAS_ADDRESS
476440;476441;HAS_ADDRESS
476445;476446;HAS_ADDRESS
476450;476451;HAS_ADDRESS
476455;476456;HAS_ADDRESS
476460;476461;HAS_ADDRESS
476465;476466;HAS_ADDRESS
476470;476471;HAS_ADDRESS
476475;476476;HAS_ADDRESS
476480;476481;HAS_ADDRESS
476485;476486;HAS_ADDRESS
476490;476491;HAS_ADDRESS
476495;476496;HAS_ADDRESS
476500;476501;HAS_ADDRESS
476505;476506;HAS_ADDRESS
476510;476511;HAS_ADDRESS
476515;476516;HAS_ADDRESS
476520;476521;HAS_ADDRESS
476525;476526;HAS_ADDRESS
476530;476531;HAS_ADDRESS
476535;476536;HAS_ADDRESS
476540;476541;HAS_ADDRESS
476545;476546;HAS_ADDRESS
476550;476551;HAS_ADDRESS
476555;476556;HAS_ADDRESS
476560;476561;HAS_ADDRESS
476565;476566;HAS_ADDRESS
476570;476571;HAS_ADDRESS
476575;476576;HAS_ADDRESS
476580;476581;HAS_ADDRESS
476585;476586;HAS_ADDRESS
476590;476591;HAS_ADDRESS
476595;476596;HAS_ADDRESS
476600;476601;HAS_ADDRESS
476605;476606;HAS_ADDRESS
476610;476611;HAS_ADDRESS
476615;476616;HAS_ADDRESS
476620;476621;HAS_ADDRESS
476625;476626;HAS_ADDRESS
476630;476631;HAS_ADDRESS
476635;476636;HAS_ADDRESS
476640;476641;HAS_ADDRESS
476645;476646;HAS_ADDRESS
476650;476651;HAS_ADDRESS
476655;476656;HAS_ADDRESS
476660;476661;HAS_ADDRESS
476665;476666;HAS_ADDRESS
476670;476671;HAS_ADDRESS
476675;476676;HAS_ADDRESS
476680;476681;HAS_ADDRESS
476685;476686;HAS_ADDRESS
476690;476691;HAS_ADDRESS
476695;476696;HAS_ADDRESS
476700;476701;HAS_ADDRESS
476705;476706;HAS_ADDRESS
476710;476711;HAS_ADDRESS
476715;476716;HAS_ADDRESS
476720;476721;HAS_ADDRESS
476725;476726;HAS_ADDRESS
476730;476731;HAS_ADDRESS
476735;476736;HAS_ADDRESS
476740;476741;HAS_ADDRESS
476745;476746;HAS_ADDRESS
476750;476751;HAS_ADDRESS
476755;476756;HAS_ADDRESS
476760;476761;HAS_ADDRESS
476765;476766;HAS_ADDRESS
476770;476771;HAS_ADDRESS
476775;476776;HAS_ADDRESS
476780;476781;HAS_ADDRESS
476785;476786;HAS_ADDRESS
476790;476791;HAS_ADDRESS
476795;476796;HAS_ADDRESS
476800;476801;HAS_ADDRESS
476805;476806;HAS_ADDRESS
476810;476811;HAS_ADDRESS
476815;476816;HAS_ADDRESS
476820;476821;HAS_ADDRESS
476825;476826;HAS_ADDRESS
476830;476831;HAS_ADDRESS
476835;476836;HAS_ADDRESS
476840;476841;HAS_ADDRESS
476845;476846;HAS_ADDRESS
476850;476851;HAS_ADDRESS
476855;476856;HAS_ADDRESS
476860;476861;HAS_ADDRESS
476865;476866;HAS_ADDRESS
476870;476871;HAS_ADDRESS
476875;476876;HAS_ADDRESS
476880;476881;HAS_ADDRESS
476885;476886;HAS_ADDRESS
476890;476891;HAS_ADDRESS
476895;476896;HAS_ADDRESS
476900;476901;HAS_ADDRESS
476905;476906;HAS_ADDRESS
476910;476911;HAS_ADDRESS
476915;476916;HAS_ADDRESS
476920;476921;HAS_ADDRESS
476925;476926;HAS_ADDRESS
476930;476931;HAS_ADDRESS
476935;476936;HAS_ADDRESS
476940;476941;HAS_ADDRESS
476945;476946;HAS_ADDRESS
476950;476951;HAS_ADDRESS
476955;476956;HAS_ADDRESS
476960;476961;HAS_ADDRESS
476965;476966;HAS_ADDRESS
476970;476971;HAS_ADDRESS
476975;476976;HAS_ADDRESS
476980;476981;HAS_ADDRESS
476985;476986;HAS_ADDRESS
476990;476991;HAS_ADDRESS
476995;476996;HAS_ADDRESS
477000;477001;HAS_ADDRESS
477005;477006;HAS_ADDRESS
477010;477011;HAS_ADDRESS
477015;477016;HAS_ADDRESS
477020;477021;HAS_ADDRESS
477025;477026;HAS_ADDRESS
477030;477031;HAS_ADDRESS
477035;477036;HAS_ADDRESS
477040;477041;HAS_ADDRESS
477045;477046;HAS_ADDRESS
477050;477051;HAS_ADDRESS
477055;477056;HAS_ADDRESS
477060;477061;HAS_ADDRESS
477065;477066;HAS_ADDRESS
477070;477071;HAS_ADDRESS
477075;477076;HAS_ADDRESS
477080;477081;HAS_ADDRESS
477085;477086;HAS_ADDRESS
477090;477091;HAS_ADDRESS
477095;477096;HAS_ADDRESS
477100;477101;HAS_ADDRESS
477105;477106;HAS_ADDRESS
477110;477111;HAS_ADDRESS
477115;477116;HAS_ADDRESS
477120;477121;HAS_ADDRESS
477125;477126;HAS_ADDRESS
477130;477131;HAS_ADDRESS
477135;477136;HAS_ADDRESS
477140;477141;HAS_ADDRESS
477145;477146;HAS_ADDRESS
477150;477151;HAS_ADDRESS
477155;477156;HAS_ADDRESS
477160;477161;HAS_ADDRESS
477165;477166;HAS_ADDRESS
477170;477171;HAS_ADDRESS
477175;477176;HAS_ADDRESS
477180;477181;HAS_ADDRESS
477185;477186;HAS_ADDRESS
477190;477191;HAS_ADDRESS
477195;477196;HAS_ADDRESS
477200;477201;HAS_ADDRESS
477205;477206;HAS_ADDRESS
477210;477211;HAS_ADDRESS
477215;477216;HAS_ADDRESS
477220;477221;HAS_ADDRESS
477225;477226;HAS_ADDRESS
477230;477231;HAS_ADDRESS
477235;477236;HAS_ADDRESS
477240;477241;HAS_ADDRESS
477245;477246;HAS_ADDRESS
477250;477251;HAS_ADDRESS
477255;477256;HAS_ADDRESS
477260;477261;HAS_ADDRESS
477265;477266;HAS_ADDRESS
477270;477271;HAS_ADDRESS
477275;477276;HAS_ADDRESS
477280;477281;HAS_ADDRESS
477285;477286;HAS_ADDRESS
477290;477291;HAS_ADDRESS
477295;477296;HAS_ADDRESS
477300;477301;HAS_ADDRESS
477305;477306;HAS_ADDRESS
477310;477311;HAS_ADDRESS
477315;477316;HAS_ADDRESS
477320;477321;HAS_ADDRESS
477325;477326;HAS_ADDRESS
477330;477331;HAS_ADDRESS
477335;477336;HAS_ADDRESS
477340;477341;HAS_ADDRESS
477345;477346;HAS_ADDRESS
477350;477351;HAS_ADDRESS
477355;477356;HAS_ADDRESS
477360;477361;HAS_ADDRESS
477365;477366;HAS_ADDRESS
477370;477371;HAS_ADDRESS
477375;477376;HAS_ADDRESS
477380;477381;HAS_ADDRESS
477385;477386;HAS_ADDRESS
477390;477391;HAS_ADDRESS
477395;477396;HAS_ADDRESS
477400;477401;HAS_ADDRESS
477405;477406;HAS_ADDRESS
477410;477411;HAS_ADDRESS
477415;477416;HAS_ADDRESS
477420;477421;HAS_ADDRESS
477425;477426;HAS_ADDRESS
477430;477431;HAS_ADDRESS
477435;477436;HAS_ADDRESS
477440;477441;HAS_ADDRESS
477445;477446;HAS_ADDRESS
477450;477451;HAS_ADDRESS
477455;477456;HAS_ADDRESS
477460;477461;HAS_ADDRESS
477465;477466;HAS_ADDRESS
477470;477471;HAS_ADDRESS
477475;477476;HAS_ADDRESS
477480;477481;HAS_ADDRESS
477485;477486;HAS_ADDRESS
477490;477491;HAS_ADDRESS
477495;477496;HAS_ADDRESS
477500;477501;HAS_ADDRESS
477505;477506;HAS_ADDRESS
477510;477511;HAS_ADDRESS
477515;477516;HAS_ADDRESS
477520;477521;HAS_ADDRESS
477525;477526;HAS_ADDRESS
477530;477531;HAS_ADDRESS
477535;477536;HAS_ADDRESS
477540;477541;HAS_ADDRESS
477545;477546;HAS_ADDRESS
477550;477551;HAS_ADDRESS
477555;477556;HAS_ADDRESS
477560;477561;HAS_ADDRESS
477565;477566;HAS_ADDRESS
477570;477571;HAS_ADDRESS
477575;477576;HAS_ADDRESS
477580;477581;HAS_ADDRESS
477585;477586;HAS_ADDRESS
477590;477591;HAS_ADDRESS
477595;477596;HAS_ADDRESS
477600;477601;HAS_ADDRESS
477605;477606;HAS_ADDRESS
477610;477611;HAS_ADDRESS
477615;477616;HAS_ADDRESS
477620;477621;HAS_ADDRESS
477625;477626;HAS_ADDRESS
477630;477631;HAS_ADDRESS
477635;477636;HAS_ADDRESS
477640;477641;HAS_ADDRESS
477645;477646;HAS_ADDRESS
477650;477651;HAS_ADDRESS
477655;477656;HAS_ADDRESS
477660;477661;HAS_ADDRESS
477665;477666;HAS_ADDRESS
477670;477671;HAS_ADDRESS
477675;477676;HAS_ADDRESS
477680;477681;HAS_ADDRESS
477685;477686;HAS_ADDRESS
477690;477691;HAS_ADDRESS
477695;477696;HAS_ADDRESS
477700;477701;HAS_ADDRESS
477705;477706;HAS_ADDRESS
477710;477711;HAS_ADDRESS
477715;477716;HAS_ADDRESS
477720;477721;HAS_ADDRESS
477725;477726;HAS_ADDRESS
477730;477731;HAS_ADDRESS
477735;477736;HAS_ADDRESS
477740;477741;HAS_ADDRESS
477745;477746;HAS_ADDRESS
477750;477751;HAS_ADDRESS
477755;477756;HAS_ADDRESS
477760;477761;HAS_ADDRESS
477765;477766;HAS_ADDRESS
477770;477771;HAS_ADDRESS
477775;477776;HAS_ADDRESS
477780;477781;HAS_ADDRESS
477785;477786;HAS_ADDRESS
477790;477791;HAS_ADDRESS
477795;477796;HAS_ADDRESS
477800;477801;HAS_ADDRESS
477805;477806;HAS_ADDRESS
477810;477811;HAS_ADDRESS
477815;477816;HAS_ADDRESS
477820;477821;HAS_ADDRESS
477825;477826;HAS_ADDRESS
477830;477831;HAS_ADDRESS
477835;477836;HAS_ADDRESS
477840;477841;HAS_ADDRESS
477845;477846;HAS_ADDRESS
477850;477851;HAS_ADDRESS
477855;477856;HAS_ADDRESS
477860;477861;HAS_ADDRESS
477865;477866;HAS_ADDRESS
477870;477871;HAS_ADDRESS
477875;477876;HAS_ADDRESS
477880;477881;HAS_ADDRESS
477885;477886;HAS_ADDRESS
477890;477891;HAS_ADDRESS
477895;477896;HAS_ADDRESS
477900;477901;HAS_ADDRESS
477905;477906;HAS_ADDRESS
477910;477911;HAS_ADDRESS
477915;477916;HAS_ADDRESS
477920;477921;HAS_ADDRESS
477925;477926;HAS_ADDRESS
477930;477931;HAS_ADDRESS
477935;477936;HAS_ADDRESS
477940;477941;HAS_ADDRESS
477945;477946;HAS_ADDRESS
477950;477951;HAS_ADDRESS
477955;477956;HAS_ADDRESS
477960;477961;HAS_ADDRESS
477965;477966;HAS_ADDRESS
477970;477971;HAS_ADDRESS
477975;477976;HAS_ADDRESS
477980;477981;HAS_ADDRESS
477985;477986;HAS_ADDRESS
477990;477991;HAS_ADDRESS
477995;477996;HAS_ADDRESS
478000;478001;HAS_ADDRESS
478005;478006;HAS_ADDRESS
478010;478011;HAS_ADDRESS
478015;478016;HAS_ADDRESS
478020;478021;HAS_ADDRESS
478025;478026;HAS_ADDRESS
478030;478031;HAS_ADDRESS
478035;478036;HAS_ADDRESS
478040;478041;HAS_ADDRESS
478045;478046;HAS_ADDRESS
478050;478051;HAS_ADDRESS
478055;478056;HAS_ADDRESS
478060;478061;HAS_ADDRESS
478065;478066;HAS_ADDRESS
478070;478071;HAS_ADDRESS
478075;478076;HAS_ADDRESS
478080;478081;HAS_ADDRESS
478085;478086;HAS_ADDRESS
478090;478091;HAS_ADDRESS
478095;478096;HAS_ADDRESS
478100;478101;HAS_ADDRESS
478105;478106;HAS_ADDRESS
478110;478111;HAS_ADDRESS
478115;478116;HAS_ADDRESS
478120;478121;HAS_ADDRESS
478125;478126;HAS_ADDRESS
478130;478131;HAS_ADDRESS
478135;478136;HAS_ADDRESS
478140;478141;HAS_ADDRESS
478145;478146;HAS_ADDRESS
478150;478151;HAS_ADDRESS
478155;478156;HAS_ADDRESS
478160;478161;HAS_ADDRESS
478165;478166;HAS_ADDRESS
478170;478171;HAS_ADDRESS
478175;478176;HAS_ADDRESS
478180;478181;HAS_ADDRESS
478185;478186;HAS_ADDRESS
478190;478191;HAS_ADDRESS
478195;478196;HAS_ADDRESS
478200;478201;HAS_ADDRESS
478205;478206;HAS_ADDRESS
478210;478211;HAS_ADDRESS
478215;478216;HAS_ADDRESS
478220;478221;HAS_ADDRESS
478225;478226;HAS_ADDRESS
478230;478231;HAS_ADDRESS
478235;478236;HAS_ADDRESS
478240;478241;HAS_ADDRESS
478245;478246;HAS_ADDRESS
478250;478251;HAS_ADDRESS
478255;478256;HAS_ADDRESS
478260;478261;HAS_ADDRESS
478265;478266;HAS_ADDRESS
478270;478271;HAS_ADDRESS
478275;478276;HAS_ADDRESS
478280;478281;HAS_ADDRESS
478285;478286;HAS_ADDRESS
478290;478291;HAS_ADDRESS
478295;478296;HAS_ADDRESS
478300;478301;HAS_ADDRESS
478305;478306;HAS_ADDRESS
478310;478311;HAS_ADDRESS
478315;478316;HAS_ADDRESS
478320;478321;HAS_ADDRESS
478325;478326;HAS_ADDRESS
478330;478331;HAS_ADDRESS
478335;478336;HAS_ADDRESS
478340;478341;HAS_ADDRESS
478345;478346;HAS_ADDRESS
478350;478351;HAS_ADDRESS
478355;478356;HAS_ADDRESS
478360;478361;HAS_ADDRESS
478365;478366;HAS_ADDRESS
478370;478371;HAS_ADDRESS
478375;478376;HAS_ADDRESS
478380;478381;HAS_ADDRESS
478385;478386;HAS_ADDRESS
478390;478391;HAS_ADDRESS
478395;478396;HAS_ADDRESS
478400;478401;HAS_ADDRESS
478405;478406;HAS_ADDRESS
478410;478411;HAS_ADDRESS
478415;478416;HAS_ADDRESS
478420;478421;HAS_ADDRESS
478425;478426;HAS_ADDRESS
478430;478431;HAS_ADDRESS
478435;478436;HAS_ADDRESS
478440;478441;HAS_ADDRESS
478445;478446;HAS_ADDRESS
478450;478451;HAS_ADDRESS
478455;478456;HAS_ADDRESS
478460;478461;HAS_ADDRESS
478465;478466;HAS_ADDRESS
478470;478471;HAS_ADDRESS
478475;478476;HAS_ADDRESS
478480;478481;HAS_ADDRESS
478485;478486;HAS_ADDRESS
478490;478491;HAS_ADDRESS
478495;478496;HAS_ADDRESS
478500;478501;HAS_ADDRESS
478505;478506;HAS_ADDRESS
478510;478511;HAS_ADDRESS
478515;478516;HAS_ADDRESS
478520;478521;HAS_ADDRESS
478525;478526;HAS_ADDRESS
478530;478531;HAS_ADDRESS
478535;478536;HAS_ADDRESS
478540;478541;HAS_ADDRESS
478545;478546;HAS_ADDRESS
478550;478551;HAS_ADDRESS
478555;478556;HAS_ADDRESS
478560;478561;HAS_ADDRESS
478565;478566;HAS_ADDRESS
478570;478571;HAS_ADDRESS
478575;478576;HAS_ADDRESS
478580;478581;HAS_ADDRESS
478585;478586;HAS_ADDRESS
478590;478591;HAS_ADDRESS
478595;478596;HAS_ADDRESS
478600;478601;HAS_ADDRESS
478605;478606;HAS_ADDRESS
478610;478611;HAS_ADDRESS
478615;478616;HAS_ADDRESS
478620;478621;HAS_ADDRESS
478625;478626;HAS_ADDRESS
478630;478631;HAS_ADDRESS
478635;478636;HAS_ADDRESS
478640;478641;HAS_ADDRESS
478645;478646;HAS_ADDRESS
478650;478651;HAS_ADDRESS
478655;478656;HAS_ADDRESS
478660;478661;HAS_ADDRESS
478665;478666;HAS_ADDRESS
478670;478671;HAS_ADDRESS
478675;478676;HAS_ADDRESS
478680;478681;HAS_ADDRESS
478685;478686;HAS_ADDRESS
478690;478691;HAS_ADDRESS
478695;478696;HAS_ADDRESS
478700;478701;HAS_ADDRESS
478705;478706;HAS_ADDRESS
478710;478711;HAS_ADDRESS
478715;478716;HAS_ADDRESS
478720;478721;HAS_ADDRESS
478725;478726;HAS_ADDRESS
478730;478731;HAS_ADDRESS
478735;478736;HAS_ADDRESS
478740;478741;HAS_ADDRESS
478745;478746;HAS_ADDRESS
478750;478751;HAS_ADDRESS
478755;478756;HAS_ADDRESS
478760;478761;HAS_ADDRESS
478765;478766;HAS_ADDRESS
478770;478771;HAS_ADDRESS
478775;478776;HAS_ADDRESS
478780;478781;HAS_ADDRESS
478785;478786;HAS_ADDRESS
478790;478791;HAS_ADDRESS
478795;478796;HAS_ADDRESS
478800;478801;HAS_ADDRESS
478805;478806;HAS_ADDRESS
478810;478811;HAS_ADDRESS
478815;478816;HAS_ADDRESS
478820;478821;HAS_ADDRESS
478825;478826;HAS_ADDRESS
478830;478831;HAS_ADDRESS
478835;478836;HAS_ADDRESS
478840;478841;HAS_ADDRESS
478845;478846;HAS_ADDRESS
478850;478851;HAS_ADDRESS
478855;478856;HAS_ADDRESS
478860;478861;HAS_ADDRESS
478865;478866;HAS_ADDRESS
478870;478871;HAS_ADDRESS
478875;478876;HAS_ADDRESS
478880;478881;HAS_ADDRESS
478885;478886;HAS_ADDRESS
478890;478891;HAS_ADDRESS
478895;478896;HAS_ADDRESS
478900;478901;HAS_ADDRESS
478905;478906;HAS_ADDRESS
478910;478911;HAS_ADDRESS
478915;478916;HAS_ADDRESS
478920;478921;HAS_ADDRESS
478925;478926;HAS_ADDRESS
478930;478931;HAS_ADDRESS
478935;478936;HAS_ADDRESS
478940;478941;HAS_ADDRESS
478945;478946;HAS_ADDRESS
478950;478951;HAS_ADDRESS
478955;478956;HAS_ADDRESS
478960;478961;HAS_ADDRESS
478965;478966;HAS_ADDRESS
478970;478971;HAS_ADDRESS
478975;478976;HAS_ADDRESS
478980;478981;HAS_ADDRESS
478985;478986;HAS_ADDRESS
478990;478991;HAS_ADDRESS
478995;478996;HAS_ADDRESS
479000;479001;HAS_ADDRESS
479005;479006;HAS_ADDRESS
479010;479011;HAS_ADDRESS
479015;479016;HAS_ADDRESS
479020;479021;HAS_ADDRESS
479025;479026;HAS_ADDRESS
479030;479031;HAS_ADDRESS
479035;479036;HAS_ADDRESS
479040;479041;HAS_ADDRESS
479045;479046;HAS_ADDRESS
479050;479051;HAS_ADDRESS
479055;479056;HAS_ADDRESS
479060;479061;HAS_ADDRESS
479065;479066;HAS_ADDRESS
479070;479071;HAS_ADDRESS
479075;479076;HAS_ADDRESS
479080;479081;HAS_ADDRESS
479085;479086;HAS_ADDRESS
479090;479091;HAS_ADDRESS
479095;479096;HAS_ADDRESS
479100;479101;HAS_ADDRESS
479105;479106;HAS_ADDRESS
479110;479111;HAS_ADDRESS
479115;479116;HAS_ADDRESS
479120;479121;HAS_ADDRESS
479125;479126;HAS_ADDRESS
479130;479131;HAS_ADDRESS
479135;479136;HAS_ADDRESS
479140;479141;HAS_ADDRESS
479145;479146;HAS_ADDRESS
479150;479151;HAS_ADDRESS
479155;479156;HAS_ADDRESS
479160;479161;HAS_ADDRESS
479165;479166;HAS_ADDRESS
479170;479171;HAS_ADDRESS
479175;479176;HAS_ADDRESS
479180;479181;HAS_ADDRESS
479185;479186;HAS_ADDRESS
479190;479191;HAS_ADDRESS
479195;479196;HAS_ADDRESS
479200;479201;HAS_ADDRESS
479205;479206;HAS_ADDRESS
479210;479211;HAS_ADDRESS
479215;479216;HAS_ADDRESS
479220;479221;HAS_ADDRESS
479225;479226;HAS_ADDRESS
479230;479231;HAS_ADDRESS
479235;479236;HAS_ADDRESS
479240;479241;HAS_ADDRESS
479245;479246;HAS_ADDRESS
479250;479251;HAS_ADDRESS
479255;479256;HAS_ADDRESS
479260;479261;HAS_ADDRESS
479265;479266;HAS_ADDRESS
479270;479271;HAS_ADDRESS
479275;479276;HAS_ADDRESS
479280;479281;HAS_ADDRESS
479285;479286;HAS_ADDRESS
479290;479291;HAS_ADDRESS
479295;479296;HAS_ADDRESS
479300;479301;HAS_ADDRESS
479305;479306;HAS_ADDRESS
479310;479311;HAS_ADDRESS
479315;479316;HAS_ADDRESS
479320;479321;HAS_ADDRESS
479325;479326;HAS_ADDRESS
479330;479331;HAS_ADDRESS
479335;479336;HAS_ADDRESS
479340;479341;HAS_ADDRESS
479345;479346;HAS_ADDRESS
479350;479351;HAS_ADDRESS
479355;479356;HAS_ADDRESS
479360;479361;HAS_ADDRESS
479365;479366;HAS_ADDRESS
479370;479371;HAS_ADDRESS
479375;479376;HAS_ADDRESS
479380;479381;HAS_ADDRESS
479385;479386;HAS_ADDRESS
479390;479391;HAS_ADDRESS
479395;479396;HAS_ADDRESS
479400;479401;HAS_ADDRESS
479405;479406;HAS_ADDRESS
479410;479411;HAS_ADDRESS
479415;479416;HAS_ADDRESS
479420;479421;HAS_ADDRESS
479425;479426;HAS_ADDRESS
479430;479431;HAS_ADDRESS
479435;479436;HAS_ADDRESS
479440;479441;HAS_ADDRESS
479445;479446;HAS_ADDRESS
479450;479451;HAS_ADDRESS
479455;479456;HAS_ADDRESS
479460;479461;HAS_ADDRESS
479465;479466;HAS_ADDRESS
479470;479471;HAS_ADDRESS
479475;479476;HAS_ADDRESS
479480;479481;HAS_ADDRESS
479485;479486;HAS_ADDRESS
479490;479491;HAS_ADDRESS
479495;479496;HAS_ADDRESS
479500;479501;HAS_ADDRESS
479505;479506;HAS_ADDRESS
479510;479511;HAS_ADDRESS
479515;479516;HAS_ADDRESS
479520;479521;HAS_ADDRESS
479525;479526;HAS_ADDRESS
479530;479531;HAS_ADDRESS
479535;479536;HAS_ADDRESS
479540;479541;HAS_ADDRESS
479545;479546;HAS_ADDRESS
479550;479551;HAS_ADDRESS
479555;479556;HAS_ADDRESS
479560;479561;HAS_ADDRESS
479565;479566;HAS_ADDRESS
479570;479571;HAS_ADDRESS
479575;479576;HAS_ADDRESS
479580;479581;HAS_ADDRESS
479585;479586;HAS_ADDRESS
479590;479591;HAS_ADDRESS
479595;479596;HAS_ADDRESS
479600;479601;HAS_ADDRESS
479605;479606;HAS_ADDRESS
479610;479611;HAS_ADDRESS
479615;479616;HAS_ADDRESS
479620;479621;HAS_ADDRESS
479625;479626;HAS_ADDRESS
479630;479631;HAS_ADDRESS
479635;479636;HAS_ADDRESS
479640;479641;HAS_ADDRESS
479645;479646;HAS_ADDRESS
479650;479651;HAS_ADDRESS
479655;479656;HAS_ADDRESS
479660;479661;HAS_ADDRESS
479665;479666;HAS_ADDRESS
479670;479671;HAS_ADDRESS
479675;479676;HAS_ADDRESS
479680;479681;HAS_ADDRESS
479685;479686;HAS_ADDRESS
479690;479691;HAS_ADDRESS
479695;479696;HAS_ADDRESS
479700;479701;HAS_ADDRESS
479705;479706;HAS_ADDRESS
479710;479711;HAS_ADDRESS
479715;479716;HAS_ADDRESS
479720;479721;HAS_ADDRESS
479725;479726;HAS_ADDRESS
479730;479731;HAS_ADDRESS
479735;479736;HAS_ADDRESS
479740;479741;HAS_ADDRESS
479745;479746;HAS_ADDRESS
479750;479751;HAS_ADDRESS
479755;479756;HAS_ADDRESS
479760;479761;HAS_ADDRESS
479765;479766;HAS_ADDRESS
479770;479771;HAS_ADDRESS
479775;479776;HAS_ADDRESS
479780;479781;HAS_ADDRESS
479785;479786;HAS_ADDRESS
479790;479791;HAS_ADDRESS
479795;479796;HAS_ADDRESS
479800;479801;HAS_ADDRESS
479805;479806;HAS_ADDRESS
479810;479811;HAS_ADDRESS
479815;479816;HAS_ADDRESS
479820;479821;HAS_ADDRESS
479825;479826;HAS_ADDRESS
479830;479831;HAS_ADDRESS
479835;479836;HAS_ADDRESS
479840;479841;HAS_ADDRESS
479845;479846;HAS_ADDRESS
479850;479851;HAS_ADDRESS
479855;479856;HAS_ADDRESS
479860;479861;HAS_ADDRESS
479865;479866;HAS_ADDRESS
479870;479871;HAS_ADDRESS
479875;479876;HAS_ADDRESS
479880;479881;HAS_ADDRESS
479885;479886;HAS_ADDRESS
479890;479891;HAS_ADDRESS
479895;479896;HAS_ADDRESS
479900;479901;HAS_ADDRESS
479905;479906;HAS_ADDRESS
479910;479911;HAS_ADDRESS
479915;479916;HAS_ADDRESS
479920;479921;HAS_ADDRESS
479925;479926;HAS_ADDRESS
479930;479931;HAS_ADDRESS
479935;479936;HAS_ADDRESS
479940;479941;HAS_ADDRESS
479945;479946;HAS_ADDRESS
479950;479951;HAS_ADDRESS
479955;479956;HAS_ADDRESS
479960;479961;HAS_ADDRESS
479965;479966;HAS_ADDRESS
479970;479971;HAS_ADDRESS
479975;479976;HAS_ADDRESS
479980;479981;HAS_ADDRESS
479985;479986;HAS_ADDRESS
479990;479991;HAS_ADDRESS
479995;479996;HAS_ADDRESS
480000;480001;HAS_ADDRESS
480005;480006;HAS_ADDRESS
480010;480011;HAS_ADDRESS
480015;480016;HAS_ADDRESS
480020;480021;HAS_ADDRESS
480025;480026;HAS_ADDRESS
480030;480031;HAS_ADDRESS
480035;480036;HAS_ADDRESS
480040;480041;HAS_ADDRESS
480045;480046;HAS_ADDRESS
480050;480051;HAS_ADDRESS
480055;480056;HAS_ADDRESS
480060;480061;HAS_ADDRESS
480065;480066;HAS_ADDRESS
480070;480071;HAS_ADDRESS
480075;480076;HAS_ADDRESS
480080;480081;HAS_ADDRESS
480085;480086;HAS_ADDRESS
480090;480091;HAS_ADDRESS
480095;480096;HAS_ADDRESS
480100;480101;HAS_ADDRESS
480105;480106;HAS_ADDRESS
480110;480111;HAS_ADDRESS
480115;480116;HAS_ADDRESS
480120;480121;HAS_ADDRESS
480125;480126;HAS_ADDRESS
480130;480131;HAS_ADDRESS
480135;480136;HAS_ADDRESS
480140;480141;HAS_ADDRESS
480145;480146;HAS_ADDRESS
480150;480151;HAS_ADDRESS
480155;480156;HAS_ADDRESS
480160;480161;HAS_ADDRESS
480165;480166;HAS_ADDRESS
480170;480171;HAS_ADDRESS
480175;480176;HAS_ADDRESS
480180;480181;HAS_ADDRESS
480185;480186;HAS_ADDRESS
480190;480191;HAS_ADDRESS
480195;480196;HAS_ADDRESS
480200;480201;HAS_ADDRESS
480205;480206;HAS_ADDRESS
480210;480211;HAS_ADDRESS
480215;480216;HAS_ADDRESS
480220;480221;HAS_ADDRESS
480225;480226;HAS_ADDRESS
480230;480231;HAS_ADDRESS
480235;480236;HAS_ADDRESS
480240;480241;HAS_ADDRESS
480245;480246;HAS_ADDRESS
480250;480251;HAS_ADDRESS
480255;480256;HAS_ADDRESS
480260;480261;HAS_ADDRESS
480265;480266;HAS_ADDRESS
480270;480271;HAS_ADDRESS
480275;480276;HAS_ADDRESS
480280;480281;HAS_ADDRESS
480285;480286;HAS_ADDRESS
480290;480291;HAS_ADDRESS
480295;480296;HAS_ADDRESS
480300;480301;HAS_ADDRESS
480305;480306;HAS_ADDRESS
480310;480311;HAS_ADDRESS
480315;480316;HAS_ADDRESS
480320;480321;HAS_ADDRESS
480325;480326;HAS_ADDRESS
480330;480331;HAS_ADDRESS
480335;480336;HAS_ADDRESS
480340;480341;HAS_ADDRESS
480345;480346;HAS_ADDRESS
480350;480351;HAS_ADDRESS
480355;480356;HAS_ADDRESS
480360;480361;HAS_ADDRESS
480365;480366;HAS_ADDRESS
480370;480371;HAS_ADDRESS
480375;480376;HAS_ADDRESS
480380;480381;HAS_ADDRESS
480385;480386;HAS_ADDRESS
480390;480391;HAS_ADDRESS
480395;480396;HAS_ADDRESS
480400;480401;HAS_ADDRESS
480405;480406;HAS_ADDRESS
480410;480411;HAS_ADDRESS
480415;480416;HAS_ADDRESS
480420;480421;HAS_ADDRESS
480425;480426;HAS_ADDRESS
480430;480431;HAS_ADDRESS
480435;480436;HAS_ADDRESS
480440;480441;HAS_ADDRESS
480445;480446;HAS_ADDRESS
480450;480451;HAS_ADDRESS
480455;480456;HAS_ADDRESS
480460;480461;HAS_ADDRESS
480465;480466;HAS_ADDRESS
480470;480471;HAS_ADDRESS
480475;480476;HAS_ADDRESS
480480;480481;HAS_ADDRESS
480485;480486;HAS_ADDRESS
480490;480491;HAS_ADDRESS
480495;480496;HAS_ADDRESS
480500;480501;HAS_ADDRESS
480505;480506;HAS_ADDRESS
480510;480511;HAS_ADDRESS
480515;480516;HAS_ADDRESS
480520;480521;HAS_ADDRESS
480525;480526;HAS_ADDRESS
480530;480531;HAS_ADDRESS
480535;480536;HAS_ADDRESS
480540;480541;HAS_ADDRESS
480545;480546;HAS_ADDRESS
480550;480551;HAS_ADDRESS
480555;480556;HAS_ADDRESS
480560;480561;HAS_ADDRESS
480565;480566;HAS_ADDRESS
480570;480571;HAS_ADDRESS
480575;480576;HAS_ADDRESS
480580;480581;HAS_ADDRESS
480585;480586;HAS_ADDRESS
480590;480591;HAS_ADDRESS
480595;480596;HAS_ADDRESS
480600;480601;HAS_ADDRESS
480605;480606;HAS_ADDRESS
480610;480611;HAS_ADDRESS
480615;480616;HAS_ADDRESS
480620;480621;HAS_ADDRESS
480625;480626;HAS_ADDRESS
480630;480631;HAS_ADDRESS
480635;480636;HAS_ADDRESS
480640;480641;HAS_ADDRESS
480645;480646;HAS_ADDRESS
480650;480651;HAS_ADDRESS
480655;480656;HAS_ADDRESS
480660;480661;HAS_ADDRESS
480665;480666;HAS_ADDRESS
480670;480671;HAS_ADDRESS
480675;480676;HAS_ADDRESS
480680;480681;HAS_ADDRESS
480685;480686;HAS_ADDRESS
480690;480691;HAS_ADDRESS
480695;480696;HAS_ADDRESS
480700;480701;HAS_ADDRESS
480705;480706;HAS_ADDRESS
480710;480711;HAS_ADDRESS
480715;480716;HAS_ADDRESS
480720;480721;HAS_ADDRESS
480725;480726;HAS_ADDRESS
480730;480731;HAS_ADDRESS
480735;480736;HAS_ADDRESS
480740;480741;HAS_ADDRESS
480745;480746;HAS_ADDRESS
480750;480751;HAS_ADDRESS
480755;480756;HAS_ADDRESS
480760;480761;HAS_ADDRESS
480765;480766;HAS_ADDRESS
480770;480771;HAS_ADDRESS
480775;480776;HAS_ADDRESS
480780;480781;HAS_ADDRESS
480785;480786;HAS_ADDRESS
480790;480791;HAS_ADDRESS
480795;480796;HAS_ADDRESS
480800;480801;HAS_ADDRESS
480805;480806;HAS_ADDRESS
480810;480811;HAS_ADDRESS
480815;480816;HAS_ADDRESS
480820;480821;HAS_ADDRESS
480825;480826;HAS_ADDRESS
480830;480831;HAS_ADDRESS
480835;480836;HAS_ADDRESS
480840;480841;HAS_ADDRESS
480845;480846;HAS_ADDRESS
480850;480851;HAS_ADDRESS
480855;480856;HAS_ADDRESS
480860;480861;HAS_ADDRESS
480865;480866;HAS_ADDRESS
480870;480871;HAS_ADDRESS
480875;480876;HAS_ADDRESS
480880;480881;HAS_ADDRESS
480885;480886;HAS_ADDRESS
480890;480891;HAS_ADDRESS
480895;480896;HAS_ADDRESS
480900;480901;HAS_ADDRESS
480905;480906;HAS_ADDRESS
480910;480911;HAS_ADDRESS
480915;480916;HAS_ADDRESS
480920;480921;HAS_ADDRESS
480925;480926;HAS_ADDRESS
480930;480931;HAS_ADDRESS
480935;480936;HAS_ADDRESS
480940;480941;HAS_ADDRESS
480945;480946;HAS_ADDRESS
480950;480951;HAS_ADDRESS
480955;480956;HAS_ADDRESS
480960;480961;HAS_ADDRESS
480965;480966;HAS_ADDRESS
480970;480971;HAS_ADDRESS
480975;480976;HAS_ADDRESS
480980;480981;HAS_ADDRESS
480985;480986;HAS_ADDRESS
480990;480991;HAS_ADDRESS
480995;480996;HAS_ADDRESS
481000;481001;HAS_ADDRESS
481005;481006;HAS_ADDRESS
481010;481011;HAS_ADDRESS
481015;481016;HAS_ADDRESS
481020;481021;HAS_ADDRESS
481025;481026;HAS_ADDRESS
481030;481031;HAS_ADDRESS
481035;481036;HAS_ADDRESS
481040;481041;HAS_ADDRESS
481045;481046;HAS_ADDRESS
481050;481051;HAS_ADDRESS
481055;481056;HAS_ADDRESS
481060;481061;HAS_ADDRESS
481065;481066;HAS_ADDRESS
481070;481071;HAS_ADDRESS
481075;481076;HAS_ADDRESS
481080;481081;HAS_ADDRESS
481085;481086;HAS_ADDRESS
481090;481091;HAS_ADDRESS
481095;481096;HAS_ADDRESS
481100;481101;HAS_ADDRESS
481105;481106;HAS_ADDRESS
481110;481111;HAS_ADDRESS
481115;481116;HAS_ADDRESS
481120;481121;HAS_ADDRESS
481125;481126;HAS_ADDRESS
481130;481131;HAS_ADDRESS
481135;481136;HAS_ADDRESS
481140;481141;HAS_ADDRESS
481145;481146;HAS_ADDRESS
481150;481151;HAS_ADDRESS
481155;481156;HAS_ADDRESS
481160;481161;HAS_ADDRESS
481165;481166;HAS_ADDRESS
481170;481171;HAS_ADDRESS
481175;481176;HAS_ADDRESS
481180;481181;HAS_ADDRESS
481185;481186;HAS_ADDRESS
481190;481191;HAS_ADDRESS
481195;481196;HAS_ADDRESS
481200;481201;HAS_ADDRESS
481205;481206;HAS_ADDRESS
481210;481211;HAS_ADDRESS
481215;481216;HAS_ADDRESS
481220;481221;HAS_ADDRESS
481225;481226;HAS_ADDRESS
481230;481231;HAS_ADDRESS
481235;481236;HAS_ADDRESS
481240;481241;HAS_ADDRESS
481245;481246;HAS_ADDRESS
481250;481251;HAS_ADDRESS
481255;481256;HAS_ADDRESS
481260;481261;HAS_ADDRESS
481265;481266;HAS_ADDRESS
481270;481271;HAS_ADDRESS
481275;481276;HAS_ADDRESS
481280;481281;HAS_ADDRESS
481285;481286;HAS_ADDRESS
481290;481291;HAS_ADDRESS
481295;481296;HAS_ADDRESS
481300;481301;HAS_ADDRESS
481305;481306;HAS_ADDRESS
481310;481311;HAS_ADDRESS
481315;481316;HAS_ADDRESS
481320;481321;HAS_ADDRESS
481325;481326;HAS_ADDRESS
481330;481331;HAS_ADDRESS
481335;481336;HAS_ADDRESS
481340;481341;HAS_ADDRESS
481345;481346;HAS_ADDRESS
481350;481351;HAS_ADDRESS
481355;481356;HAS_ADDRESS
481360;481361;HAS_ADDRESS
481365;481366;HAS_ADDRESS
481370;481371;HAS_ADDRESS
481375;481376;HAS_ADDRESS
481380;481381;HAS_ADDRESS
481385;481386;HAS_ADDRESS
481390;481391;HAS_ADDRESS
481395;481396;HAS_ADDRESS
481400;481401;HAS_ADDRESS
481405;481406;HAS_ADDRESS
481410;481411;HAS_ADDRESS
481415;481416;HAS_ADDRESS
481420;481421;HAS_ADDRESS
481425;481426;HAS_ADDRESS
481430;481431;HAS_ADDRESS
481435;481436;HAS_ADDRESS
481440;481441;HAS_ADDRESS
481445;481446;HAS_ADDRESS
481450;481451;HAS_ADDRESS
481455;481456;HAS_ADDRESS
481460;481461;HAS_ADDRESS
481465;481466;HAS_ADDRESS
481470;481471;HAS_ADDRESS
481475;481476;HAS_ADDRESS
481480;481481;HAS_ADDRESS
481485;481486;HAS_ADDRESS
481490;481491;HAS_ADDRESS
481495;481496;HAS_ADDRESS
481500;481501;HAS_ADDRESS
481505;481506;HAS_ADDRESS
481510;481511;HAS_ADDRESS
481515;481516;HAS_ADDRESS
481520;481521;HAS_ADDRESS
481525;481526;HAS_ADDRESS
481530;481531;HAS_ADDRESS
481535;481536;HAS_ADDRESS
481540;481541;HAS_ADDRESS
481545;481546;HAS_ADDRESS
481550;481551;HAS_ADDRESS
481555;481556;HAS_ADDRESS
481560;481561;HAS_ADDRESS
481565;481566;HAS_ADDRESS
481570;481571;HAS_ADDRESS
481575;481576;HAS_ADDRESS
481580;481581;HAS_ADDRESS
481585;481586;HAS_ADDRESS
481590;481591;HAS_ADDRESS
481595;481596;HAS_ADDRESS
481600;481601;HAS_ADDRESS
481605;481606;HAS_ADDRESS
481610;481611;HAS_ADDRESS
481615;481616;HAS_ADDRESS
481620;481621;HAS_ADDRESS
481625;481626;HAS_ADDRESS
481630;481631;HAS_ADDRESS
481635;481636;HAS_ADDRESS
481640;481641;HAS_ADDRESS
481645;481646;HAS_ADDRESS
481650;481651;HAS_ADDRESS
481655;481656;HAS_ADDRESS
481660;481661;HAS_ADDRESS
481665;481666;HAS_ADDRESS
481670;481671;HAS_ADDRESS
481675;481676;HAS_ADDRESS
481680;481681;HAS_ADDRESS
481685;481686;HAS_ADDRESS
481690;481691;HAS_ADDRESS
481695;481696;HAS_ADDRESS
481700;481701;HAS_ADDRESS
481705;481706;HAS_ADDRESS
481710;481711;HAS_ADDRESS
481715;481716;HAS_ADDRESS
481720;481721;HAS_ADDRESS
481725;481726;HAS_ADDRESS
481730;481731;HAS_ADDRESS
481735;481736;HAS_ADDRESS
481740;481741;HAS_ADDRESS
481745;481746;HAS_ADDRESS
481750;481751;HAS_ADDRESS
481755;481756;HAS_ADDRESS
481760;481761;HAS_ADDRESS
481765;481766;HAS_ADDRESS
481770;481771;HAS_ADDRESS
481775;481776;HAS_ADDRESS
481780;481781;HAS_ADDRESS
481785;481786;HAS_ADDRESS
481790;481791;HAS_ADDRESS
481795;481796;HAS_ADDRESS
481800;481801;HAS_ADDRESS
481805;481806;HAS_ADDRESS
481810;481811;HAS_ADDRESS
481815;481816;HAS_ADDRESS
481820;481821;HAS_ADDRESS
481825;481826;HAS_ADDRESS
481830;481831;HAS_ADDRESS
481835;481836;HAS_ADDRESS
481840;481841;HAS_ADDRESS
481845;481846;HAS_ADDRESS
481850;481851;HAS_ADDRESS
481855;481856;HAS_ADDRESS
481860;481861;HAS_ADDRESS
481865;481866;HAS_ADDRESS
481870;481871;HAS_ADDRESS
481875;481876;HAS_ADDRESS
481880;481881;HAS_ADDRESS
481885;481886;HAS_ADDRESS
481890;481891;HAS_ADDRESS
481895;481896;HAS_ADDRESS
481900;481901;HAS_ADDRESS
481905;481906;HAS_ADDRESS
481910;481911;HAS_ADDRESS
481915;481916;HAS_ADDRESS
481920;481921;HAS_ADDRESS
481925;481926;HAS_ADDRESS
481930;481931;HAS_ADDRESS
481935;481936;HAS_ADDRESS
481940;481941;HAS_ADDRESS
481945;481946;HAS_ADDRESS
481950;481951;HAS_ADDRESS
481955;481956;HAS_ADDRESS
481960;481961;HAS_ADDRESS
481965;481966;HAS_ADDRESS
481970;481971;HAS_ADDRESS
481975;481976;HAS_ADDRESS
481980;481981;HAS_ADDRESS
481985;481986;HAS_ADDRESS
481990;481991;HAS_ADDRESS
481995;481996;HAS_ADDRESS
482000;482001;HAS_ADDRESS
482005;482006;HAS_ADDRESS
482010;482011;HAS_ADDRESS
482015;482016;HAS_ADDRESS
482020;482021;HAS_ADDRESS
482025;482026;HAS_ADDRESS
482030;482031;HAS_ADDRESS
482035;482036;HAS_ADDRESS
482040;482041;HAS_ADDRESS
482045;482046;HAS_ADDRESS
482050;482051;HAS_ADDRESS
482055;482056;HAS_ADDRESS
482060;482061;HAS_ADDRESS
482065;482066;HAS_ADDRESS
482070;482071;HAS_ADDRESS
482075;482076;HAS_ADDRESS
482080;482081;HAS_ADDRESS
482085;482086;HAS_ADDRESS
482090;482091;HAS_ADDRESS
482095;482096;HAS_ADDRESS
482100;482101;HAS_ADDRESS
482105;482106;HAS_ADDRESS
482110;482111;HAS_ADDRESS
482115;482116;HAS_ADDRESS
482120;482121;HAS_ADDRESS
482125;482126;HAS_ADDRESS
482130;482131;HAS_ADDRESS
482135;482136;HAS_ADDRESS
482140;482141;HAS_ADDRESS
482145;482146;HAS_ADDRESS
482150;482151;HAS_ADDRESS
482155;482156;HAS_ADDRESS
482160;482161;HAS_ADDRESS
482165;482166;HAS_ADDRESS
482170;482171;HAS_ADDRESS
482175;482176;HAS_ADDRESS
482180;482181;HAS_ADDRESS
482185;482186;HAS_ADDRESS
482190;482191;HAS_ADDRESS
482195;482196;HAS_ADDRESS
482200;482201;HAS_ADDRESS
482205;482206;HAS_ADDRESS
482210;482211;HAS_ADDRESS
482215;482216;HAS_ADDRESS
482220;482221;HAS_ADDRESS
482225;482226;HAS_ADDRESS
482230;482231;HAS_ADDRESS
482235;482236;HAS_ADDRESS
482240;482241;HAS_ADDRESS
482245;482246;HAS_ADDRESS
482250;482251;HAS_ADDRESS
482255;482256;HAS_ADDRESS
482260;482261;HAS_ADDRESS
482265;482266;HAS_ADDRESS
482270;482271;HAS_ADDRESS
482275;482276;HAS_ADDRESS
482280;482281;HAS_ADDRESS
482285;482286;HAS_ADDRESS
482290;482291;HAS_ADDRESS
482295;482296;HAS_ADDRESS
482300;482301;HAS_ADDRESS
482305;482306;HAS_ADDRESS
482310;482311;HAS_ADDRESS
482315;482316;HAS_ADDRESS
482320;482321;HAS_ADDRESS
482325;482326;HAS_ADDRESS
482330;482331;HAS_ADDRESS
482335;482336;HAS_ADDRESS
482340;482341;HAS_ADDRESS
482345;482346;HAS_ADDRESS
482350;482351;HAS_ADDRESS
482355;482356;HAS_ADDRESS
482360;482361;HAS_ADDRESS
482365;482366;HAS_ADDRESS
482370;482371;HAS_ADDRESS
482375;482376;HAS_ADDRESS
482380;482381;HAS_ADDRESS
482385;482386;HAS_ADDRESS
482390;482391;HAS_ADDRESS
482395;482396;HAS_ADDRESS
482400;482401;HAS_ADDRESS
482405;482406;HAS_ADDRESS
482410;482411;HAS_ADDRESS
482415;482416;HAS_ADDRESS
482420;482421;HAS_ADDRESS
482425;482426;HAS_ADDRESS
482430;482431;HAS_ADDRESS
482435;482436;HAS_ADDRESS
482440;482441;HAS_ADDRESS
482445;482446;HAS_ADDRESS
482450;482451;HAS_ADDRESS
482455;482456;HAS_ADDRESS
482460;482461;HAS_ADDRESS
482465;482466;HAS_ADDRESS
482470;482471;HAS_ADDRESS
482475;482476;HAS_ADDRESS
482480;482481;HAS_ADDRESS
482485;482486;HAS_ADDRESS
482490;482491;HAS_ADDRESS
482495;482496;HAS_ADDRESS
482500;482501;HAS_ADDRESS
482505;482506;HAS_ADDRESS
482510;482511;HAS_ADDRESS
482515;482516;HAS_ADDRESS
482520;482521;HAS_ADDRESS
482525;482526;HAS_ADDRESS
482530;482531;HAS_ADDRESS
482535;482536;HAS_ADDRESS
482540;482541;HAS_ADDRESS
482545;482546;HAS_ADDRESS
482550;482551;HAS_ADDRESS
482555;482556;HAS_ADDRESS
482560;482561;HAS_ADDRESS
482565;482566;HAS_ADDRESS
482570;482571;HAS_ADDRESS
482575;482576;HAS_ADDRESS
482580;482581;HAS_ADDRESS
482585;482586;HAS_ADDRESS
482590;482591;HAS_ADDRESS
482595;482596;HAS_ADDRESS
482600;482601;HAS_ADDRESS
482605;482606;HAS_ADDRESS
482610;482611;HAS_ADDRESS
482615;482616;HAS_ADDRESS
482620;482621;HAS_ADDRESS
482625;482626;HAS_ADDRESS
482630;482631;HAS_ADDRESS
482635;482636;HAS_ADDRESS
482640;482641;HAS_ADDRESS
482645;482646;HAS_ADDRESS
482650;482651;HAS_ADDRESS
482655;482656;HAS_ADDRESS
482660;482661;HAS_ADDRESS
482665;482666;HAS_ADDRESS
482670;482671;HAS_ADDRESS
482675;482676;HAS_ADDRESS
482680;482681;HAS_ADDRESS
482685;482686;HAS_ADDRESS
482690;482691;HAS_ADDRESS
482695;482696;HAS_ADDRESS
482700;482701;HAS_ADDRESS
482705;482706;HAS_ADDRESS
482710;482711;HAS_ADDRESS
482715;482716;HAS_ADDRESS
482720;482721;HAS_ADDRESS
482725;482726;HAS_ADDRESS
482730;482731;HAS_ADDRESS
482735;482736;HAS_ADDRESS
482740;482741;HAS_ADDRESS
482745;482746;HAS_ADDRESS
482750;482751;HAS_ADDRESS
482755;482756;HAS_ADDRESS
482760;482761;HAS_ADDRESS
482765;482766;HAS_ADDRESS
482770;482771;HAS_ADDRESS
482775;482776;HAS_ADDRESS
482780;482781;HAS_ADDRESS
482785;482786;HAS_ADDRESS
482790;482791;HAS_ADDRESS
482795;482796;HAS_ADDRESS
482800;482801;HAS_ADDRESS
482805;482806;HAS_ADDRESS
482810;482811;HAS_ADDRESS
482815;482816;HAS_ADDRESS
482820;482821;HAS_ADDRESS
482825;482826;HAS_ADDRESS
482830;482831;HAS_ADDRESS
482835;482836;HAS_ADDRESS
482840;482841;HAS_ADDRESS
482845;482846;HAS_ADDRESS
482850;482851;HAS_ADDRESS
482855;482856;HAS_ADDRESS
482860;482861;HAS_ADDRESS
482865;482866;HAS_ADDRESS
482870;482871;HAS_ADDRESS
482875;482876;HAS_ADDRESS
482880;482881;HAS_ADDRESS
482885;482886;HAS_ADDRESS
482890;482891;HAS_ADDRESS
482895;482896;HAS_ADDRESS
482900;482901;HAS_ADDRESS
482905;482906;HAS_ADDRESS
482910;482911;HAS_ADDRESS
482915;482916;HAS_ADDRESS
482920;482921;HAS_ADDRESS
482925;482926;HAS_ADDRESS
482930;482931;HAS_ADDRESS
482935;482936;HAS_ADDRESS
482940;482941;HAS_ADDRESS
482945;482946;HAS_ADDRESS
482950;482951;HAS_ADDRESS
482955;482956;HAS_ADDRESS
482960;482961;HAS_ADDRESS
482965;482966;HAS_ADDRESS
482970;482971;HAS_ADDRESS
482975;482976;HAS_ADDRESS
482980;482981;HAS_ADDRESS
482985;482986;HAS_ADDRESS
482990;482991;HAS_ADDRESS
482995;482996;HAS_ADDRESS
483000;483001;HAS_ADDRESS
483005;483006;HAS_ADDRESS
483010;483011;HAS_ADDRESS
483015;483016;HAS_ADDRESS
483020;483021;HAS_ADDRESS
483025;483026;HAS_ADDRESS
483030;483031;HAS_ADDRESS
483035;483036;HAS_ADDRESS
483040;483041;HAS_ADDRESS
483045;483046;HAS_ADDRESS
483050;483051;HAS_ADDRESS
483055;483056;HAS_ADDRESS
483060;483061;HAS_ADDRESS
483065;483066;HAS_ADDRESS
483070;483071;HAS_ADDRESS
483075;483076;HAS_ADDRESS
483080;483081;HAS_ADDRESS
483085;483086;HAS_ADDRESS
483090;483091;HAS_ADDRESS
483095;483096;HAS_ADDRESS
483100;483101;HAS_ADDRESS
483105;483106;HAS_ADDRESS
483110;483111;HAS_ADDRESS
483115;483116;HAS_ADDRESS
483120;483121;HAS_ADDRESS
483125;483126;HAS_ADDRESS
483130;483131;HAS_ADDRESS
483135;483136;HAS_ADDRESS
483140;483141;HAS_ADDRESS
483145;483146;HAS_ADDRESS
483150;483151;HAS_ADDRESS
483155;483156;HAS_ADDRESS
483160;483161;HAS_ADDRESS
483165;483166;HAS_ADDRESS
483170;483171;HAS_ADDRESS
483175;483176;HAS_ADDRESS
483180;483181;HAS_ADDRESS
483185;483186;HAS_ADDRESS
483190;483191;HAS_ADDRESS
483195;483196;HAS_ADDRESS
483200;483201;HAS_ADDRESS
483205;483206;HAS_ADDRESS
483210;483211;HAS_ADDRESS
483215;483216;HAS_ADDRESS
483220;483221;HAS_ADDRESS
483225;483226;HAS_ADDRESS
483230;483231;HAS_ADDRESS
483235;483236;HAS_ADDRESS
483240;483241;HAS_ADDRESS
483245;483246;HAS_ADDRESS
483250;483251;HAS_ADDRESS
483255;483256;HAS_ADDRESS
483260;483261;HAS_ADDRESS
483265;483266;HAS_ADDRESS
483270;483271;HAS_ADDRESS
483275;483276;HAS_ADDRESS
483280;483281;HAS_ADDRESS
483285;483286;HAS_ADDRESS
483290;483291;HAS_ADDRESS
483295;483296;HAS_ADDRESS
483300;483301;HAS_ADDRESS
483305;483306;HAS_ADDRESS
483310;483311;HAS_ADDRESS
483315;483316;HAS_ADDRESS
483320;483321;HAS_ADDRESS
483325;483326;HAS_ADDRESS
483330;483331;HAS_ADDRESS
483335;483336;HAS_ADDRESS
483340;483341;HAS_ADDRESS
483345;483346;HAS_ADDRESS
483350;483351;HAS_ADDRESS
483355;483356;HAS_ADDRESS
483360;483361;HAS_ADDRESS
483365;483366;HAS_ADDRESS
483370;483371;HAS_ADDRESS
483375;483376;HAS_ADDRESS
483380;483381;HAS_ADDRESS
483385;483386;HAS_ADDRESS
483390;483391;HAS_ADDRESS
483395;483396;HAS_ADDRESS
483400;483401;HAS_ADDRESS
483405;483406;HAS_ADDRESS
483410;483411;HAS_ADDRESS
483415;483416;HAS_ADDRESS
483420;483421;HAS_ADDRESS
483425;483426;HAS_ADDRESS
483430;483431;HAS_ADDRESS
483435;483436;HAS_ADDRESS
483440;483441;HAS_ADDRESS
483445;483446;HAS_ADDRESS
483450;483451;HAS_ADDRESS
483455;483456;HAS_ADDRESS
483460;483461;HAS_ADDRESS
483465;483466;HAS_ADDRESS
483470;483471;HAS_ADDRESS
483475;483476;HAS_ADDRESS
483480;483481;HAS_ADDRESS
483485;483486;HAS_ADDRESS
483490;483491;HAS_ADDRESS
483495;483496;HAS_ADDRESS
483500;483501;HAS_ADDRESS
483505;483506;HAS_ADDRESS
483510;483511;HAS_ADDRESS
483515;483516;HAS_ADDRESS
483520;483521;HAS_ADDRESS
483525;483526;HAS_ADDRESS
483530;483531;HAS_ADDRESS
483535;483536;HAS_ADDRESS
483540;483541;HAS_ADDRESS
483545;483546;HAS_ADDRESS
483550;483551;HAS_ADDRESS
483555;483556;HAS_ADDRESS
483560;483561;HAS_ADDRESS
483565;483566;HAS_ADDRESS
483570;483571;HAS_ADDRESS
483575;483576;HAS_ADDRESS
483580;483581;HAS_ADDRESS
483585;483586;HAS_ADDRESS
483590;483591;HAS_ADDRESS
483595;483596;HAS_ADDRESS
483600;483601;HAS_ADDRESS
483605;483606;HAS_ADDRESS
483610;483611;HAS_ADDRESS
483615;483616;HAS_ADDRESS
483620;483621;HAS_ADDRESS
483625;483626;HAS_ADDRESS
483630;483631;HAS_ADDRESS
483635;483636;HAS_ADDRESS
483640;483641;HAS_ADDRESS
483645;483646;HAS_ADDRESS
483650;483651;HAS_ADDRESS
483655;483656;HAS_ADDRESS
483660;483661;HAS_ADDRESS
483665;483666;HAS_ADDRESS
483670;483671;HAS_ADDRESS
483675;483676;HAS_ADDRESS
483680;483681;HAS_ADDRESS
483685;483686;HAS_ADDRESS
483690;483691;HAS_ADDRESS
483695;483696;HAS_ADDRESS
483700;483701;HAS_ADDRESS
483705;483706;HAS_ADDRESS
483710;483711;HAS_ADDRESS
483715;483716;HAS_ADDRESS
483720;483721;HAS_ADDRESS
483725;483726;HAS_ADDRESS
483730;483731;HAS_ADDRESS
483735;483736;HAS_ADDRESS
483740;483741;HAS_ADDRESS
483745;483746;HAS_ADDRESS
483750;483751;HAS_ADDRESS
483755;483756;HAS_ADDRESS
483760;483761;HAS_ADDRESS
483765;483766;HAS_ADDRESS
483770;483771;HAS_ADDRESS
483775;483776;HAS_ADDRESS
483780;483781;HAS_ADDRESS
483785;483786;HAS_ADDRESS
483790;483791;HAS_ADDRESS
483795;483796;HAS_ADDRESS
483800;483801;HAS_ADDRESS
483805;483806;HAS_ADDRESS
483810;483811;HAS_ADDRESS
483815;483816;HAS_ADDRESS
483820;483821;HAS_ADDRESS
483825;483826;HAS_ADDRESS
483830;483831;HAS_ADDRESS
483835;483836;HAS_ADDRESS
483840;483841;HAS_ADDRESS
483845;483846;HAS_ADDRESS
483850;483851;HAS_ADDRESS
483855;483856;HAS_ADDRESS
483860;483861;HAS_ADDRESS
483865;483866;HAS_ADDRESS
483870;483871;HAS_ADDRESS
483875;483876;HAS_ADDRESS
483880;483881;HAS_ADDRESS
483885;483886;HAS_ADDRESS
483890;483891;HAS_ADDRESS
483895;483896;HAS_ADDRESS
483900;483901;HAS_ADDRESS
483905;483906;HAS_ADDRESS
483910;483911;HAS_ADDRESS
483915;483916;HAS_ADDRESS
483920;483921;HAS_ADDRESS
483925;483926;HAS_ADDRESS
483930;483931;HAS_ADDRESS
483935;483936;HAS_ADDRESS
483940;483941;HAS_ADDRESS
483945;483946;HAS_ADDRESS
483950;483951;HAS_ADDRESS
483955;483956;HAS_ADDRESS
483960;483961;HAS_ADDRESS
483965;483966;HAS_ADDRESS
483970;483971;HAS_ADDRESS
483975;483976;HAS_ADDRESS
483980;483981;HAS_ADDRESS
483985;483986;HAS_ADDRESS
483990;483991;HAS_ADDRESS
483995;483996;HAS_ADDRESS
484000;484001;HAS_ADDRESS
484005;484006;HAS_ADDRESS
484010;484011;HAS_ADDRESS
484015;484016;HAS_ADDRESS
484020;484021;HAS_ADDRESS
484025;484026;HAS_ADDRESS
484030;484031;HAS_ADDRESS
484035;484036;HAS_ADDRESS
484040;484041;HAS_ADDRESS
484045;484046;HAS_ADDRESS
484050;484051;HAS_ADDRESS
484055;484056;HAS_ADDRESS
484060;484061;HAS_ADDRESS
484065;484066;HAS_ADDRESS
484070;484071;HAS_ADDRESS
484075;484076;HAS_ADDRESS
484080;484081;HAS_ADDRESS
484085;484086;HAS_ADDRESS
484090;484091;HAS_ADDRESS
484095;484096;HAS_ADDRESS
484100;484101;HAS_ADDRESS
484105;484106;HAS_ADDRESS
484110;484111;HAS_ADDRESS
484115;484116;HAS_ADDRESS
484120;484121;HAS_ADDRESS
484125;484126;HAS_ADDRESS
484130;484131;HAS_ADDRESS
484135;484136;HAS_ADDRESS
484140;484141;HAS_ADDRESS
484145;484146;HAS_ADDRESS
484150;484151;HAS_ADDRESS
484155;484156;HAS_ADDRESS
484160;484161;HAS_ADDRESS
484165;484166;HAS_ADDRESS
484170;484171;HAS_ADDRESS
484175;484176;HAS_ADDRESS
484180;484181;HAS_ADDRESS
484185;484186;HAS_ADDRESS
484190;484191;HAS_ADDRESS
484195;484196;HAS_ADDRESS
484200;484201;HAS_ADDRESS
484205;484206;HAS_ADDRESS
484210;484211;HAS_ADDRESS
484215;484216;HAS_ADDRESS
484220;484221;HAS_ADDRESS
484225;484226;HAS_ADDRESS
484230;484231;HAS_ADDRESS
484235;484236;HAS_ADDRESS
484240;484241;HAS_ADDRESS
484245;484246;HAS_ADDRESS
484250;484251;HAS_ADDRESS
484255;484256;HAS_ADDRESS
484260;484261;HAS_ADDRESS
484265;484266;HAS_ADDRESS
484270;484271;HAS_ADDRESS
484275;484276;HAS_ADDRESS
484280;484281;HAS_ADDRESS
484285;484286;HAS_ADDRESS
484290;484291;HAS_ADDRESS
484295;484296;HAS_ADDRESS
484300;484301;HAS_ADDRESS
484305;484306;HAS_ADDRESS
484310;484311;HAS_ADDRESS
484315;484316;HAS_ADDRESS
484320;484321;HAS_ADDRESS
484325;484326;HAS_ADDRESS
484330;484331;HAS_ADDRESS
484335;484336;HAS_ADDRESS
484340;484341;HAS_ADDRESS
484345;484346;HAS_ADDRESS
484350;484351;HAS_ADDRESS
484355;484356;HAS_ADDRESS
484360;484361;HAS_ADDRESS
484365;484366;HAS_ADDRESS
484370;484371;HAS_ADDRESS
484375;484376;HAS_ADDRESS
484380;484381;HAS_ADDRESS
484385;484386;HAS_ADDRESS
484390;484391;HAS_ADDRESS
484395;484396;HAS_ADDRESS
484400;484401;HAS_ADDRESS
484405;484406;HAS_ADDRESS
484410;484411;HAS_ADDRESS
484415;484416;HAS_ADDRESS
484420;484421;HAS_ADDRESS
484425;484426;HAS_ADDRESS
484430;484431;HAS_ADDRESS
484435;484436;HAS_ADDRESS
484440;484441;HAS_ADDRESS
484445;484446;HAS_ADDRESS
484450;484451;HAS_ADDRESS
484455;484456;HAS_ADDRESS
484460;484461;HAS_ADDRESS
484465;484466;HAS_ADDRESS
484470;484471;HAS_ADDRESS
484475;484476;HAS_ADDRESS
484480;484481;HAS_ADDRESS
484485;484486;HAS_ADDRESS
484490;484491;HAS_ADDRESS
484495;484496;HAS_ADDRESS
484500;484501;HAS_ADDRESS
484505;484506;HAS_ADDRESS
484510;484511;HAS_ADDRESS
484515;484516;HAS_ADDRESS
484520;484521;HAS_ADDRESS
484525;484526;HAS_ADDRESS
484530;484531;HAS_ADDRESS
484535;484536;HAS_ADDRESS
484540;484541;HAS_ADDRESS
484545;484546;HAS_ADDRESS
484550;484551;HAS_ADDRESS
484555;484556;HAS_ADDRESS
484560;484561;HAS_ADDRESS
484565;484566;HAS_ADDRESS
484570;484571;HAS_ADDRESS
484575;484576;HAS_ADDRESS
484580;484581;HAS_ADDRESS
484585;484586;HAS_ADDRESS
484590;484591;HAS_ADDRESS
484595;484596;HAS_ADDRESS
484600;484601;HAS_ADDRESS
484605;484606;HAS_ADDRESS
484610;484611;HAS_ADDRESS
484615;484616;HAS_ADDRESS
484620;484621;HAS_ADDRESS
484625;484626;HAS_ADDRESS
484630;484631;HAS_ADDRESS
484635;484636;HAS_ADDRESS
484640;484641;HAS_ADDRESS
484645;484646;HAS_ADDRESS
484650;484651;HAS_ADDRESS
484655;484656;HAS_ADDRESS
484660;484661;HAS_ADDRESS
484665;484666;HAS_ADDRESS
484670;484671;HAS_ADDRESS
484675;484676;HAS_ADDRESS
484680;484681;HAS_ADDRESS
484685;484686;HAS_ADDRESS
484690;484691;HAS_ADDRESS
484695;484696;HAS_ADDRESS
484700;484701;HAS_ADDRESS
484705;484706;HAS_ADDRESS
484710;484711;HAS_ADDRESS
484715;484716;HAS_ADDRESS
484720;484721;HAS_ADDRESS
484725;484726;HAS_ADDRESS
484730;484731;HAS_ADDRESS
484735;484736;HAS_ADDRESS
484740;484741;HAS_ADDRESS
484745;484746;HAS_ADDRESS
484750;484751;HAS_ADDRESS
484755;484756;HAS_ADDRESS
484760;484761;HAS_ADDRESS
484765;484766;HAS_ADDRESS
484770;484771;HAS_ADDRESS
484775;484776;HAS_ADDRESS
484780;484781;HAS_ADDRESS
484785;484786;HAS_ADDRESS
484790;484791;HAS_ADDRESS
484795;484796;HAS_ADDRESS
484800;484801;HAS_ADDRESS
484805;484806;HAS_ADDRESS
484810;484811;HAS_ADDRESS
484815;484816;HAS_ADDRESS
484820;484821;HAS_ADDRESS
484825;484826;HAS_ADDRESS
484830;484831;HAS_ADDRESS
484835;484836;HAS_ADDRESS
484840;484841;HAS_ADDRESS
484845;484846;HAS_ADDRESS
484850;484851;HAS_ADDRESS
484855;484856;HAS_ADDRESS
484860;484861;HAS_ADDRESS
484865;484866;HAS_ADDRESS
484870;484871;HAS_ADDRESS
484875;484876;HAS_ADDRESS
484880;484881;HAS_ADDRESS
484885;484886;HAS_ADDRESS
484890;484891;HAS_ADDRESS
484895;484896;HAS_ADDRESS
484900;484901;HAS_ADDRESS
484905;484906;HAS_ADDRESS
484910;484911;HAS_ADDRESS
484915;484916;HAS_ADDRESS
484920;484921;HAS_ADDRESS
484925;484926;HAS_ADDRESS
484930;484931;HAS_ADDRESS
484935;484936;HAS_ADDRESS
484940;484941;HAS_ADDRESS
484945;484946;HAS_ADDRESS
484950;484951;HAS_ADDRESS
484955;484956;HAS_ADDRESS
484960;484961;HAS_ADDRESS
484965;484966;HAS_ADDRESS
484970;484971;HAS_ADDRESS
484975;484976;HAS_ADDRESS
484980;484981;HAS_ADDRESS
484985;484986;HAS_ADDRESS
484990;484991;HAS_ADDRESS
484995;484996;HAS_ADDRESS
485000;485001;HAS_ADDRESS
485005;485006;HAS_ADDRESS
485010;485011;HAS_ADDRESS
485015;485016;HAS_ADDRESS
485020;485021;HAS_ADDRESS
485025;485026;HAS_ADDRESS
485030;485031;HAS_ADDRESS
485035;485036;HAS_ADDRESS
485040;485041;HAS_ADDRESS
485045;485046;HAS_ADDRESS
485050;485051;HAS_ADDRESS
485055;485056;HAS_ADDRESS
485060;485061;HAS_ADDRESS
485065;485066;HAS_ADDRESS
485070;485071;HAS_ADDRESS
485075;485076;HAS_ADDRESS
485080;485081;HAS_ADDRESS
485085;485086;HAS_ADDRESS
485090;485091;HAS_ADDRESS
485095;485096;HAS_ADDRESS
485100;485101;HAS_ADDRESS
485105;485106;HAS_ADDRESS
485110;485111;HAS_ADDRESS
485115;485116;HAS_ADDRESS
485120;485121;HAS_ADDRESS
485125;485126;HAS_ADDRESS
485130;485131;HAS_ADDRESS
485135;485136;HAS_ADDRESS
485140;485141;HAS_ADDRESS
485145;485146;HAS_ADDRESS
485150;485151;HAS_ADDRESS
485155;485156;HAS_ADDRESS
485160;485161;HAS_ADDRESS
485165;485166;HAS_ADDRESS
485170;485171;HAS_ADDRESS
485175;485176;HAS_ADDRESS
485180;485181;HAS_ADDRESS
485185;485186;HAS_ADDRESS
485190;485191;HAS_ADDRESS
485195;485196;HAS_ADDRESS
485200;485201;HAS_ADDRESS
485205;485206;HAS_ADDRESS
485210;485211;HAS_ADDRESS
485215;485216;HAS_ADDRESS
485220;485221;HAS_ADDRESS
485225;485226;HAS_ADDRESS
485230;485231;HAS_ADDRESS
485235;485236;HAS_ADDRESS
485240;485241;HAS_ADDRESS
485245;485246;HAS_ADDRESS
485250;485251;HAS_ADDRESS
485255;485256;HAS_ADDRESS
485260;485261;HAS_ADDRESS
485265;485266;HAS_ADDRESS
485270;485271;HAS_ADDRESS
485275;485276;HAS_ADDRESS
485280;485281;HAS_ADDRESS
485285;485286;HAS_ADDRESS
485290;485291;HAS_ADDRESS
485295;485296;HAS_ADDRESS
485300;485301;HAS_ADDRESS
485305;485306;HAS_ADDRESS
485310;485311;HAS_ADDRESS
485315;485316;HAS_ADDRESS
485320;485321;HAS_ADDRESS
485325;485326;HAS_ADDRESS
485330;485331;HAS_ADDRESS
485335;485336;HAS_ADDRESS
485340;485341;HAS_ADDRESS
485345;485346;HAS_ADDRESS
485350;485351;HAS_ADDRESS
485355;485356;HAS_ADDRESS
485360;485361;HAS_ADDRESS
485365;485366;HAS_ADDRESS
485370;485371;HAS_ADDRESS
485375;485376;HAS_ADDRESS
485380;485381;HAS_ADDRESS
485385;485386;HAS_ADDRESS
485390;485391;HAS_ADDRESS
485395;485396;HAS_ADDRESS
485400;485401;HAS_ADDRESS
485405;485406;HAS_ADDRESS
485410;485411;HAS_ADDRESS
485415;485416;HAS_ADDRESS
485420;485421;HAS_ADDRESS
485425;485426;HAS_ADDRESS
485430;485431;HAS_ADDRESS
485435;485436;HAS_ADDRESS
485440;485441;HAS_ADDRESS
485445;485446;HAS_ADDRESS
485450;485451;HAS_ADDRESS
485455;485456;HAS_ADDRESS
485460;485461;HAS_ADDRESS
485465;485466;HAS_ADDRESS
485470;485471;HAS_ADDRESS
485475;485476;HAS_ADDRESS
485480;485481;HAS_ADDRESS
485485;485486;HAS_ADDRESS
485490;485491;HAS_ADDRESS
485495;485496;HAS_ADDRESS
485500;485501;HAS_ADDRESS
485505;485506;HAS_ADDRESS
485510;485511;HAS_ADDRESS
485515;485516;HAS_ADDRESS
485520;485521;HAS_ADDRESS
485525;485526;HAS_ADDRESS
485530;485531;HAS_ADDRESS
485535;485536;HAS_ADDRESS
485540;485541;HAS_ADDRESS
485545;485546;HAS_ADDRESS
485550;485551;HAS_ADDRESS
485555;485556;HAS_ADDRESS
485560;485561;HAS_ADDRESS
485565;485566;HAS_ADDRESS
485570;485571;HAS_ADDRESS
485575;485576;HAS_ADDRESS
485580;485581;HAS_ADDRESS
485585;485586;HAS_ADDRESS
485590;485591;HAS_ADDRESS
485595;485596;HAS_ADDRESS
485600;485601;HAS_ADDRESS
485605;485606;HAS_ADDRESS
485610;485611;HAS_ADDRESS
485615;485616;HAS_ADDRESS
485620;485621;HAS_ADDRESS
485625;485626;HAS_ADDRESS
485630;485631;HAS_ADDRESS
485635;485636;HAS_ADDRESS
485640;485641;HAS_ADDRESS
485645;485646;HAS_ADDRESS
485650;485651;HAS_ADDRESS
485655;485656;HAS_ADDRESS
485660;485661;HAS_ADDRESS
485665;485666;HAS_ADDRESS
485670;485671;HAS_ADDRESS
485675;485676;HAS_ADDRESS
485680;485681;HAS_ADDRESS
485685;485686;HAS_ADDRESS
485690;485691;HAS_ADDRESS
485695;485696;HAS_ADDRESS
485700;485701;HAS_ADDRESS
485705;485706;HAS_ADDRESS
485710;485711;HAS_ADDRESS
485715;485716;HAS_ADDRESS
485720;485721;HAS_ADDRESS
485725;485726;HAS_ADDRESS
485730;485731;HAS_ADDRESS
485735;485736;HAS_ADDRESS
485740;485741;HAS_ADDRESS
485745;485746;HAS_ADDRESS
485750;485751;HAS_ADDRESS
485755;485756;HAS_ADDRESS
485760;485761;HAS_ADDRESS
485765;485766;HAS_ADDRESS
485770;485771;HAS_ADDRESS
485775;485776;HAS_ADDRESS
485780;485781;HAS_ADDRESS
485785;485786;HAS_ADDRESS
485790;485791;HAS_ADDRESS
485795;485796;HAS_ADDRESS
485800;485801;HAS_ADDRESS
485805;485806;HAS_ADDRESS
485810;485811;HAS_ADDRESS
485815;485816;HAS_ADDRESS
485820;485821;HAS_ADDRESS
485825;485826;HAS_ADDRESS
485830;485831;HAS_ADDRESS
485835;485836;HAS_ADDRESS
485840;485841;HAS_ADDRESS
485845;485846;HAS_ADDRESS
485850;485851;HAS_ADDRESS
485855;485856;HAS_ADDRESS
485860;485861;HAS_ADDRESS
485865;485866;HAS_ADDRESS
485870;485871;HAS_ADDRESS
485875;485876;HAS_ADDRESS
485880;485881;HAS_ADDRESS
485885;485886;HAS_ADDRESS
485890;485891;HAS_ADDRESS
485895;485896;HAS_ADDRESS
485900;485901;HAS_ADDRESS
485905;485906;HAS_ADDRESS
485910;485911;HAS_ADDRESS
485915;485916;HAS_ADDRESS
485920;485921;HAS_ADDRESS
485925;485926;HAS_ADDRESS
485930;485931;HAS_ADDRESS
485935;485936;HAS_ADDRESS
485940;485941;HAS_ADDRESS
485945;485946;HAS_ADDRESS
485950;485951;HAS_ADDRESS
485955;485956;HAS_ADDRESS
485960;485961;HAS_ADDRESS
485965;485966;HAS_ADDRESS
485970;485971;HAS_ADDRESS
485975;485976;HAS_ADDRESS
485980;485981;HAS_ADDRESS
485985;485986;HAS_ADDRESS
485990;485991;HAS_ADDRESS
485995;485996;HAS_ADDRESS
486000;486001;HAS_ADDRESS
486005;486006;HAS_ADDRESS
486010;486011;HAS_ADDRESS
486015;486016;HAS_ADDRESS
486020;486021;HAS_ADDRESS
486025;486026;HAS_ADDRESS
486030;486031;HAS_ADDRESS
486035;486036;HAS_ADDRESS
486040;486041;HAS_ADDRESS
486045;486046;HAS_ADDRESS
486050;486051;HAS_ADDRESS
486055;486056;HAS_ADDRESS
486060;486061;HAS_ADDRESS
486065;486066;HAS_ADDRESS
486070;486071;HAS_ADDRESS
486075;486076;HAS_ADDRESS
486080;486081;HAS_ADDRESS
486085;486086;HAS_ADDRESS
486090;486091;HAS_ADDRESS
486095;486096;HAS_ADDRESS
486100;486101;HAS_ADDRESS
486105;486106;HAS_ADDRESS
486110;486111;HAS_ADDRESS
486115;486116;HAS_ADDRESS
486120;486121;HAS_ADDRESS
486125;486126;HAS_ADDRESS
486130;486131;HAS_ADDRESS
486135;486136;HAS_ADDRESS
486140;486141;HAS_ADDRESS
486145;486146;HAS_ADDRESS
486150;486151;HAS_ADDRESS
486155;486156;HAS_ADDRESS
486160;486161;HAS_ADDRESS
486165;486166;HAS_ADDRESS
486170;486171;HAS_ADDRESS
486175;486176;HAS_ADDRESS
486180;486181;HAS_ADDRESS
486185;486186;HAS_ADDRESS
486190;486191;HAS_ADDRESS
486195;486196;HAS_ADDRESS
486200;486201;HAS_ADDRESS
486205;486206;HAS_ADDRESS
486210;486211;HAS_ADDRESS
486215;486216;HAS_ADDRESS
486220;486221;HAS_ADDRESS
486225;486226;HAS_ADDRESS
486230;486231;HAS_ADDRESS
486235;486236;HAS_ADDRESS
486240;486241;HAS_ADDRESS
486245;486246;HAS_ADDRESS
486250;486251;HAS_ADDRESS
486255;486256;HAS_ADDRESS
486260;486261;HAS_ADDRESS
486265;486266;HAS_ADDRESS
486270;486271;HAS_ADDRESS
486275;486276;HAS_ADDRESS
486280;486281;HAS_ADDRESS
486285;486286;HAS_ADDRESS
486290;486291;HAS_ADDRESS
486295;486296;HAS_ADDRESS
486300;486301;HAS_ADDRESS
486305;486306;HAS_ADDRESS
486310;486311;HAS_ADDRESS
486315;486316;HAS_ADDRESS
486320;486321;HAS_ADDRESS
486325;486326;HAS_ADDRESS
486330;486331;HAS_ADDRESS
486335;486336;HAS_ADDRESS
486340;486341;HAS_ADDRESS
486345;486346;HAS_ADDRESS
486350;486351;HAS_ADDRESS
486355;486356;HAS_ADDRESS
486360;486361;HAS_ADDRESS
486365;486366;HAS_ADDRESS
486370;486371;HAS_ADDRESS
486375;486376;HAS_ADDRESS
486380;486381;HAS_ADDRESS
486385;486386;HAS_ADDRESS
486390;486391;HAS_ADDRESS
486395;486396;HAS_ADDRESS
486400;486401;HAS_ADDRESS
486405;486406;HAS_ADDRESS
486410;486411;HAS_ADDRESS
486415;486416;HAS_ADDRESS
486420;486421;HAS_ADDRESS
486425;486426;HAS_ADDRESS
486430;486431;HAS_ADDRESS
486435;486436;HAS_ADDRESS
486440;486441;HAS_ADDRESS
486445;486446;HAS_ADDRESS
486450;486451;HAS_ADDRESS
486455;486456;HAS_ADDRESS
486460;486461;HAS_ADDRESS
486465;486466;HAS_ADDRESS
486470;486471;HAS_ADDRESS
486475;486476;HAS_ADDRESS
486480;486481;HAS_ADDRESS
486485;486486;HAS_ADDRESS
486490;486491;HAS_ADDRESS
486495;486496;HAS_ADDRESS
486500;486501;HAS_ADDRESS
486505;486506;HAS_ADDRESS
486510;486511;HAS_ADDRESS
486515;486516;HAS_ADDRESS
486520;486521;HAS_ADDRESS
486525;486526;HAS_ADDRESS
486530;486531;HAS_ADDRESS
486535;486536;HAS_ADDRESS
486540;486541;HAS_ADDRESS
486545;486546;HAS_ADDRESS
486550;486551;HAS_ADDRESS
486555;486556;HAS_ADDRESS
486560;486561;HAS_ADDRESS
486565;486566;HAS_ADDRESS
486570;486571;HAS_ADDRESS
486575;486576;HAS_ADDRESS
486580;486581;HAS_ADDRESS
486585;486586;HAS_ADDRESS
486590;486591;HAS_ADDRESS
486595;486596;HAS_ADDRESS
486600;486601;HAS_ADDRESS
486605;486606;HAS_ADDRESS
486610;486611;HAS_ADDRESS
486615;486616;HAS_ADDRESS
486620;486621;HAS_ADDRESS
486625;486626;HAS_ADDRESS
486630;486631;HAS_ADDRESS
486635;486636;HAS_ADDRESS
486640;486641;HAS_ADDRESS
486645;486646;HAS_ADDRESS
486650;486651;HAS_ADDRESS
486655;486656;HAS_ADDRESS
486660;486661;HAS_ADDRESS
486665;486666;HAS_ADDRESS
486670;486671;HAS_ADDRESS
486675;486676;HAS_ADDRESS
486680;486681;HAS_ADDRESS
486685;486686;HAS_ADDRESS
486690;486691;HAS_ADDRESS
486695;486696;HAS_ADDRESS
486700;486701;HAS_ADDRESS
486705;486706;HAS_ADDRESS
486710;486711;HAS_ADDRESS
486715;486716;HAS_ADDRESS
486720;486721;HAS_ADDRESS
486725;486726;HAS_ADDRESS
486730;486731;HAS_ADDRESS
486735;486736;HAS_ADDRESS
486740;486741;HAS_ADDRESS
486745;486746;HAS_ADDRESS
486750;486751;HAS_ADDRESS
486755;486756;HAS_ADDRESS
486760;486761;HAS_ADDRESS
486765;486766;HAS_ADDRESS
486770;486771;HAS_ADDRESS
486775;486776;HAS_ADDRESS
486780;486781;HAS_ADDRESS
486785;486786;HAS_ADDRESS
486790;486791;HAS_ADDRESS
486795;486796;HAS_ADDRESS
486800;486801;HAS_ADDRESS
486805;486806;HAS_ADDRESS
486810;486811;HAS_ADDRESS
486815;486816;HAS_ADDRESS
486820;486821;HAS_ADDRESS
486825;486826;HAS_ADDRESS
486830;486831;HAS_ADDRESS
486835;486836;HAS_ADDRESS
486840;486841;HAS_ADDRESS
486845;486846;HAS_ADDRESS
486850;486851;HAS_ADDRESS
486855;486856;HAS_ADDRESS
486860;486861;HAS_ADDRESS
486865;486866;HAS_ADDRESS
486870;486871;HAS_ADDRESS
486875;486876;HAS_ADDRESS
486880;486881;HAS_ADDRESS
486885;486886;HAS_ADDRESS
486890;486891;HAS_ADDRESS
486895;486896;HAS_ADDRESS
486900;486901;HAS_ADDRESS
486905;486906;HAS_ADDRESS
486910;486911;HAS_ADDRESS
486915;486916;HAS_ADDRESS
486920;486921;HAS_ADDRESS
486925;486926;HAS_ADDRESS
486930;486931;HAS_ADDRESS
486935;486936;HAS_ADDRESS
486940;486941;HAS_ADDRESS
486945;486946;HAS_ADDRESS
486950;486951;HAS_ADDRESS
486955;486956;HAS_ADDRESS
486960;486961;HAS_ADDRESS
486965;486966;HAS_ADDRESS
486970;486971;HAS_ADDRESS
486975;486976;HAS_ADDRESS
486980;486981;HAS_ADDRESS
486985;486986;HAS_ADDRESS
486990;486991;HAS_ADDRESS
486995;486996;HAS_ADDRESS
487000;487001;HAS_ADDRESS
487005;487006;HAS_ADDRESS
487010;487011;HAS_ADDRESS
487015;487016;HAS_ADDRESS
487020;487021;HAS_ADDRESS
487025;487026;HAS_ADDRESS
487030;487031;HAS_ADDRESS
487035;487036;HAS_ADDRESS
487040;487041;HAS_ADDRESS
487045;487046;HAS_ADDRESS
487050;487051;HAS_ADDRESS
487055;487056;HAS_ADDRESS
487060;487061;HAS_ADDRESS
487065;487066;HAS_ADDRESS
487070;487071;HAS_ADDRESS
487075;487076;HAS_ADDRESS
487080;487081;HAS_ADDRESS
487085;487086;HAS_ADDRESS
487090;487091;HAS_ADDRESS
487095;487096;HAS_ADDRESS
487100;487101;HAS_ADDRESS
487105;487106;HAS_ADDRESS
487110;487111;HAS_ADDRESS
487115;487116;HAS_ADDRESS
487120;487121;HAS_ADDRESS
487125;487126;HAS_ADDRESS
487130;487131;HAS_ADDRESS
487135;487136;HAS_ADDRESS
487140;487141;HAS_ADDRESS
487145;487146;HAS_ADDRESS
487150;487151;HAS_ADDRESS
487155;487156;HAS_ADDRESS
487160;487161;HAS_ADDRESS
487165;487166;HAS_ADDRESS
487170;487171;HAS_ADDRESS
487175;487176;HAS_ADDRESS
487180;487181;HAS_ADDRESS
487185;487186;HAS_ADDRESS
487190;487191;HAS_ADDRESS
487195;487196;HAS_ADDRESS
487200;487201;HAS_ADDRESS
487205;487206;HAS_ADDRESS
487210;487211;HAS_ADDRESS
487215;487216;HAS_ADDRESS
487220;487221;HAS_ADDRESS
487225;487226;HAS_ADDRESS
487230;487231;HAS_ADDRESS
487235;487236;HAS_ADDRESS
487240;487241;HAS_ADDRESS
487245;487246;HAS_ADDRESS
487250;487251;HAS_ADDRESS
487255;487256;HAS_ADDRESS
487260;487261;HAS_ADDRESS
487265;487266;HAS_ADDRESS
487270;487271;HAS_ADDRESS
487275;487276;HAS_ADDRESS
487280;487281;HAS_ADDRESS
487285;487286;HAS_ADDRESS
487290;487291;HAS_ADDRESS
487295;487296;HAS_ADDRESS
487300;487301;HAS_ADDRESS
487305;487306;HAS_ADDRESS
487310;487311;HAS_ADDRESS
487315;487316;HAS_ADDRESS
487320;487321;HAS_ADDRESS
487325;487326;HAS_ADDRESS
487330;487331;HAS_ADDRESS
487335;487336;HAS_ADDRESS
487340;487341;HAS_ADDRESS
487345;487346;HAS_ADDRESS
487350;487351;HAS_ADDRESS
487355;487356;HAS_ADDRESS
487360;487361;HAS_ADDRESS
487365;487366;HAS_ADDRESS
487370;487371;HAS_ADDRESS
487375;487376;HAS_ADDRESS
487380;487381;HAS_ADDRESS
487385;487386;HAS_ADDRESS
487390;487391;HAS_ADDRESS
487395;487396;HAS_ADDRESS
487400;487401;HAS_ADDRESS
487405;487406;HAS_ADDRESS
487410;487411;HAS_ADDRESS
487415;487416;HAS_ADDRESS
487420;487421;HAS_ADDRESS
487425;487426;HAS_ADDRESS
487430;487431;HAS_ADDRESS
487435;487436;HAS_ADDRESS
487440;487441;HAS_ADDRESS
487445;487446;HAS_ADDRESS
487450;487451;HAS_ADDRESS
487455;487456;HAS_ADDRESS
487460;487461;HAS_ADDRESS
487465;487466;HAS_ADDRESS
487470;487471;HAS_ADDRESS
487475;487476;HAS_ADDRESS
487480;487481;HAS_ADDRESS
487485;487486;HAS_ADDRESS
487490;487491;HAS_ADDRESS
487495;487496;HAS_ADDRESS
487500;487501;HAS_ADDRESS
487505;487506;HAS_ADDRESS
487510;487511;HAS_ADDRESS
487515;487516;HAS_ADDRESS
487520;487521;HAS_ADDRESS
487525;487526;HAS_ADDRESS
487530;487531;HAS_ADDRESS
487535;487536;HAS_ADDRESS
487540;487541;HAS_ADDRESS
487545;487546;HAS_ADDRESS
487550;487551;HAS_ADDRESS
487555;487556;HAS_ADDRESS
487560;487561;HAS_ADDRESS
487565;487566;HAS_ADDRESS
487570;487571;HAS_ADDRESS
487575;487576;HAS_ADDRESS
487580;487581;HAS_ADDRESS
487585;487586;HAS_ADDRESS
487590;487591;HAS_ADDRESS
487595;487596;HAS_ADDRESS
487600;487601;HAS_ADDRESS
487605;487606;HAS_ADDRESS
487610;487611;HAS_ADDRESS
487615;487616;HAS_ADDRESS
487620;487621;HAS_ADDRESS
487625;487626;HAS_ADDRESS
487630;487631;HAS_ADDRESS
487635;487636;HAS_ADDRESS
487640;487641;HAS_ADDRESS
487645;487646;HAS_ADDRESS
487650;487651;HAS_ADDRESS
487655;487656;HAS_ADDRESS
487660;487661;HAS_ADDRESS
487665;487666;HAS_ADDRESS
487670;487671;HAS_ADDRESS
487675;487676;HAS_ADDRESS
487680;487681;HAS_ADDRESS
487685;487686;HAS_ADDRESS
487690;487691;HAS_ADDRESS
487695;487696;HAS_ADDRESS
487700;487701;HAS_ADDRESS
487705;487706;HAS_ADDRESS
487710;487711;HAS_ADDRESS
487715;487716;HAS_ADDRESS
487720;487721;HAS_ADDRESS
487725;487726;HAS_ADDRESS
487730;487731;HAS_ADDRESS
487735;487736;HAS_ADDRESS
487740;487741;HAS_ADDRESS
487745;487746;HAS_ADDRESS
487750;487751;HAS_ADDRESS
487755;487756;HAS_ADDRESS
487760;487761;HAS_ADDRESS
487765;487766;HAS_ADDRESS
487770;487771;HAS_ADDRESS
487775;487776;HAS_ADDRESS
487780;487781;HAS_ADDRESS
487785;487786;HAS_ADDRESS
487790;487791;HAS_ADDRESS
487795;487796;HAS_ADDRESS
487800;487801;HAS_ADDRESS
487805;487806;HAS_ADDRESS
487810;487811;HAS_ADDRESS
487815;487816;HAS_ADDRESS
487820;487821;HAS_ADDRESS
487825;487826;HAS_ADDRESS
487830;487831;HAS_ADDRESS
487835;487836;HAS_ADDRESS
487840;487841;HAS_ADDRESS
487845;487846;HAS_ADDRESS
487850;487851;HAS_ADDRESS
487855;487856;HAS_ADDRESS
487860;487861;HAS_ADDRESS
487865;487866;HAS_ADDRESS
487870;487871;HAS_ADDRESS
487875;487876;HAS_ADDRESS
487880;487881;HAS_ADDRESS
487885;487886;HAS_ADDRESS
487890;487891;HAS_ADDRESS
487895;487896;HAS_ADDRESS
487900;487901;HAS_ADDRESS
487905;487906;HAS_ADDRESS
487910;487911;HAS_ADDRESS
487915;487916;HAS_ADDRESS
487920;487921;HAS_ADDRESS
487925;487926;HAS_ADDRESS
487930;487931;HAS_ADDRESS
487935;487936;HAS_ADDRESS
487940;487941;HAS_ADDRESS
487945;487946;HAS_ADDRESS
487950;487951;HAS_ADDRESS
487955;487956;HAS_ADDRESS
487960;487961;HAS_ADDRESS
487965;487966;HAS_ADDRESS
487970;487971;HAS_ADDRESS
487975;487976;HAS_ADDRESS
487980;487981;HAS_ADDRESS
487985;487986;HAS_ADDRESS
487990;487991;HAS_ADDRESS
487995;487996;HAS_ADDRESS
488000;488001;HAS_ADDRESS
488005;488006;HAS_ADDRESS
488010;488011;HAS_ADDRESS
488015;488016;HAS_ADDRESS
488020;488021;HAS_ADDRESS
488025;488026;HAS_ADDRESS
488030;488031;HAS_ADDRESS
488035;488036;HAS_ADDRESS
488040;488041;HAS_ADDRESS
488045;488046;HAS_ADDRESS
488050;488051;HAS_ADDRESS
488055;488056;HAS_ADDRESS
488060;488061;HAS_ADDRESS
488065;488066;HAS_ADDRESS
488070;488071;HAS_ADDRESS
488075;488076;HAS_ADDRESS
488080;488081;HAS_ADDRESS
488085;488086;HAS_ADDRESS
488090;488091;HAS_ADDRESS
488095;488096;HAS_ADDRESS
488100;488101;HAS_ADDRESS
488105;488106;HAS_ADDRESS
488110;488111;HAS_ADDRESS
488115;488116;HAS_ADDRESS
488120;488121;HAS_ADDRESS
488125;488126;HAS_ADDRESS
488130;488131;HAS_ADDRESS
488135;488136;HAS_ADDRESS
488140;488141;HAS_ADDRESS
488145;488146;HAS_ADDRESS
488150;488151;HAS_ADDRESS
488155;488156;HAS_ADDRESS
488160;488161;HAS_ADDRESS
488165;488166;HAS_ADDRESS
488170;488171;HAS_ADDRESS
488175;488176;HAS_ADDRESS
488180;488181;HAS_ADDRESS
488185;488186;HAS_ADDRESS
488190;488191;HAS_ADDRESS
488195;488196;HAS_ADDRESS
488200;488201;HAS_ADDRESS
488205;488206;HAS_ADDRESS
488210;488211;HAS_ADDRESS
488215;488216;HAS_ADDRESS
488220;488221;HAS_ADDRESS
488225;488226;HAS_ADDRESS
488230;488231;HAS_ADDRESS
488235;488236;HAS_ADDRESS
488240;488241;HAS_ADDRESS
488245;488246;HAS_ADDRESS
488250;488251;HAS_ADDRESS
488255;488256;HAS_ADDRESS
488260;488261;HAS_ADDRESS
488265;488266;HAS_ADDRESS
488270;488271;HAS_ADDRESS
488275;488276;HAS_ADDRESS
488280;488281;HAS_ADDRESS
488285;488286;HAS_ADDRESS
488290;488291;HAS_ADDRESS
488295;488296;HAS_ADDRESS
488300;488301;HAS_ADDRESS
488305;488306;HAS_ADDRESS
488310;488311;HAS_ADDRESS
488315;488316;HAS_ADDRESS
488320;488321;HAS_ADDRESS
488325;488326;HAS_ADDRESS
488330;488331;HAS_ADDRESS
488335;488336;HAS_ADDRESS
488340;488341;HAS_ADDRESS
488345;488346;HAS_ADDRESS
488350;488351;HAS_ADDRESS
488355;488356;HAS_ADDRESS
488360;488361;HAS_ADDRESS
488365;488366;HAS_ADDRESS
488370;488371;HAS_ADDRESS
488375;488376;HAS_ADDRESS
488380;488381;HAS_ADDRESS
488385;488386;HAS_ADDRESS
488390;488391;HAS_ADDRESS
488395;488396;HAS_ADDRESS
488400;488401;HAS_ADDRESS
488405;488406;HAS_ADDRESS
488410;488411;HAS_ADDRESS
488415;488416;HAS_ADDRESS
488420;488421;HAS_ADDRESS
488425;488426;HAS_ADDRESS
488430;488431;HAS_ADDRESS
488435;488436;HAS_ADDRESS
488440;488441;HAS_ADDRESS
488445;488446;HAS_ADDRESS
488450;488451;HAS_ADDRESS
488455;488456;HAS_ADDRESS
488460;488461;HAS_ADDRESS
488465;488466;HAS_ADDRESS
488470;488471;HAS_ADDRESS
488475;488476;HAS_ADDRESS
488480;488481;HAS_ADDRESS
488485;488486;HAS_ADDRESS
488490;488491;HAS_ADDRESS
488495;488496;HAS_ADDRESS
488500;488501;HAS_ADDRESS
488505;488506;HAS_ADDRESS
488510;488511;HAS_ADDRESS
488515;488516;HAS_ADDRESS
488520;488521;HAS_ADDRESS
488525;488526;HAS_ADDRESS
488530;488531;HAS_ADDRESS
488535;488536;HAS_ADDRESS
488540;488541;HAS_ADDRESS
488545;488546;HAS_ADDRESS
488550;488551;HAS_ADDRESS
488555;488556;HAS_ADDRESS
488560;488561;HAS_ADDRESS
488565;488566;HAS_ADDRESS
488570;488571;HAS_ADDRESS
488575;488576;HAS_ADDRESS
488580;488581;HAS_ADDRESS
488585;488586;HAS_ADDRESS
488590;488591;HAS_ADDRESS
488595;488596;HAS_ADDRESS
488600;488601;HAS_ADDRESS
488605;488606;HAS_ADDRESS
488610;488611;HAS_ADDRESS
488615;488616;HAS_ADDRESS
488620;488621;HAS_ADDRESS
488625;488626;HAS_ADDRESS
488630;488631;HAS_ADDRESS
488635;488636;HAS_ADDRESS
488640;488641;HAS_ADDRESS
488645;488646;HAS_ADDRESS
488650;488651;HAS_ADDRESS
488655;488656;HAS_ADDRESS
488660;488661;HAS_ADDRESS
488665;488666;HAS_ADDRESS
488670;488671;HAS_ADDRESS
488675;488676;HAS_ADDRESS
488680;488681;HAS_ADDRESS
488685;488686;HAS_ADDRESS
488690;488691;HAS_ADDRESS
488695;488696;HAS_ADDRESS
488700;488701;HAS_ADDRESS
488705;488706;HAS_ADDRESS
488710;488711;HAS_ADDRESS
488715;488716;HAS_ADDRESS
488720;488721;HAS_ADDRESS
488725;488726;HAS_ADDRESS
488730;488731;HAS_ADDRESS
488735;488736;HAS_ADDRESS
488740;488741;HAS_ADDRESS
488745;488746;HAS_ADDRESS
488750;488751;HAS_ADDRESS
488755;488756;HAS_ADDRESS
488760;488761;HAS_ADDRESS
488765;488766;HAS_ADDRESS
488770;488771;HAS_ADDRESS
488775;488776;HAS_ADDRESS
488780;488781;HAS_ADDRESS
488785;488786;HAS_ADDRESS
488790;488791;HAS_ADDRESS
488795;488796;HAS_ADDRESS
488800;488801;HAS_ADDRESS
488805;488806;HAS_ADDRESS
488810;488811;HAS_ADDRESS
488815;488816;HAS_ADDRESS
488820;488821;HAS_ADDRESS
488825;488826;HAS_ADDRESS
488830;488831;HAS_ADDRESS
488835;488836;HAS_ADDRESS
488840;488841;HAS_ADDRESS
488845;488846;HAS_ADDRESS
488850;488851;HAS_ADDRESS
488855;488856;HAS_ADDRESS
488860;488861;HAS_ADDRESS
488865;488866;HAS_ADDRESS
488870;488871;HAS_ADDRESS
488875;488876;HAS_ADDRESS
488880;488881;HAS_ADDRESS
488885;488886;HAS_ADDRESS
488890;488891;HAS_ADDRESS
488895;488896;HAS_ADDRESS
488900;488901;HAS_ADDRESS
488905;488906;HAS_ADDRESS
488910;488911;HAS_ADDRESS
488915;488916;HAS_ADDRESS
488920;488921;HAS_ADDRESS
488925;488926;HAS_ADDRESS
488930;488931;HAS_ADDRESS
488935;488936;HAS_ADDRESS
488940;488941;HAS_ADDRESS
488945;488946;HAS_ADDRESS
488950;488951;HAS_ADDRESS
488955;488956;HAS_ADDRESS
488960;488961;HAS_ADDRESS
488965;488966;HAS_ADDRESS
488970;488971;HAS_ADDRESS
488975;488976;HAS_ADDRESS
488980;488981;HAS_ADDRESS
488985;488986;HAS_ADDRESS
488990;488991;HAS_ADDRESS
488995;488996;HAS_ADDRESS
489000;489001;HAS_ADDRESS
489005;489006;HAS_ADDRESS
489010;489011;HAS_ADDRESS
489015;489016;HAS_ADDRESS
489020;489021;HAS_ADDRESS
489025;489026;HAS_ADDRESS
489030;489031;HAS_ADDRESS
489035;489036;HAS_ADDRESS
489040;489041;HAS_ADDRESS
489045;489046;HAS_ADDRESS
489050;489051;HAS_ADDRESS
489055;489056;HAS_ADDRESS
489060;489061;HAS_ADDRESS
489065;489066;HAS_ADDRESS
489070;489071;HAS_ADDRESS
489075;489076;HAS_ADDRESS
489080;489081;HAS_ADDRESS
489085;489086;HAS_ADDRESS
489090;489091;HAS_ADDRESS
489095;489096;HAS_ADDRESS
489100;489101;HAS_ADDRESS
489105;489106;HAS_ADDRESS
489110;489111;HAS_ADDRESS
489115;489116;HAS_ADDRESS
489120;489121;HAS_ADDRESS
489125;489126;HAS_ADDRESS
489130;489131;HAS_ADDRESS
489135;489136;HAS_ADDRESS
489140;489141;HAS_ADDRESS
489145;489146;HAS_ADDRESS
489150;489151;HAS_ADDRESS
489155;489156;HAS_ADDRESS
489160;489161;HAS_ADDRESS
489165;489166;HAS_ADDRESS
489170;489171;HAS_ADDRESS
489175;489176;HAS_ADDRESS
489180;489181;HAS_ADDRESS
489185;489186;HAS_ADDRESS
489190;489191;HAS_ADDRESS
489195;489196;HAS_ADDRESS
489200;489201;HAS_ADDRESS
489205;489206;HAS_ADDRESS
489210;489211;HAS_ADDRESS
489215;489216;HAS_ADDRESS
489220;489221;HAS_ADDRESS
489225;489226;HAS_ADDRESS
489230;489231;HAS_ADDRESS
489235;489236;HAS_ADDRESS
489240;489241;HAS_ADDRESS
489245;489246;HAS_ADDRESS
489250;489251;HAS_ADDRESS
489255;489256;HAS_ADDRESS
489260;489261;HAS_ADDRESS
489265;489266;HAS_ADDRESS
489270;489271;HAS_ADDRESS
489275;489276;HAS_ADDRESS
489280;489281;HAS_ADDRESS
489285;489286;HAS_ADDRESS
489290;489291;HAS_ADDRESS
489295;489296;HAS_ADDRESS
489300;489301;HAS_ADDRESS
489305;489306;HAS_ADDRESS
489310;489311;HAS_ADDRESS
489315;489316;HAS_ADDRESS
489320;489321;HAS_ADDRESS
489325;489326;HAS_ADDRESS
489330;489331;HAS_ADDRESS
489335;489336;HAS_ADDRESS
489340;489341;HAS_ADDRESS
489345;489346;HAS_ADDRESS
489350;489351;HAS_ADDRESS
489355;489356;HAS_ADDRESS
489360;489361;HAS_ADDRESS
489365;489366;HAS_ADDRESS
489370;489371;HAS_ADDRESS
489375;489376;HAS_ADDRESS
489380;489381;HAS_ADDRESS
489385;489386;HAS_ADDRESS
489390;489391;HAS_ADDRESS
489395;489396;HAS_ADDRESS
489400;489401;HAS_ADDRESS
489405;489406;HAS_ADDRESS
489410;489411;HAS_ADDRESS
489415;489416;HAS_ADDRESS
489420;489421;HAS_ADDRESS
489425;489426;HAS_ADDRESS
489430;489431;HAS_ADDRESS
489435;489436;HAS_ADDRESS
489440;489441;HAS_ADDRESS
489445;489446;HAS_ADDRESS
489450;489451;HAS_ADDRESS
489455;489456;HAS_ADDRESS
489460;489461;HAS_ADDRESS
489465;489466;HAS_ADDRESS
489470;489471;HAS_ADDRESS
489475;489476;HAS_ADDRESS
489480;489481;HAS_ADDRESS
489485;489486;HAS_ADDRESS
489490;489491;HAS_ADDRESS
489495;489496;HAS_ADDRESS
489500;489501;HAS_ADDRESS
489505;489506;HAS_ADDRESS
489510;489511;HAS_ADDRESS
489515;489516;HAS_ADDRESS
489520;489521;HAS_ADDRESS
489525;489526;HAS_ADDRESS
489530;489531;HAS_ADDRESS
489535;489536;HAS_ADDRESS
489540;489541;HAS_ADDRESS
489545;489546;HAS_ADDRESS
489550;489551;HAS_ADDRESS
489555;489556;HAS_ADDRESS
489560;489561;HAS_ADDRESS
489565;489566;HAS_ADDRESS
489570;489571;HAS_ADDRESS
489575;489576;HAS_ADDRESS
489580;489581;HAS_ADDRESS
489585;489586;HAS_ADDRESS
489590;489591;HAS_ADDRESS
489595;489596;HAS_ADDRESS
489600;489601;HAS_ADDRESS
489605;489606;HAS_ADDRESS
489610;489611;HAS_ADDRESS
489615;489616;HAS_ADDRESS
489620;489621;HAS_ADDRESS
489625;489626;HAS_ADDRESS
489630;489631;HAS_ADDRESS
489635;489636;HAS_ADDRESS
489640;489641;HAS_ADDRESS
489645;489646;HAS_ADDRESS
489650;489651;HAS_ADDRESS
489655;489656;HAS_ADDRESS
489660;489661;HAS_ADDRESS
489665;489666;HAS_ADDRESS
489670;489671;HAS_ADDRESS
489675;489676;HAS_ADDRESS
489680;489681;HAS_ADDRESS
489685;489686;HAS_ADDRESS
489690;489691;HAS_ADDRESS
489695;489696;HAS_ADDRESS
489700;489701;HAS_ADDRESS
489705;489706;HAS_ADDRESS
489710;489711;HAS_ADDRESS
489715;489716;HAS_ADDRESS
489720;489721;HAS_ADDRESS
489725;489726;HAS_ADDRESS
489730;489731;HAS_ADDRESS
489735;489736;HAS_ADDRESS
489740;489741;HAS_ADDRESS
489745;489746;HAS_ADDRESS
489750;489751;HAS_ADDRESS
489755;489756;HAS_ADDRESS
489760;489761;HAS_ADDRESS
489765;489766;HAS_ADDRESS
489770;489771;HAS_ADDRESS
489775;489776;HAS_ADDRESS
489780;489781;HAS_ADDRESS
489785;489786;HAS_ADDRESS
489790;489791;HAS_ADDRESS
489795;489796;HAS_ADDRESS
489800;489801;HAS_ADDRESS
489805;489806;HAS_ADDRESS
489810;489811;HAS_ADDRESS
489815;489816;HAS_ADDRESS
489820;489821;HAS_ADDRESS
489825;489826;HAS_ADDRESS
489830;489831;HAS_ADDRESS
489835;489836;HAS_ADDRESS
489840;489841;HAS_ADDRESS
489845;489846;HAS_ADDRESS
489850;489851;HAS_ADDRESS
489855;489856;HAS_ADDRESS
489860;489861;HAS_ADDRESS
489865;489866;HAS_ADDRESS
489870;489871;HAS_ADDRESS
489875;489876;HAS_ADDRESS
489880;489881;HAS_ADDRESS
489885;489886;HAS_ADDRESS
489890;489891;HAS_ADDRESS
489895;489896;HAS_ADDRESS
489900;489901;HAS_ADDRESS
489905;489906;HAS_ADDRESS
489910;489911;HAS_ADDRESS
489915;489916;HAS_ADDRESS
489920;489921;HAS_ADDRESS
489925;489926;HAS_ADDRESS
489930;489931;HAS_ADDRESS
489935;489936;HAS_ADDRESS
489940;489941;HAS_ADDRESS
489945;489946;HAS_ADDRESS
489950;489951;HAS_ADDRESS
489955;489956;HAS_ADDRESS
489960;489961;HAS_ADDRESS
489965;489966;HAS_ADDRESS
489970;489971;HAS_ADDRESS
489975;489976;HAS_ADDRESS
489980;489981;HAS_ADDRESS
489985;489986;HAS_ADDRESS
489990;489991;HAS_ADDRESS
489995;489996;HAS_ADDRESS
490000;490001;HAS_ADDRESS
490005;490006;HAS_ADDRESS
490010;490011;HAS_ADDRESS
490015;490016;HAS_ADDRESS
490020;490021;HAS_ADDRESS
490025;490026;HAS_ADDRESS
490030;490031;HAS_ADDRESS
490035;490036;HAS_ADDRESS
490040;490041;HAS_ADDRESS
490045;490046;HAS_ADDRESS
490050;490051;HAS_ADDRESS
490055;490056;HAS_ADDRESS
490060;490061;HAS_ADDRESS
490065;490066;HAS_ADDRESS
490070;490071;HAS_ADDRESS
490075;490076;HAS_ADDRESS
490080;490081;HAS_ADDRESS
490085;490086;HAS_ADDRESS
490090;490091;HAS_ADDRESS
490095;490096;HAS_ADDRESS
490100;490101;HAS_ADDRESS
490105;490106;HAS_ADDRESS
490110;490111;HAS_ADDRESS
490115;490116;HAS_ADDRESS
490120;490121;HAS_ADDRESS
490125;490126;HAS_ADDRESS
490130;490131;HAS_ADDRESS
490135;490136;HAS_ADDRESS
490140;490141;HAS_ADDRESS
490145;490146;HAS_ADDRESS
490150;490151;HAS_ADDRESS
490155;490156;HAS_ADDRESS
490160;490161;HAS_ADDRESS
490165;490166;HAS_ADDRESS
490170;490171;HAS_ADDRESS
490175;490176;HAS_ADDRESS
490180;490181;HAS_ADDRESS
490185;490186;HAS_ADDRESS
490190;490191;HAS_ADDRESS
490195;490196;HAS_ADDRESS
490200;490201;HAS_ADDRESS
490205;490206;HAS_ADDRESS
490210;490211;HAS_ADDRESS
490215;490216;HAS_ADDRESS
490220;490221;HAS_ADDRESS
490225;490226;HAS_ADDRESS
490230;490231;HAS_ADDRESS
490235;490236;HAS_ADDRESS
490240;490241;HAS_ADDRESS
490245;490246;HAS_ADDRESS
490250;490251;HAS_ADDRESS
490255;490256;HAS_ADDRESS
490260;490261;HAS_ADDRESS
490265;490266;HAS_ADDRESS
490270;490271;HAS_ADDRESS
490275;490276;HAS_ADDRESS
490280;490281;HAS_ADDRESS
490285;490286;HAS_ADDRESS
490290;490291;HAS_ADDRESS
490295;490296;HAS_ADDRESS
490300;490301;HAS_ADDRESS
490305;490306;HAS_ADDRESS
490310;490311;HAS_ADDRESS
490315;490316;HAS_ADDRESS
490320;490321;HAS_ADDRESS
490325;490326;HAS_ADDRESS
490330;490331;HAS_ADDRESS
490335;490336;HAS_ADDRESS
490340;490341;HAS_ADDRESS
490345;490346;HAS_ADDRESS
490350;490351;HAS_ADDRESS
490355;490356;HAS_ADDRESS
490360;490361;HAS_ADDRESS
490365;490366;HAS_ADDRESS
490370;490371;HAS_ADDRESS
490375;490376;HAS_ADDRESS
490380;490381;HAS_ADDRESS
490385;490386;HAS_ADDRESS
490390;490391;HAS_ADDRESS
490395;490396;HAS_ADDRESS
490400;490401;HAS_ADDRESS
490405;490406;HAS_ADDRESS
490410;490411;HAS_ADDRESS
490415;490416;HAS_ADDRESS
490420;490421;HAS_ADDRESS
490425;490426;HAS_ADDRESS
490430;490431;HAS_ADDRESS
490435;490436;HAS_ADDRESS
490440;490441;HAS_ADDRESS
490445;490446;HAS_ADDRESS
490450;490451;HAS_ADDRESS
490455;490456;HAS_ADDRESS
490460;490461;HAS_ADDRESS
490465;490466;HAS_ADDRESS
490470;490471;HAS_ADDRESS
490475;490476;HAS_ADDRESS
490480;490481;HAS_ADDRESS
490485;490486;HAS_ADDRESS
490490;490491;HAS_ADDRESS
490495;490496;HAS_ADDRESS
490500;490501;HAS_ADDRESS
490505;490506;HAS_ADDRESS
490510;490511;HAS_ADDRESS
490515;490516;HAS_ADDRESS
490520;490521;HAS_ADDRESS
490525;490526;HAS_ADDRESS
490530;490531;HAS_ADDRESS
490535;490536;HAS_ADDRESS
490540;490541;HAS_ADDRESS
490545;490546;HAS_ADDRESS
490550;490551;HAS_ADDRESS
490555;490556;HAS_ADDRESS
490560;490561;HAS_ADDRESS
490565;490566;HAS_ADDRESS
490570;490571;HAS_ADDRESS
490575;490576;HAS_ADDRESS
490580;490581;HAS_ADDRESS
490585;490586;HAS_ADDRESS
490590;490591;HAS_ADDRESS
490595;490596;HAS_ADDRESS
490600;490601;HAS_ADDRESS
490605;490606;HAS_ADDRESS
490610;490611;HAS_ADDRESS
490615;490616;HAS_ADDRESS
490620;490621;HAS_ADDRESS
490625;490626;HAS_ADDRESS
490630;490631;HAS_ADDRESS
490635;490636;HAS_ADDRESS
490640;490641;HAS_ADDRESS
490645;490646;HAS_ADDRESS
490650;490651;HAS_ADDRESS
490655;490656;HAS_ADDRESS
490660;490661;HAS_ADDRESS
490665;490666;HAS_ADDRESS
490670;490671;HAS_ADDRESS
490675;490676;HAS_ADDRESS
490680;490681;HAS_ADDRESS
490685;490686;HAS_ADDRESS
490690;490691;HAS_ADDRESS
490695;490696;HAS_ADDRESS
490700;490701;HAS_ADDRESS
490705;490706;HAS_ADDRESS
490710;490711;HAS_ADDRESS
490715;490716;HAS_ADDRESS
490720;490721;HAS_ADDRESS
490725;490726;HAS_ADDRESS
490730;490731;HAS_ADDRESS
490735;490736;HAS_ADDRESS
490740;490741;HAS_ADDRESS
490745;490746;HAS_ADDRESS
490750;490751;HAS_ADDRESS
490755;490756;HAS_ADDRESS
490760;490761;HAS_ADDRESS
490765;490766;HAS_ADDRESS
490770;490771;HAS_ADDRESS
490775;490776;HAS_ADDRESS
490780;490781;HAS_ADDRESS
490785;490786;HAS_ADDRESS
490790;490791;HAS_ADDRESS
490795;490796;HAS_ADDRESS
490800;490801;HAS_ADDRESS
490805;490806;HAS_ADDRESS
490810;490811;HAS_ADDRESS
490815;490816;HAS_ADDRESS
490820;490821;HAS_ADDRESS
490825;490826;HAS_ADDRESS
490830;490831;HAS_ADDRESS
490835;490836;HAS_ADDRESS
490840;490841;HAS_ADDRESS
490845;490846;HAS_ADDRESS
490850;490851;HAS_ADDRESS
490855;490856;HAS_ADDRESS
490860;490861;HAS_ADDRESS
490865;490866;HAS_ADDRESS
490870;490871;HAS_ADDRESS
490875;490876;HAS_ADDRESS
490880;490881;HAS_ADDRESS
490885;490886;HAS_ADDRESS
490890;490891;HAS_ADDRESS
490895;490896;HAS_ADDRESS
490900;490901;HAS_ADDRESS
490905;490906;HAS_ADDRESS
490910;490911;HAS_ADDRESS
490915;490916;HAS_ADDRESS
490920;490921;HAS_ADDRESS
490925;490926;HAS_ADDRESS
490930;490931;HAS_ADDRESS
490935;490936;HAS_ADDRESS
490940;490941;HAS_ADDRESS
490945;490946;HAS_ADDRESS
490950;490951;HAS_ADDRESS
490955;490956;HAS_ADDRESS
490960;490961;HAS_ADDRESS
490965;490966;HAS_ADDRESS
490970;490971;HAS_ADDRESS
490975;490976;HAS_ADDRESS
490980;490981;HAS_ADDRESS
490985;490986;HAS_ADDRESS
490990;490991;HAS_ADDRESS
490995;490996;HAS_ADDRESS
491000;491001;HAS_ADDRESS
491005;491006;HAS_ADDRESS
491010;491011;HAS_ADDRESS
491015;491016;HAS_ADDRESS
491020;491021;HAS_ADDRESS
491025;491026;HAS_ADDRESS
491030;491031;HAS_ADDRESS
491035;491036;HAS_ADDRESS
491040;491041;HAS_ADDRESS
491045;491046;HAS_ADDRESS
491050;491051;HAS_ADDRESS
491055;491056;HAS_ADDRESS
491060;491061;HAS_ADDRESS
491065;491066;HAS_ADDRESS
491070;491071;HAS_ADDRESS
491075;491076;HAS_ADDRESS
491080;491081;HAS_ADDRESS
491085;491086;HAS_ADDRESS
491090;491091;HAS_ADDRESS
491095;491096;HAS_ADDRESS
491100;491101;HAS_ADDRESS
491105;491106;HAS_ADDRESS
491110;491111;HAS_ADDRESS
491115;491116;HAS_ADDRESS
491120;491121;HAS_ADDRESS
491125;491126;HAS_ADDRESS
491130;491131;HAS_ADDRESS
491135;491136;HAS_ADDRESS
491140;491141;HAS_ADDRESS
491145;491146;HAS_ADDRESS
491150;491151;HAS_ADDRESS
491155;491156;HAS_ADDRESS
491160;491161;HAS_ADDRESS
491165;491166;HAS_ADDRESS
491170;491171;HAS_ADDRESS
491175;491176;HAS_ADDRESS
491180;491181;HAS_ADDRESS
491185;491186;HAS_ADDRESS
491190;491191;HAS_ADDRESS
491195;491196;HAS_ADDRESS
491200;491201;HAS_ADDRESS
491205;491206;HAS_ADDRESS
491210;491211;HAS_ADDRESS
491215;491216;HAS_ADDRESS
491220;491221;HAS_ADDRESS
491225;491226;HAS_ADDRESS
491230;491231;HAS_ADDRESS
491235;491236;HAS_ADDRESS
491240;491241;HAS_ADDRESS
491245;491246;HAS_ADDRESS
491250;491251;HAS_ADDRESS
491255;491256;HAS_ADDRESS
491260;491261;HAS_ADDRESS
491265;491266;HAS_ADDRESS
491270;491271;HAS_ADDRESS
491275;491276;HAS_ADDRESS
491280;491281;HAS_ADDRESS
491285;491286;HAS_ADDRESS
491290;491291;HAS_ADDRESS
491295;491296;HAS_ADDRESS
491300;491301;HAS_ADDRESS
491305;491306;HAS_ADDRESS
491310;491311;HAS_ADDRESS
491315;491316;HAS_ADDRESS
491320;491321;HAS_ADDRESS
491325;491326;HAS_ADDRESS
491330;491331;HAS_ADDRESS
491335;491336;HAS_ADDRESS
491340;491341;HAS_ADDRESS
491345;491346;HAS_ADDRESS
491350;491351;HAS_ADDRESS
491355;491356;HAS_ADDRESS
491360;491361;HAS_ADDRESS
491365;491366;HAS_ADDRESS
491370;491371;HAS_ADDRESS
491375;491376;HAS_ADDRESS
491380;491381;HAS_ADDRESS
491385;491386;HAS_ADDRESS
491390;491391;HAS_ADDRESS
491395;491396;HAS_ADDRESS
491400;491401;HAS_ADDRESS
491405;491406;HAS_ADDRESS
491410;491411;HAS_ADDRESS
491415;491416;HAS_ADDRESS
491420;491421;HAS_ADDRESS
491425;491426;HAS_ADDRESS
491430;491431;HAS_ADDRESS
491435;491436;HAS_ADDRESS
491440;491441;HAS_ADDRESS
491445;491446;HAS_ADDRESS
491450;491451;HAS_ADDRESS
491455;491456;HAS_ADDRESS
491460;491461;HAS_ADDRESS
491465;491466;HAS_ADDRESS
491470;491471;HAS_ADDRESS
491475;491476;HAS_ADDRESS
491480;491481;HAS_ADDRESS
491485;491486;HAS_ADDRESS
491490;491491;HAS_ADDRESS
491495;491496;HAS_ADDRESS
491500;491501;HAS_ADDRESS
491505;491506;HAS_ADDRESS
491510;491511;HAS_ADDRESS
491515;491516;HAS_ADDRESS
491520;491521;HAS_ADDRESS
491525;491526;HAS_ADDRESS
491530;491531;HAS_ADDRESS
491535;491536;HAS_ADDRESS
491540;491541;HAS_ADDRESS
491545;491546;HAS_ADDRESS
491550;491551;HAS_ADDRESS
491555;491556;HAS_ADDRESS
491560;491561;HAS_ADDRESS
491565;491566;HAS_ADDRESS
491570;491571;HAS_ADDRESS
491575;491576;HAS_ADDRESS
491580;491581;HAS_ADDRESS
491585;491586;HAS_ADDRESS
491590;491591;HAS_ADDRESS
491595;491596;HAS_ADDRESS
491600;491601;HAS_ADDRESS
491605;491606;HAS_ADDRESS
491610;491611;HAS_ADDRESS
491615;491616;HAS_ADDRESS
491620;491621;HAS_ADDRESS
491625;491626;HAS_ADDRESS
491630;491631;HAS_ADDRESS
491635;491636;HAS_ADDRESS
491640;491641;HAS_ADDRESS
491645;491646;HAS_ADDRESS
491650;491651;HAS_ADDRESS
491655;491656;HAS_ADDRESS
491660;491661;HAS_ADDRESS
491665;491666;HAS_ADDRESS
491670;491671;HAS_ADDRESS
491675;491676;HAS_ADDRESS
491680;491681;HAS_ADDRESS
491685;491686;HAS_ADDRESS
491690;491691;HAS_ADDRESS
491695;491696;HAS_ADDRESS
491700;491701;HAS_ADDRESS
491705;491706;HAS_ADDRESS
491710;491711;HAS_ADDRESS
491715;491716;HAS_ADDRESS
491720;491721;HAS_ADDRESS
491725;491726;HAS_ADDRESS
491730;491731;HAS_ADDRESS
491735;491736;HAS_ADDRESS
491740;491741;HAS_ADDRESS
491745;491746;HAS_ADDRESS
491750;491751;HAS_ADDRESS
491755;491756;HAS_ADDRESS
491760;491761;HAS_ADDRESS
491765;491766;HAS_ADDRESS
491770;491771;HAS_ADDRESS
491775;491776;HAS_ADDRESS
491780;491781;HAS_ADDRESS
491785;491786;HAS_ADDRESS
491790;491791;HAS_ADDRESS
491795;491796;HAS_ADDRESS
491800;491801;HAS_ADDRESS
491805;491806;HAS_ADDRESS
491810;491811;HAS_ADDRESS
491815;491816;HAS_ADDRESS
491820;491821;HAS_ADDRESS
491825;491826;HAS_ADDRESS
491830;491831;HAS_ADDRESS
491835;491836;HAS_ADDRESS
491840;491841;HAS_ADDRESS
491845;491846;HAS_ADDRESS
491850;491851;HAS_ADDRESS
491855;491856;HAS_ADDRESS
491860;491861;HAS_ADDRESS
491865;491866;HAS_ADDRESS
491870;491871;HAS_ADDRESS
491875;491876;HAS_ADDRESS
491880;491881;HAS_ADDRESS
491885;491886;HAS_ADDRESS
491890;491891;HAS_ADDRESS
491895;491896;HAS_ADDRESS
491900;491901;HAS_ADDRESS
491905;491906;HAS_ADDRESS
491910;491911;HAS_ADDRESS
491915;491916;HAS_ADDRESS
491920;491921;HAS_ADDRESS
491925;491926;HAS_ADDRESS
491930;491931;HAS_ADDRESS
491935;491936;HAS_ADDRESS
491940;491941;HAS_ADDRESS
491945;491946;HAS_ADDRESS
491950;491951;HAS_ADDRESS
491955;491956;HAS_ADDRESS
491960;491961;HAS_ADDRESS
491965;491966;HAS_ADDRESS
491970;491971;HAS_ADDRESS
491975;491976;HAS_ADDRESS
491980;491981;HAS_ADDRESS
491985;491986;HAS_ADDRESS
491990;491991;HAS_ADDRESS
491995;491996;HAS_ADDRESS
492000;492001;HAS_ADDRESS
492005;492006;HAS_ADDRESS
492010;492011;HAS_ADDRESS
492015;492016;HAS_ADDRESS
492020;492021;HAS_ADDRESS
492025;492026;HAS_ADDRESS
492030;492031;HAS_ADDRESS
492035;492036;HAS_ADDRESS
492040;492041;HAS_ADDRESS
492045;492046;HAS_ADDRESS
492050;492051;HAS_ADDRESS
492055;492056;HAS_ADDRESS
492060;492061;HAS_ADDRESS
492065;492066;HAS_ADDRESS
492070;492071;HAS_ADDRESS
492075;492076;HAS_ADDRESS
492080;492081;HAS_ADDRESS
492085;492086;HAS_ADDRESS
492090;492091;HAS_ADDRESS
492095;492096;HAS_ADDRESS
492100;492101;HAS_ADDRESS
492105;492106;HAS_ADDRESS
492110;492111;HAS_ADDRESS
492115;492116;HAS_ADDRESS
492120;492121;HAS_ADDRESS
492125;492126;HAS_ADDRESS
492130;492131;HAS_ADDRESS
492135;492136;HAS_ADDRESS
492140;492141;HAS_ADDRESS
492145;492146;HAS_ADDRESS
492150;492151;HAS_ADDRESS
492155;492156;HAS_ADDRESS
492160;492161;HAS_ADDRESS
492165;492166;HAS_ADDRESS
492170;492171;HAS_ADDRESS
492175;492176;HAS_ADDRESS
492180;492181;HAS_ADDRESS
492185;492186;HAS_ADDRESS
492190;492191;HAS_ADDRESS
492195;492196;HAS_ADDRESS
492200;492201;HAS_ADDRESS
492205;492206;HAS_ADDRESS
492210;492211;HAS_ADDRESS
492215;492216;HAS_ADDRESS
492220;492221;HAS_ADDRESS
492225;492226;HAS_ADDRESS
492230;492231;HAS_ADDRESS
492235;492236;HAS_ADDRESS
492240;492241;HAS_ADDRESS
492245;492246;HAS_ADDRESS
492250;492251;HAS_ADDRESS
492255;492256;HAS_ADDRESS
492260;492261;HAS_ADDRESS
492265;492266;HAS_ADDRESS
492270;492271;HAS_ADDRESS
492275;492276;HAS_ADDRESS
492280;492281;HAS_ADDRESS
492285;492286;HAS_ADDRESS
492290;492291;HAS_ADDRESS
492295;492296;HAS_ADDRESS
492300;492301;HAS_ADDRESS
492305;492306;HAS_ADDRESS
492310;492311;HAS_ADDRESS
492315;492316;HAS_ADDRESS
492320;492321;HAS_ADDRESS
492325;492326;HAS_ADDRESS
492330;492331;HAS_ADDRESS
492335;492336;HAS_ADDRESS
492340;492341;HAS_ADDRESS
492345;492346;HAS_ADDRESS
492350;492351;HAS_ADDRESS
492355;492356;HAS_ADDRESS
492360;492361;HAS_ADDRESS
492365;492366;HAS_ADDRESS
492370;492371;HAS_ADDRESS
492375;492376;HAS_ADDRESS
492380;492381;HAS_ADDRESS
492385;492386;HAS_ADDRESS
492390;492391;HAS_ADDRESS
492395;492396;HAS_ADDRESS
492400;492401;HAS_ADDRESS
492405;492406;HAS_ADDRESS
492410;492411;HAS_ADDRESS
492415;492416;HAS_ADDRESS
492420;492421;HAS_ADDRESS
492425;492426;HAS_ADDRESS
492430;492431;HAS_ADDRESS
492435;492436;HAS_ADDRESS
492440;492441;HAS_ADDRESS
492445;492446;HAS_ADDRESS
492450;492451;HAS_ADDRESS
492455;492456;HAS_ADDRESS
492460;492461;HAS_ADDRESS
492465;492466;HAS_ADDRESS
492470;492471;HAS_ADDRESS
492475;492476;HAS_ADDRESS
492480;492481;HAS_ADDRESS
492485;492486;HAS_ADDRESS
492490;492491;HAS_ADDRESS
492495;492496;HAS_ADDRESS
492500;492501;HAS_ADDRESS
492505;492506;HAS_ADDRESS
492510;492511;HAS_ADDRESS
492515;492516;HAS_ADDRESS
492520;492521;HAS_ADDRESS
492525;492526;HAS_ADDRESS
492530;492531;HAS_ADDRESS
492535;492536;HAS_ADDRESS
492540;492541;HAS_ADDRESS
492545;492546;HAS_ADDRESS
492550;492551;HAS_ADDRESS
492555;492556;HAS_ADDRESS
492560;492561;HAS_ADDRESS
492565;492566;HAS_ADDRESS
492570;492571;HAS_ADDRESS
492575;492576;HAS_ADDRESS
492580;492581;HAS_ADDRESS
492585;492586;HAS_ADDRESS
492590;492591;HAS_ADDRESS
492595;492596;HAS_ADDRESS
492600;492601;HAS_ADDRESS
492605;492606;HAS_ADDRESS
492610;492611;HAS_ADDRESS
492615;492616;HAS_ADDRESS
492620;492621;HAS_ADDRESS
492625;492626;HAS_ADDRESS
492630;492631;HAS_ADDRESS
492635;492636;HAS_ADDRESS
492640;492641;HAS_ADDRESS
492645;492646;HAS_ADDRESS
492650;492651;HAS_ADDRESS
492655;492656;HAS_ADDRESS
492660;492661;HAS_ADDRESS
492665;492666;HAS_ADDRESS
492670;492671;HAS_ADDRESS
492675;492676;HAS_ADDRESS
492680;492681;HAS_ADDRESS
492685;492686;HAS_ADDRESS
492690;492691;HAS_ADDRESS
492695;492696;HAS_ADDRESS
492700;492701;HAS_ADDRESS
492705;492706;HAS_ADDRESS
492710;492711;HAS_ADDRESS
492715;492716;HAS_ADDRESS
492720;492721;HAS_ADDRESS
492725;492726;HAS_ADDRESS
492730;492731;HAS_ADDRESS
492735;492736;HAS_ADDRESS
492740;492741;HAS_ADDRESS
492745;492746;HAS_ADDRESS
492750;492751;HAS_ADDRESS
492755;492756;HAS_ADDRESS
492760;492761;HAS_ADDRESS
492765;492766;HAS_ADDRESS
492770;492771;HAS_ADDRESS
492775;492776;HAS_ADDRESS
492780;492781;HAS_ADDRESS
492785;492786;HAS_ADDRESS
492790;492791;HAS_ADDRESS
492795;492796;HAS_ADDRESS
492800;492801;HAS_ADDRESS
492805;492806;HAS_ADDRESS
492810;492811;HAS_ADDRESS
492815;492816;HAS_ADDRESS
492820;492821;HAS_ADDRESS
492825;492826;HAS_ADDRESS
492830;492831;HAS_ADDRESS
492835;492836;HAS_ADDRESS
492840;492841;HAS_ADDRESS
492845;492846;HAS_ADDRESS
492850;492851;HAS_ADDRESS
492855;492856;HAS_ADDRESS
492860;492861;HAS_ADDRESS
492865;492866;HAS_ADDRESS
492870;492871;HAS_ADDRESS
492875;492876;HAS_ADDRESS
492880;492881;HAS_ADDRESS
492885;492886;HAS_ADDRESS
492890;492891;HAS_ADDRESS
492895;492896;HAS_ADDRESS
492900;492901;HAS_ADDRESS
492905;492906;HAS_ADDRESS
492910;492911;HAS_ADDRESS
492915;492916;HAS_ADDRESS
492920;492921;HAS_ADDRESS
492925;492926;HAS_ADDRESS
492930;492931;HAS_ADDRESS
492935;492936;HAS_ADDRESS
492940;492941;HAS_ADDRESS
492945;492946;HAS_ADDRESS
492950;492951;HAS_ADDRESS
492955;492956;HAS_ADDRESS
492960;492961;HAS_ADDRESS
492965;492966;HAS_ADDRESS
492970;492971;HAS_ADDRESS
492975;492976;HAS_ADDRESS
492980;492981;HAS_ADDRESS
492985;492986;HAS_ADDRESS
492990;492991;HAS_ADDRESS
492995;492996;HAS_ADDRESS
493000;493001;HAS_ADDRESS
493005;493006;HAS_ADDRESS
493010;493011;HAS_ADDRESS
493015;493016;HAS_ADDRESS
493020;493021;HAS_ADDRESS
493025;493026;HAS_ADDRESS
493030;493031;HAS_ADDRESS
493035;493036;HAS_ADDRESS
493040;493041;HAS_ADDRESS
493045;493046;HAS_ADDRESS
493050;493051;HAS_ADDRESS
493055;493056;HAS_ADDRESS
493060;493061;HAS_ADDRESS
493065;493066;HAS_ADDRESS
493070;493071;HAS_ADDRESS
493075;493076;HAS_ADDRESS
493080;493081;HAS_ADDRESS
493085;493086;HAS_ADDRESS
493090;493091;HAS_ADDRESS
493095;493096;HAS_ADDRESS
493100;493101;HAS_ADDRESS
493105;493106;HAS_ADDRESS
493110;493111;HAS_ADDRESS
493115;493116;HAS_ADDRESS
493120;493121;HAS_ADDRESS
493125;493126;HAS_ADDRESS
493130;493131;HAS_ADDRESS
493135;493136;HAS_ADDRESS
493140;493141;HAS_ADDRESS
493145;493146;HAS_ADDRESS
493150;493151;HAS_ADDRESS
493155;493156;HAS_ADDRESS
493160;493161;HAS_ADDRESS
493165;493166;HAS_ADDRESS
493170;493171;HAS_ADDRESS
493175;493176;HAS_ADDRESS
493180;493181;HAS_ADDRESS
493185;493186;HAS_ADDRESS
493190;493191;HAS_ADDRESS
493195;493196;HAS_ADDRESS
493200;493201;HAS_ADDRESS
493205;493206;HAS_ADDRESS
493210;493211;HAS_ADDRESS
493215;493216;HAS_ADDRESS
493220;493221;HAS_ADDRESS
493225;493226;HAS_ADDRESS
493230;493231;HAS_ADDRESS
493235;493236;HAS_ADDRESS
493240;493241;HAS_ADDRESS
493245;493246;HAS_ADDRESS
493250;493251;HAS_ADDRESS
493255;493256;HAS_ADDRESS
493260;493261;HAS_ADDRESS
493265;493266;HAS_ADDRESS
493270;493271;HAS_ADDRESS
493275;493276;HAS_ADDRESS
493280;493281;HAS_ADDRESS
493285;493286;HAS_ADDRESS
493290;493291;HAS_ADDRESS
493295;493296;HAS_ADDRESS
493300;493301;HAS_ADDRESS
493305;493306;HAS_ADDRESS
493310;493311;HAS_ADDRESS
493315;493316;HAS_ADDRESS
493320;493321;HAS_ADDRESS
493325;493326;HAS_ADDRESS
493330;493331;HAS_ADDRESS
493335;493336;HAS_ADDRESS
493340;493341;HAS_ADDRESS
493345;493346;HAS_ADDRESS
493350;493351;HAS_ADDRESS
493355;493356;HAS_ADDRESS
493360;493361;HAS_ADDRESS
493365;493366;HAS_ADDRESS
493370;493371;HAS_ADDRESS
493375;493376;HAS_ADDRESS
493380;493381;HAS_ADDRESS
493385;493386;HAS_ADDRESS
493390;493391;HAS_ADDRESS
493395;493396;HAS_ADDRESS
493400;493401;HAS_ADDRESS
493405;493406;HAS_ADDRESS
493410;493411;HAS_ADDRESS
493415;493416;HAS_ADDRESS
493420;493421;HAS_ADDRESS
493425;493426;HAS_ADDRESS
493430;493431;HAS_ADDRESS
493435;493436;HAS_ADDRESS
493440;493441;HAS_ADDRESS
493445;493446;HAS_ADDRESS
493450;493451;HAS_ADDRESS
493455;493456;HAS_ADDRESS
493460;493461;HAS_ADDRESS
493465;493466;HAS_ADDRESS
493470;493471;HAS_ADDRESS
493475;493476;HAS_ADDRESS
493480;493481;HAS_ADDRESS
493485;493486;HAS_ADDRESS
493490;493491;HAS_ADDRESS
493495;493496;HAS_ADDRESS
493500;493501;HAS_ADDRESS
493505;493506;HAS_ADDRESS
493510;493511;HAS_ADDRESS
493515;493516;HAS_ADDRESS
493520;493521;HAS_ADDRESS
493525;493526;HAS_ADDRESS
493530;493531;HAS_ADDRESS
493535;493536;HAS_ADDRESS
493540;493541;HAS_ADDRESS
493545;493546;HAS_ADDRESS
493550;493551;HAS_ADDRESS
493555;493556;HAS_ADDRESS
493560;493561;HAS_ADDRESS
493565;493566;HAS_ADDRESS
493570;493571;HAS_ADDRESS
493575;493576;HAS_ADDRESS
493580;493581;HAS_ADDRESS
493585;493586;HAS_ADDRESS
493590;493591;HAS_ADDRESS
493595;493596;HAS_ADDRESS
493600;493601;HAS_ADDRESS
493605;493606;HAS_ADDRESS
493610;493611;HAS_ADDRESS
493615;493616;HAS_ADDRESS
493620;493621;HAS_ADDRESS
493625;493626;HAS_ADDRESS
493630;493631;HAS_ADDRESS
493635;493636;HAS_ADDRESS
493640;493641;HAS_ADDRESS
493645;493646;HAS_ADDRESS
493650;493651;HAS_ADDRESS
493655;493656;HAS_ADDRESS
493660;493661;HAS_ADDRESS
493665;493666;HAS_ADDRESS
493670;493671;HAS_ADDRESS
493675;493676;HAS_ADDRESS
493680;493681;HAS_ADDRESS
493685;493686;HAS_ADDRESS
493690;493691;HAS_ADDRESS
493695;493696;HAS_ADDRESS
493700;493701;HAS_ADDRESS
493705;493706;HAS_ADDRESS
493710;493711;HAS_ADDRESS
493715;493716;HAS_ADDRESS
493720;493721;HAS_ADDRESS
493725;493726;HAS_ADDRESS
493730;493731;HAS_ADDRESS
493735;493736;HAS_ADDRESS
493740;493741;HAS_ADDRESS
493745;493746;HAS_ADDRESS
493750;493751;HAS_ADDRESS
493755;493756;HAS_ADDRESS
493760;493761;HAS_ADDRESS
493765;493766;HAS_ADDRESS
493770;493771;HAS_ADDRESS
493775;493776;HAS_ADDRESS
493780;493781;HAS_ADDRESS
493785;493786;HAS_ADDRESS
493790;493791;HAS_ADDRESS
493795;493796;HAS_ADDRESS
493800;493801;HAS_ADDRESS
493805;493806;HAS_ADDRESS
493810;493811;HAS_ADDRESS
493815;493816;HAS_ADDRESS
493820;493821;HAS_ADDRESS
493825;493826;HAS_ADDRESS
493830;493831;HAS_ADDRESS
493835;493836;HAS_ADDRESS
493840;493841;HAS_ADDRESS
493845;493846;HAS_ADDRESS
493850;493851;HAS_ADDRESS
493855;493856;HAS_ADDRESS
493860;493861;HAS_ADDRESS
493865;493866;HAS_ADDRESS
493870;493871;HAS_ADDRESS
493875;493876;HAS_ADDRESS
493880;493881;HAS_ADDRESS
493885;493886;HAS_ADDRESS
493890;493891;HAS_ADDRESS
493895;493896;HAS_ADDRESS
493900;493901;HAS_ADDRESS
493905;493906;HAS_ADDRESS
493910;493911;HAS_ADDRESS
493915;493916;HAS_ADDRESS
493920;493921;HAS_ADDRESS
493925;493926;HAS_ADDRESS
493930;493931;HAS_ADDRESS
493935;493936;HAS_ADDRESS
493940;493941;HAS_ADDRESS
493945;493946;HAS_ADDRESS
493950;493951;HAS_ADDRESS
493955;493956;HAS_ADDRESS
493960;493961;HAS_ADDRESS
493965;493966;HAS_ADDRESS
493970;493971;HAS_ADDRESS
493975;493976;HAS_ADDRESS
493980;493981;HAS_ADDRESS
493985;493986;HAS_ADDRESS
493990;493991;HAS_ADDRESS
493995;493996;HAS_ADDRESS
494000;494001;HAS_ADDRESS
494005;494006;HAS_ADDRESS
494010;494011;HAS_ADDRESS
494015;494016;HAS_ADDRESS
494020;494021;HAS_ADDRESS
494025;494026;HAS_ADDRESS
494030;494031;HAS_ADDRESS
494035;494036;HAS_ADDRESS
494040;494041;HAS_ADDRESS
494045;494046;HAS_ADDRESS
494050;494051;HAS_ADDRESS
494055;494056;HAS_ADDRESS
494060;494061;HAS_ADDRESS
494065;494066;HAS_ADDRESS
494070;494071;HAS_ADDRESS
494075;494076;HAS_ADDRESS
494080;494081;HAS_ADDRESS
494085;494086;HAS_ADDRESS
494090;494091;HAS_ADDRESS
494095;494096;HAS_ADDRESS
494100;494101;HAS_ADDRESS
494105;494106;HAS_ADDRESS
494110;494111;HAS_ADDRESS
494115;494116;HAS_ADDRESS
494120;494121;HAS_ADDRESS
494125;494126;HAS_ADDRESS
494130;494131;HAS_ADDRESS
494135;494136;HAS_ADDRESS
494140;494141;HAS_ADDRESS
494145;494146;HAS_ADDRESS
494150;494151;HAS_ADDRESS
494155;494156;HAS_ADDRESS
494160;494161;HAS_ADDRESS
494165;494166;HAS_ADDRESS
494170;494171;HAS_ADDRESS
494175;494176;HAS_ADDRESS
494180;494181;HAS_ADDRESS
494185;494186;HAS_ADDRESS
494190;494191;HAS_ADDRESS
494195;494196;HAS_ADDRESS
494200;494201;HAS_ADDRESS
494205;494206;HAS_ADDRESS
494210;494211;HAS_ADDRESS
494215;494216;HAS_ADDRESS
494220;494221;HAS_ADDRESS
494225;494226;HAS_ADDRESS
494230;494231;HAS_ADDRESS
494235;494236;HAS_ADDRESS
494240;494241;HAS_ADDRESS
494245;494246;HAS_ADDRESS
494250;494251;HAS_ADDRESS
494255;494256;HAS_ADDRESS
494260;494261;HAS_ADDRESS
494265;494266;HAS_ADDRESS
494270;494271;HAS_ADDRESS
494275;494276;HAS_ADDRESS
494280;494281;HAS_ADDRESS
494285;494286;HAS_ADDRESS
494290;494291;HAS_ADDRESS
494295;494296;HAS_ADDRESS
494300;494301;HAS_ADDRESS
494305;494306;HAS_ADDRESS
494310;494311;HAS_ADDRESS
494315;494316;HAS_ADDRESS
494320;494321;HAS_ADDRESS
494325;494326;HAS_ADDRESS
494330;494331;HAS_ADDRESS
494335;494336;HAS_ADDRESS
494340;494341;HAS_ADDRESS
494345;494346;HAS_ADDRESS
494350;494351;HAS_ADDRESS
494355;494356;HAS_ADDRESS
494360;494361;HAS_ADDRESS
494365;494366;HAS_ADDRESS
494370;494371;HAS_ADDRESS
494375;494376;HAS_ADDRESS
494380;494381;HAS_ADDRESS
494385;494386;HAS_ADDRESS
494390;494391;HAS_ADDRESS
494395;494396;HAS_ADDRESS
494400;494401;HAS_ADDRESS
494405;494406;HAS_ADDRESS
494410;494411;HAS_ADDRESS
494415;494416;HAS_ADDRESS
494420;494421;HAS_ADDRESS
494425;494426;HAS_ADDRESS
494430;494431;HAS_ADDRESS
494435;494436;HAS_ADDRESS
494440;494441;HAS_ADDRESS
494445;494446;HAS_ADDRESS
494450;494451;HAS_ADDRESS
494455;494456;HAS_ADDRESS
494460;494461;HAS_ADDRESS
494465;494466;HAS_ADDRESS
494470;494471;HAS_ADDRESS
494475;494476;HAS_ADDRESS
494480;494481;HAS_ADDRESS
494485;494486;HAS_ADDRESS
494490;494491;HAS_ADDRESS
494495;494496;HAS_ADDRESS
494500;494501;HAS_ADDRESS
494505;494506;HAS_ADDRESS
494510;494511;HAS_ADDRESS
494515;494516;HAS_ADDRESS
494520;494521;HAS_ADDRESS
494525;494526;HAS_ADDRESS
494530;494531;HAS_ADDRESS
494535;494536;HAS_ADDRESS
494540;494541;HAS_ADDRESS
494545;494546;HAS_ADDRESS
494550;494551;HAS_ADDRESS
494555;494556;HAS_ADDRESS
494560;494561;HAS_ADDRESS
494565;494566;HAS_ADDRESS
494570;494571;HAS_ADDRESS
494575;494576;HAS_ADDRESS
494580;494581;HAS_ADDRESS
494585;494586;HAS_ADDRESS
494590;494591;HAS_ADDRESS
494595;494596;HAS_ADDRESS
494600;494601;HAS_ADDRESS
494605;494606;HAS_ADDRESS
494610;494611;HAS_ADDRESS
494615;494616;HAS_ADDRESS
494620;494621;HAS_ADDRESS
494625;494626;HAS_ADDRESS
494630;494631;HAS_ADDRESS
494635;494636;HAS_ADDRESS
494640;494641;HAS_ADDRESS
494645;494646;HAS_ADDRESS
494650;494651;HAS_ADDRESS
494655;494656;HAS_ADDRESS
494660;494661;HAS_ADDRESS
494665;494666;HAS_ADDRESS
494670;494671;HAS_ADDRESS
494675;494676;HAS_ADDRESS
494680;494681;HAS_ADDRESS
494685;494686;HAS_ADDRESS
494690;494691;HAS_ADDRESS
494695;494696;HAS_ADDRESS
494700;494701;HAS_ADDRESS
494705;494706;HAS_ADDRESS
494710;494711;HAS_ADDRESS
494715;494716;HAS_ADDRESS
494720;494721;HAS_ADDRESS
494725;494726;HAS_ADDRESS
494730;494731;HAS_ADDRESS
494735;494736;HAS_ADDRESS
494740;494741;HAS_ADDRESS
494745;494746;HAS_ADDRESS
494750;494751;HAS_ADDRESS
494755;494756;HAS_ADDRESS
494760;494761;HAS_ADDRESS
494765;494766;HAS_ADDRESS
494770;494771;HAS_ADDRESS
494775;494776;HAS_ADDRESS
494780;494781;HAS_ADDRESS
494785;494786;HAS_ADDRESS
494790;494791;HAS_ADDRESS
494795;494796;HAS_ADDRESS
494800;494801;HAS_ADDRESS
494805;494806;HAS_ADDRESS
494810;494811;HAS_ADDRESS
494815;494816;HAS_ADDRESS
494820;494821;HAS_ADDRESS
494825;494826;HAS_ADDRESS
494830;494831;HAS_ADDRESS
494835;494836;HAS_ADDRESS
494840;494841;HAS_ADDRESS
494845;494846;HAS_ADDRESS
494850;494851;HAS_ADDRESS
494855;494856;HAS_ADDRESS
494860;494861;HAS_ADDRESS
494865;494866;HAS_ADDRESS
494870;494871;HAS_ADDRESS
494875;494876;HAS_ADDRESS
494880;494881;HAS_ADDRESS
494885;494886;HAS_ADDRESS
494890;494891;HAS_ADDRESS
494895;494896;HAS_ADDRESS
494900;494901;HAS_ADDRESS
494905;494906;HAS_ADDRESS
494910;494911;HAS_ADDRESS
494915;494916;HAS_ADDRESS
494920;494921;HAS_ADDRESS
494925;494926;HAS_ADDRESS
494930;494931;HAS_ADDRESS
494935;494936;HAS_ADDRESS
494940;494941;HAS_ADDRESS
494945;494946;HAS_ADDRESS
494950;494951;HAS_ADDRESS
494955;494956;HAS_ADDRESS
494960;494961;HAS_ADDRESS
494965;494966;HAS_ADDRESS
494970;494971;HAS_ADDRESS
494975;494976;HAS_ADDRESS
494980;494981;HAS_ADDRESS
494985;494986;HAS_ADDRESS
494990;494991;HAS_ADDRESS
494995;494996;HAS_ADDRESS
495000;495001;HAS_ADDRESS
495005;495006;HAS_ADDRESS
495010;495011;HAS_ADDRESS
495015;495016;HAS_ADDRESS
495020;495021;HAS_ADDRESS
495025;495026;HAS_ADDRESS
495030;495031;HAS_ADDRESS
495035;495036;HAS_ADDRESS
495040;495041;HAS_ADDRESS
495045;495046;HAS_ADDRESS
495050;495051;HAS_ADDRESS
495055;495056;HAS_ADDRESS
495060;495061;HAS_ADDRESS
495065;495066;HAS_ADDRESS
495070;495071;HAS_ADDRESS
495075;495076;HAS_ADDRESS
495080;495081;HAS_ADDRESS
495085;495086;HAS_ADDRESS
495090;495091;HAS_ADDRESS
495095;495096;HAS_ADDRESS
495100;495101;HAS_ADDRESS
495105;495106;HAS_ADDRESS
495110;495111;HAS_ADDRESS
495115;495116;HAS_ADDRESS
495120;495121;HAS_ADDRESS
495125;495126;HAS_ADDRESS
495130;495131;HAS_ADDRESS
495135;495136;HAS_ADDRESS
495140;495141;HAS_ADDRESS
495145;495146;HAS_ADDRESS
495150;495151;HAS_ADDRESS
495155;495156;HAS_ADDRESS
495160;495161;HAS_ADDRESS
495165;495166;HAS_ADDRESS
495170;495171;HAS_ADDRESS
495175;495176;HAS_ADDRESS
495180;495181;HAS_ADDRESS
495185;495186;HAS_ADDRESS
495190;495191;HAS_ADDRESS
495195;495196;HAS_ADDRESS
495200;495201;HAS_ADDRESS
495205;495206;HAS_ADDRESS
495210;495211;HAS_ADDRESS
495215;495216;HAS_ADDRESS
495220;495221;HAS_ADDRESS
495225;495226;HAS_ADDRESS
495230;495231;HAS_ADDRESS
495235;495236;HAS_ADDRESS
495240;495241;HAS_ADDRESS
495245;495246;HAS_ADDRESS
495250;495251;HAS_ADDRESS
495255;495256;HAS_ADDRESS
495260;495261;HAS_ADDRESS
495265;495266;HAS_ADDRESS
495270;495271;HAS_ADDRESS
495275;495276;HAS_ADDRESS
495280;495281;HAS_ADDRESS
495285;495286;HAS_ADDRESS
495290;495291;HAS_ADDRESS
495295;495296;HAS_ADDRESS
495300;495301;HAS_ADDRESS
495305;495306;HAS_ADDRESS
495310;495311;HAS_ADDRESS
495315;495316;HAS_ADDRESS
495320;495321;HAS_ADDRESS
495325;495326;HAS_ADDRESS
495330;495331;HAS_ADDRESS
495335;495336;HAS_ADDRESS
495340;495341;HAS_ADDRESS
495345;495346;HAS_ADDRESS
495350;495351;HAS_ADDRESS
495355;495356;HAS_ADDRESS
495360;495361;HAS_ADDRESS
495365;495366;HAS_ADDRESS
495370;495371;HAS_ADDRESS
495375;495376;HAS_ADDRESS
495380;495381;HAS_ADDRESS
495385;495386;HAS_ADDRESS
495390;495391;HAS_ADDRESS
495395;495396;HAS_ADDRESS
495400;495401;HAS_ADDRESS
495405;495406;HAS_ADDRESS
495410;495411;HAS_ADDRESS
495415;495416;HAS_ADDRESS
495420;495421;HAS_ADDRESS
495425;495426;HAS_ADDRESS
495430;495431;HAS_ADDRESS
495435;495436;HAS_ADDRESS
495440;495441;HAS_ADDRESS
495445;495446;HAS_ADDRESS
495450;495451;HAS_ADDRESS
495455;495456;HAS_ADDRESS
495460;495461;HAS_ADDRESS
495465;495466;HAS_ADDRESS
495470;495471;HAS_ADDRESS
495475;495476;HAS_ADDRESS
495480;495481;HAS_ADDRESS
495485;495486;HAS_ADDRESS
495490;495491;HAS_ADDRESS
495495;495496;HAS_ADDRESS
495500;495501;HAS_ADDRESS
495505;495506;HAS_ADDRESS
495510;495511;HAS_ADDRESS
495515;495516;HAS_ADDRESS
495520;495521;HAS_ADDRESS
495525;495526;HAS_ADDRESS
495530;495531;HAS_ADDRESS
495535;495536;HAS_ADDRESS
495540;495541;HAS_ADDRESS
495545;495546;HAS_ADDRESS
495550;495551;HAS_ADDRESS
495555;495556;HAS_ADDRESS
495560;495561;HAS_ADDRESS
495565;495566;HAS_ADDRESS
495570;495571;HAS_ADDRESS
495575;495576;HAS_ADDRESS
495580;495581;HAS_ADDRESS
495585;495586;HAS_ADDRESS
495590;495591;HAS_ADDRESS
495595;495596;HAS_ADDRESS
495600;495601;HAS_ADDRESS
495605;495606;HAS_ADDRESS
495610;495611;HAS_ADDRESS
495615;495616;HAS_ADDRESS
495620;495621;HAS_ADDRESS
495625;495626;HAS_ADDRESS
495630;495631;HAS_ADDRESS
495635;495636;HAS_ADDRESS
495640;495641;HAS_ADDRESS
495645;495646;HAS_ADDRESS
495650;495651;HAS_ADDRESS
495655;495656;HAS_ADDRESS
495660;495661;HAS_ADDRESS
495665;495666;HAS_ADDRESS
495670;495671;HAS_ADDRESS
495675;495676;HAS_ADDRESS
495680;495681;HAS_ADDRESS
495685;495686;HAS_ADDRESS
495690;495691;HAS_ADDRESS
495695;495696;HAS_ADDRESS
495700;495701;HAS_ADDRESS
495705;495706;HAS_ADDRESS
495710;495711;HAS_ADDRESS
495715;495716;HAS_ADDRESS
495720;495721;HAS_ADDRESS
495725;495726;HAS_ADDRESS
495730;495731;HAS_ADDRESS
495735;495736;HAS_ADDRESS
495740;495741;HAS_ADDRESS
495745;495746;HAS_ADDRESS
495750;495751;HAS_ADDRESS
495755;495756;HAS_ADDRESS
495760;495761;HAS_ADDRESS
495765;495766;HAS_ADDRESS
495770;495771;HAS_ADDRESS
495775;495776;HAS_ADDRESS
495780;495781;HAS_ADDRESS
495785;495786;HAS_ADDRESS
495790;495791;HAS_ADDRESS
495795;495796;HAS_ADDRESS
495800;495801;HAS_ADDRESS
495805;495806;HAS_ADDRESS
495810;495811;HAS_ADDRESS
495815;495816;HAS_ADDRESS
495820;495821;HAS_ADDRESS
495825;495826;HAS_ADDRESS
495830;495831;HAS_ADDRESS
495835;495836;HAS_ADDRESS
495840;495841;HAS_ADDRESS
495845;495846;HAS_ADDRESS
495850;495851;HAS_ADDRESS
495855;495856;HAS_ADDRESS
495860;495861;HAS_ADDRESS
495865;495866;HAS_ADDRESS
495870;495871;HAS_ADDRESS
495875;495876;HAS_ADDRESS
495880;495881;HAS_ADDRESS
495885;495886;HAS_ADDRESS
495890;495891;HAS_ADDRESS
495895;495896;HAS_ADDRESS
495900;495901;HAS_ADDRESS
495905;495906;HAS_ADDRESS
495910;495911;HAS_ADDRESS
495915;495916;HAS_ADDRESS
495920;495921;HAS_ADDRESS
495925;495926;HAS_ADDRESS
495930;495931;HAS_ADDRESS
495935;495936;HAS_ADDRESS
495940;495941;HAS_ADDRESS
495945;495946;HAS_ADDRESS
495950;495951;HAS_ADDRESS
495955;495956;HAS_ADDRESS
495960;495961;HAS_ADDRESS
495965;495966;HAS_ADDRESS
495970;495971;HAS_ADDRESS
495975;495976;HAS_ADDRESS
495980;495981;HAS_ADDRESS
495985;495986;HAS_ADDRESS
495990;495991;HAS_ADDRESS
495995;495996;HAS_ADDRESS
496000;496001;HAS_ADDRESS
496005;496006;HAS_ADDRESS
496010;496011;HAS_ADDRESS
496015;496016;HAS_ADDRESS
496020;496021;HAS_ADDRESS
496025;496026;HAS_ADDRESS
496030;496031;HAS_ADDRESS
496035;496036;HAS_ADDRESS
496040;496041;HAS_ADDRESS
496045;496046;HAS_ADDRESS
496050;496051;HAS_ADDRESS
496055;496056;HAS_ADDRESS
496060;496061;HAS_ADDRESS
496065;496066;HAS_ADDRESS
496070;496071;HAS_ADDRESS
496075;496076;HAS_ADDRESS
496080;496081;HAS_ADDRESS
496085;496086;HAS_ADDRESS
496090;496091;HAS_ADDRESS
496095;496096;HAS_ADDRESS
496100;496101;HAS_ADDRESS
496105;496106;HAS_ADDRESS
496110;496111;HAS_ADDRESS
496115;496116;HAS_ADDRESS
496120;496121;HAS_ADDRESS
496125;496126;HAS_ADDRESS
496130;496131;HAS_ADDRESS
496135;496136;HAS_ADDRESS
496140;496141;HAS_ADDRESS
496145;496146;HAS_ADDRESS
496150;496151;HAS_ADDRESS
496155;496156;HAS_ADDRESS
496160;496161;HAS_ADDRESS
496165;496166;HAS_ADDRESS
496170;496171;HAS_ADDRESS
496175;496176;HAS_ADDRESS
496180;496181;HAS_ADDRESS
496185;496186;HAS_ADDRESS
496190;496191;HAS_ADDRESS
496195;496196;HAS_ADDRESS
496200;496201;HAS_ADDRESS
496205;496206;HAS_ADDRESS
496210;496211;HAS_ADDRESS
496215;496216;HAS_ADDRESS
496220;496221;HAS_ADDRESS
496225;496226;HAS_ADDRESS
496230;496231;HAS_ADDRESS
496235;496236;HAS_ADDRESS
496240;496241;HAS_ADDRESS
496245;496246;HAS_ADDRESS
496250;496251;HAS_ADDRESS
496255;496256;HAS_ADDRESS
496260;496261;HAS_ADDRESS
496265;496266;HAS_ADDRESS
496270;496271;HAS_ADDRESS
496275;496276;HAS_ADDRESS
496280;496281;HAS_ADDRESS
496285;496286;HAS_ADDRESS
496290;496291;HAS_ADDRESS
496295;496296;HAS_ADDRESS
496300;496301;HAS_ADDRESS
496305;496306;HAS_ADDRESS
496310;496311;HAS_ADDRESS
496315;496316;HAS_ADDRESS
496320;496321;HAS_ADDRESS
496325;496326;HAS_ADDRESS
496330;496331;HAS_ADDRESS
496335;496336;HAS_ADDRESS
496340;496341;HAS_ADDRESS
496345;496346;HAS_ADDRESS
496350;496351;HAS_ADDRESS
496355;496356;HAS_ADDRESS
496360;496361;HAS_ADDRESS
496365;496366;HAS_ADDRESS
496370;496371;HAS_ADDRESS
496375;496376;HAS_ADDRESS
496380;496381;HAS_ADDRESS
496385;496386;HAS_ADDRESS
496390;496391;HAS_ADDRESS
496395;496396;HAS_ADDRESS
496400;496401;HAS_ADDRESS
496405;496406;HAS_ADDRESS
496410;496411;HAS_ADDRESS
496415;496416;HAS_ADDRESS
496420;496421;HAS_ADDRESS
496425;496426;HAS_ADDRESS
496430;496431;HAS_ADDRESS
496435;496436;HAS_ADDRESS
496440;496441;HAS_ADDRESS
496445;496446;HAS_ADDRESS
496450;496451;HAS_ADDRESS
496455;496456;HAS_ADDRESS
496460;496461;HAS_ADDRESS
496465;496466;HAS_ADDRESS
496470;496471;HAS_ADDRESS
496475;496476;HAS_ADDRESS
496480;496481;HAS_ADDRESS
496485;496486;HAS_ADDRESS
496490;496491;HAS_ADDRESS
496495;496496;HAS_ADDRESS
496500;496501;HAS_ADDRESS
496505;496506;HAS_ADDRESS
496510;496511;HAS_ADDRESS
496515;496516;HAS_ADDRESS
496520;496521;HAS_ADDRESS
496525;496526;HAS_ADDRESS
496530;496531;HAS_ADDRESS
496535;496536;HAS_ADDRESS
496540;496541;HAS_ADDRESS
496545;496546;HAS_ADDRESS
496550;496551;HAS_ADDRESS
496555;496556;HAS_ADDRESS
496560;496561;HAS_ADDRESS
496565;496566;HAS_ADDRESS
496570;496571;HAS_ADDRESS
496575;496576;HAS_ADDRESS
496580;496581;HAS_ADDRESS
496585;496586;HAS_ADDRESS
496590;496591;HAS_ADDRESS
496595;496596;HAS_ADDRESS
496600;496601;HAS_ADDRESS
496605;496606;HAS_ADDRESS
496610;496611;HAS_ADDRESS
496615;496616;HAS_ADDRESS
496620;496621;HAS_ADDRESS
496625;496626;HAS_ADDRESS
496630;496631;HAS_ADDRESS
496635;496636;HAS_ADDRESS
496640;496641;HAS_ADDRESS
496645;496646;HAS_ADDRESS
496650;496651;HAS_ADDRESS
496655;496656;HAS_ADDRESS
496660;496661;HAS_ADDRESS
496665;496666;HAS_ADDRESS
496670;496671;HAS_ADDRESS
496675;496676;HAS_ADDRESS
496680;496681;HAS_ADDRESS
496685;496686;HAS_ADDRESS
496690;496691;HAS_ADDRESS
496695;496696;HAS_ADDRESS
496700;496701;HAS_ADDRESS
496705;496706;HAS_ADDRESS
496710;496711;HAS_ADDRESS
496715;496716;HAS_ADDRESS
496720;496721;HAS_ADDRESS
496725;496726;HAS_ADDRESS
496730;496731;HAS_ADDRESS
496735;496736;HAS_ADDRESS
496740;496741;HAS_ADDRESS
496745;496746;HAS_ADDRESS
496750;496751;HAS_ADDRESS
496755;496756;HAS_ADDRESS
496760;496761;HAS_ADDRESS
496765;496766;HAS_ADDRESS
496770;496771;HAS_ADDRESS
496775;496776;HAS_ADDRESS
496780;496781;HAS_ADDRESS
496785;496786;HAS_ADDRESS
496790;496791;HAS_ADDRESS
496795;496796;HAS_ADDRESS
496800;496801;HAS_ADDRESS
496805;496806;HAS_ADDRESS
496810;496811;HAS_ADDRESS
496815;496816;HAS_ADDRESS
496820;496821;HAS_ADDRESS
496825;496826;HAS_ADDRESS
496830;496831;HAS_ADDRESS
496835;496836;HAS_ADDRESS
496840;496841;HAS_ADDRESS
496845;496846;HAS_ADDRESS
496850;496851;HAS_ADDRESS
496855;496856;HAS_ADDRESS
496860;496861;HAS_ADDRESS
496865;496866;HAS_ADDRESS
496870;496871;HAS_ADDRESS
496875;496876;HAS_ADDRESS
496880;496881;HAS_ADDRESS
496885;496886;HAS_ADDRESS
496890;496891;HAS_ADDRESS
496895;496896;HAS_ADDRESS
496900;496901;HAS_ADDRESS
496905;496906;HAS_ADDRESS
496910;496911;HAS_ADDRESS
496915;496916;HAS_ADDRESS
496920;496921;HAS_ADDRESS
496925;496926;HAS_ADDRESS
496930;496931;HAS_ADDRESS
496935;496936;HAS_ADDRESS
496940;496941;HAS_ADDRESS
496945;496946;HAS_ADDRESS
496950;496951;HAS_ADDRESS
496955;496956;HAS_ADDRESS
496960;496961;HAS_ADDRESS
496965;496966;HAS_ADDRESS
496970;496971;HAS_ADDRESS
496975;496976;HAS_ADDRESS
496980;496981;HAS_ADDRESS
496985;496986;HAS_ADDRESS
496990;496991;HAS_ADDRESS
496995;496996;HAS_ADDRESS
497000;497001;HAS_ADDRESS
497005;497006;HAS_ADDRESS
497010;497011;HAS_ADDRESS
497015;497016;HAS_ADDRESS
497020;497021;HAS_ADDRESS
497025;497026;HAS_ADDRESS
497030;497031;HAS_ADDRESS
497035;497036;HAS_ADDRESS
497040;497041;HAS_ADDRESS
497045;497046;HAS_ADDRESS
497050;497051;HAS_ADDRESS
497055;497056;HAS_ADDRESS
497060;497061;HAS_ADDRESS
497065;497066;HAS_ADDRESS
497070;497071;HAS_ADDRESS
497075;497076;HAS_ADDRESS
497080;497081;HAS_ADDRESS
497085;497086;HAS_ADDRESS
497090;497091;HAS_ADDRESS
497095;497096;HAS_ADDRESS
497100;497101;HAS_ADDRESS
497105;497106;HAS_ADDRESS
497110;497111;HAS_ADDRESS
497115;497116;HAS_ADDRESS
497120;497121;HAS_ADDRESS
497125;497126;HAS_ADDRESS
497130;497131;HAS_ADDRESS
497135;497136;HAS_ADDRESS
497140;497141;HAS_ADDRESS
497145;497146;HAS_ADDRESS
497150;497151;HAS_ADDRESS
497155;497156;HAS_ADDRESS
497160;497161;HAS_ADDRESS
497165;497166;HAS_ADDRESS
497170;497171;HAS_ADDRESS
497175;497176;HAS_ADDRESS
497180;497181;HAS_ADDRESS
497185;497186;HAS_ADDRESS
497190;497191;HAS_ADDRESS
497195;497196;HAS_ADDRESS
497200;497201;HAS_ADDRESS
497205;497206;HAS_ADDRESS
497210;497211;HAS_ADDRESS
497215;497216;HAS_ADDRESS
497220;497221;HAS_ADDRESS
497225;497226;HAS_ADDRESS
497230;497231;HAS_ADDRESS
497235;497236;HAS_ADDRESS
497240;497241;HAS_ADDRESS
497245;497246;HAS_ADDRESS
497250;497251;HAS_ADDRESS
497255;497256;HAS_ADDRESS
497260;497261;HAS_ADDRESS
497265;497266;HAS_ADDRESS
497270;497271;HAS_ADDRESS
497275;497276;HAS_ADDRESS
497280;497281;HAS_ADDRESS
497285;497286;HAS_ADDRESS
497290;497291;HAS_ADDRESS
497295;497296;HAS_ADDRESS
497300;497301;HAS_ADDRESS
497305;497306;HAS_ADDRESS
497310;497311;HAS_ADDRESS
497315;497316;HAS_ADDRESS
497320;497321;HAS_ADDRESS
497325;497326;HAS_ADDRESS
497330;497331;HAS_ADDRESS
497335;497336;HAS_ADDRESS
497340;497341;HAS_ADDRESS
497345;497346;HAS_ADDRESS
497350;497351;HAS_ADDRESS
497355;497356;HAS_ADDRESS
497360;497361;HAS_ADDRESS
497365;497366;HAS_ADDRESS
497370;497371;HAS_ADDRESS
497375;497376;HAS_ADDRESS
497380;497381;HAS_ADDRESS
497385;497386;HAS_ADDRESS
497390;497391;HAS_ADDRESS
497395;497396;HAS_ADDRESS
497400;497401;HAS_ADDRESS
497405;497406;HAS_ADDRESS
497410;497411;HAS_ADDRESS
497415;497416;HAS_ADDRESS
497420;497421;HAS_ADDRESS
497425;497426;HAS_ADDRESS
497430;497431;HAS_ADDRESS
497435;497436;HAS_ADDRESS
497440;497441;HAS_ADDRESS
497445;497446;HAS_ADDRESS
497450;497451;HAS_ADDRESS
497455;497456;HAS_ADDRESS
497460;497461;HAS_ADDRESS
497465;497466;HAS_ADDRESS
497470;497471;HAS_ADDRESS
497475;497476;HAS_ADDRESS
497480;497481;HAS_ADDRESS
497485;497486;HAS_ADDRESS
497490;497491;HAS_ADDRESS
497495;497496;HAS_ADDRESS
497500;497501;HAS_ADDRESS
497505;497506;HAS_ADDRESS
497510;497511;HAS_ADDRESS
497515;497516;HAS_ADDRESS
497520;497521;HAS_ADDRESS
497525;497526;HAS_ADDRESS
497530;497531;HAS_ADDRESS
497535;497536;HAS_ADDRESS
497540;497541;HAS_ADDRESS
497545;497546;HAS_ADDRESS
497550;497551;HAS_ADDRESS
497555;497556;HAS_ADDRESS
497560;497561;HAS_ADDRESS
497565;497566;HAS_ADDRESS
497570;497571;HAS_ADDRESS
497575;497576;HAS_ADDRESS
497580;497581;HAS_ADDRESS
497585;497586;HAS_ADDRESS
497590;497591;HAS_ADDRESS
497595;497596;HAS_ADDRESS
497600;497601;HAS_ADDRESS
497605;497606;HAS_ADDRESS
497610;497611;HAS_ADDRESS
497615;497616;HAS_ADDRESS
497620;497621;HAS_ADDRESS
497625;497626;HAS_ADDRESS
497630;497631;HAS_ADDRESS
497635;497636;HAS_ADDRESS
497640;497641;HAS_ADDRESS
497645;497646;HAS_ADDRESS
497650;497651;HAS_ADDRESS
497655;497656;HAS_ADDRESS
497660;497661;HAS_ADDRESS
497665;497666;HAS_ADDRESS
497670;497671;HAS_ADDRESS
497675;497676;HAS_ADDRESS
497680;497681;HAS_ADDRESS
497685;497686;HAS_ADDRESS
497690;497691;HAS_ADDRESS
497695;497696;HAS_ADDRESS
497700;497701;HAS_ADDRESS
497705;497706;HAS_ADDRESS
497710;497711;HAS_ADDRESS
497715;497716;HAS_ADDRESS
497720;497721;HAS_ADDRESS
497725;497726;HAS_ADDRESS
497730;497731;HAS_ADDRESS
497735;497736;HAS_ADDRESS
497740;497741;HAS_ADDRESS
497745;497746;HAS_ADDRESS
497750;497751;HAS_ADDRESS
497755;497756;HAS_ADDRESS
497760;497761;HAS_ADDRESS
497765;497766;HAS_ADDRESS
497770;497771;HAS_ADDRESS
497775;497776;HAS_ADDRESS
497780;497781;HAS_ADDRESS
497785;497786;HAS_ADDRESS
497790;497791;HAS_ADDRESS
497795;497796;HAS_ADDRESS
497800;497801;HAS_ADDRESS
497805;497806;HAS_ADDRESS
497810;497811;HAS_ADDRESS
497815;497816;HAS_ADDRESS
497820;497821;HAS_ADDRESS
497825;497826;HAS_ADDRESS
497830;497831;HAS_ADDRESS
497835;497836;HAS_ADDRESS
497840;497841;HAS_ADDRESS
497845;497846;HAS_ADDRESS
497850;497851;HAS_ADDRESS
497855;497856;HAS_ADDRESS
497860;497861;HAS_ADDRESS
497865;497866;HAS_ADDRESS
497870;497871;HAS_ADDRESS
497875;497876;HAS_ADDRESS
497880;497881;HAS_ADDRESS
497885;497886;HAS_ADDRESS
497890;497891;HAS_ADDRESS
497895;497896;HAS_ADDRESS
497900;497901;HAS_ADDRESS
497905;497906;HAS_ADDRESS
497910;497911;HAS_ADDRESS
497915;497916;HAS_ADDRESS
497920;497921;HAS_ADDRESS
497925;497926;HAS_ADDRESS
497930;497931;HAS_ADDRESS
497935;497936;HAS_ADDRESS
497940;497941;HAS_ADDRESS
497945;497946;HAS_ADDRESS
497950;497951;HAS_ADDRESS
497955;497956;HAS_ADDRESS
497960;497961;HAS_ADDRESS
497965;497966;HAS_ADDRESS
497970;497971;HAS_ADDRESS
497975;497976;HAS_ADDRESS
497980;497981;HAS_ADDRESS
497985;497986;HAS_ADDRESS
497990;497991;HAS_ADDRESS
497995;497996;HAS_ADDRESS
498000;498001;HAS_ADDRESS
498005;498006;HAS_ADDRESS
498010;498011;HAS_ADDRESS
498015;498016;HAS_ADDRESS
498020;498021;HAS_ADDRESS
498025;498026;HAS_ADDRESS
498030;498031;HAS_ADDRESS
498035;498036;HAS_ADDRESS
498040;498041;HAS_ADDRESS
498045;498046;HAS_ADDRESS
498050;498051;HAS_ADDRESS
498055;498056;HAS_ADDRESS
498060;498061;HAS_ADDRESS
498065;498066;HAS_ADDRESS
498070;498071;HAS_ADDRESS
498075;498076;HAS_ADDRESS
498080;498081;HAS_ADDRESS
498085;498086;HAS_ADDRESS
498090;498091;HAS_ADDRESS
498095;498096;HAS_ADDRESS
498100;498101;HAS_ADDRESS
498105;498106;HAS_ADDRESS
498110;498111;HAS_ADDRESS
498115;498116;HAS_ADDRESS
498120;498121;HAS_ADDRESS
498125;498126;HAS_ADDRESS
498130;498131;HAS_ADDRESS
498135;498136;HAS_ADDRESS
498140;498141;HAS_ADDRESS
498145;498146;HAS_ADDRESS
498150;498151;HAS_ADDRESS
498155;498156;HAS_ADDRESS
498160;498161;HAS_ADDRESS
498165;498166;HAS_ADDRESS
498170;498171;HAS_ADDRESS
498175;498176;HAS_ADDRESS
498180;498181;HAS_ADDRESS
498185;498186;HAS_ADDRESS
498190;498191;HAS_ADDRESS
498195;498196;HAS_ADDRESS
498200;498201;HAS_ADDRESS
498205;498206;HAS_ADDRESS
498210;498211;HAS_ADDRESS
498215;498216;HAS_ADDRESS
498220;498221;HAS_ADDRESS
498225;498226;HAS_ADDRESS
498230;498231;HAS_ADDRESS
498235;498236;HAS_ADDRESS
498240;498241;HAS_ADDRESS
498245;498246;HAS_ADDRESS
498250;498251;HAS_ADDRESS
498255;498256;HAS_ADDRESS
498260;498261;HAS_ADDRESS
498265;498266;HAS_ADDRESS
498270;498271;HAS_ADDRESS
498275;498276;HAS_ADDRESS
498280;498281;HAS_ADDRESS
498285;498286;HAS_ADDRESS
498290;498291;HAS_ADDRESS
498295;498296;HAS_ADDRESS
498300;498301;HAS_ADDRESS
498305;498306;HAS_ADDRESS
498310;498311;HAS_ADDRESS
498315;498316;HAS_ADDRESS
498320;498321;HAS_ADDRESS
498325;498326;HAS_ADDRESS
498330;498331;HAS_ADDRESS
498335;498336;HAS_ADDRESS
498340;498341;HAS_ADDRESS
498345;498346;HAS_ADDRESS
498350;498351;HAS_ADDRESS
498355;498356;HAS_ADDRESS
498360;498361;HAS_ADDRESS
498365;498366;HAS_ADDRESS
498370;498371;HAS_ADDRESS
498375;498376;HAS_ADDRESS
498380;498381;HAS_ADDRESS
498385;498386;HAS_ADDRESS
498390;498391;HAS_ADDRESS
498395;498396;HAS_ADDRESS
498400;498401;HAS_ADDRESS
498405;498406;HAS_ADDRESS
498410;498411;HAS_ADDRESS
498415;498416;HAS_ADDRESS
498420;498421;HAS_ADDRESS
498425;498426;HAS_ADDRESS
498430;498431;HAS_ADDRESS
498435;498436;HAS_ADDRESS
498440;498441;HAS_ADDRESS
498445;498446;HAS_ADDRESS
498450;498451;HAS_ADDRESS
498455;498456;HAS_ADDRESS
498460;498461;HAS_ADDRESS
498465;498466;HAS_ADDRESS
498470;498471;HAS_ADDRESS
498475;498476;HAS_ADDRESS
498480;498481;HAS_ADDRESS
498485;498486;HAS_ADDRESS
498490;498491;HAS_ADDRESS
498495;498496;HAS_ADDRESS
498500;498501;HAS_ADDRESS
498505;498506;HAS_ADDRESS
498510;498511;HAS_ADDRESS
498515;498516;HAS_ADDRESS
498520;498521;HAS_ADDRESS
498525;498526;HAS_ADDRESS
498530;498531;HAS_ADDRESS
498535;498536;HAS_ADDRESS
498540;498541;HAS_ADDRESS
498545;498546;HAS_ADDRESS
498550;498551;HAS_ADDRESS
498555;498556;HAS_ADDRESS
498560;498561;HAS_ADDRESS
498565;498566;HAS_ADDRESS
498570;498571;HAS_ADDRESS
498575;498576;HAS_ADDRESS
498580;498581;HAS_ADDRESS
498585;498586;HAS_ADDRESS
498590;498591;HAS_ADDRESS
498595;498596;HAS_ADDRESS
498600;498601;HAS_ADDRESS
498605;498606;HAS_ADDRESS
498610;498611;HAS_ADDRESS
498615;498616;HAS_ADDRESS
498620;498621;HAS_ADDRESS
498625;498626;HAS_ADDRESS
498630;498631;HAS_ADDRESS
498635;498636;HAS_ADDRESS
498640;498641;HAS_ADDRESS
498645;498646;HAS_ADDRESS
498650;498651;HAS_ADDRESS
498655;498656;HAS_ADDRESS
498660;498661;HAS_ADDRESS
498665;498666;HAS_ADDRESS
498670;498671;HAS_ADDRESS
498675;498676;HAS_ADDRESS
498680;498681;HAS_ADDRESS
498685;498686;HAS_ADDRESS
498690;498691;HAS_ADDRESS
498695;498696;HAS_ADDRESS
498700;498701;HAS_ADDRESS
498705;498706;HAS_ADDRESS
498710;498711;HAS_ADDRESS
498715;498716;HAS_ADDRESS
498720;498721;HAS_ADDRESS
498725;498726;HAS_ADDRESS
498730;498731;HAS_ADDRESS
498735;498736;HAS_ADDRESS
498740;498741;HAS_ADDRESS
498745;498746;HAS_ADDRESS
498750;498751;HAS_ADDRESS
498755;498756;HAS_ADDRESS
498760;498761;HAS_ADDRESS
498765;498766;HAS_ADDRESS
498770;498771;HAS_ADDRESS
498775;498776;HAS_ADDRESS
498780;498781;HAS_ADDRESS
498785;498786;HAS_ADDRESS
498790;498791;HAS_ADDRESS
498795;498796;HAS_ADDRESS
498800;498801;HAS_ADDRESS
498805;498806;HAS_ADDRESS
498810;498811;HAS_ADDRESS
498815;498816;HAS_ADDRESS
498820;498821;HAS_ADDRESS
498825;498826;HAS_ADDRESS
498830;498831;HAS_ADDRESS
498835;498836;HAS_ADDRESS
498840;498841;HAS_ADDRESS
498845;498846;HAS_ADDRESS
498850;498851;HAS_ADDRESS
498855;498856;HAS_ADDRESS
498860;498861;HAS_ADDRESS
498865;498866;HAS_ADDRESS
498870;498871;HAS_ADDRESS
498875;498876;HAS_ADDRESS
498880;498881;HAS_ADDRESS
498885;498886;HAS_ADDRESS
498890;498891;HAS_ADDRESS
498895;498896;HAS_ADDRESS
498900;498901;HAS_ADDRESS
498905;498906;HAS_ADDRESS
498910;498911;HAS_ADDRESS
498915;498916;HAS_ADDRESS
498920;498921;HAS_ADDRESS
498925;498926;HAS_ADDRESS
498930;498931;HAS_ADDRESS
498935;498936;HAS_ADDRESS
498940;498941;HAS_ADDRESS
498945;498946;HAS_ADDRESS
498950;498951;HAS_ADDRESS
498955;498956;HAS_ADDRESS
498960;498961;HAS_ADDRESS
498965;498966;HAS_ADDRESS
498970;498971;HAS_ADDRESS
498975;498976;HAS_ADDRESS
498980;498981;HAS_ADDRESS
498985;498986;HAS_ADDRESS
498990;498991;HAS_ADDRESS
498995;498996;HAS_ADDRESS
499000;499001;HAS_ADDRESS
499005;499006;HAS_ADDRESS
499010;499011;HAS_ADDRESS
499015;499016;HAS_ADDRESS
499020;499021;HAS_ADDRESS
499025;499026;HAS_ADDRESS
499030;499031;HAS_ADDRESS
499035;499036;HAS_ADDRESS
499040;499041;HAS_ADDRESS
499045;499046;HAS_ADDRESS
499050;499051;HAS_ADDRESS
499055;499056;HAS_ADDRESS
499060;499061;HAS_ADDRESS
499065;499066;HAS_ADDRESS
499070;499071;HAS_ADDRESS
499075;499076;HAS_ADDRESS
499080;499081;HAS_ADDRESS
499085;499086;HAS_ADDRESS
499090;499091;HAS_ADDRESS
499095;499096;HAS_ADDRESS
499100;499101;HAS_ADDRESS
499105;499106;HAS_ADDRESS
499110;499111;HAS_ADDRESS
499115;499116;HAS_ADDRESS
499120;499121;HAS_ADDRESS
499125;499126;HAS_ADDRESS
499130;499131;HAS_ADDRESS
499135;499136;HAS_ADDRESS
499140;499141;HAS_ADDRESS
499145;499146;HAS_ADDRESS
499150;499151;HAS_ADDRESS
499155;499156;HAS_ADDRESS
499160;499161;HAS_ADDRESS
499165;499166;HAS_ADDRESS
499170;499171;HAS_ADDRESS
499175;499176;HAS_ADDRESS
499180;499181;HAS_ADDRESS
499185;499186;HAS_ADDRESS
499190;499191;HAS_ADDRESS
499195;499196;HAS_ADDRESS
499200;499201;HAS_ADDRESS
499205;499206;HAS_ADDRESS
499210;499211;HAS_ADDRESS
499215;499216;HAS_ADDRESS
499220;499221;HAS_ADDRESS
499225;499226;HAS_ADDRESS
499230;499231;HAS_ADDRESS
499235;499236;HAS_ADDRESS
499240;499241;HAS_ADDRESS
499245;499246;HAS_ADDRESS
499250;499251;HAS_ADDRESS
499255;499256;HAS_ADDRESS
499260;499261;HAS_ADDRESS
499265;499266;HAS_ADDRESS
499270;499271;HAS_ADDRESS
499275;499276;HAS_ADDRESS
499280;499281;HAS_ADDRESS
499285;499286;HAS_ADDRESS
499290;499291;HAS_ADDRESS
499295;499296;HAS_ADDRESS
499300;499301;HAS_ADDRESS
499305;499306;HAS_ADDRESS
499310;499311;HAS_ADDRESS
499315;499316;HAS_ADDRESS
499320;499321;HAS_ADDRESS
499325;499326;HAS_ADDRESS
499330;499331;HAS_ADDRESS
499335;499336;HAS_ADDRESS
499340;499341;HAS_ADDRESS
499345;499346;HAS_ADDRESS
499350;499351;HAS_ADDRESS
499355;499356;HAS_ADDRESS
499360;499361;HAS_ADDRESS
499365;499366;HAS_ADDRESS
499370;499371;HAS_ADDRESS
499375;499376;HAS_ADDRESS
499380;499381;HAS_ADDRESS
499385;499386;HAS_ADDRESS
499390;499391;HAS_ADDRESS
499395;499396;HAS_ADDRESS
499400;499401;HAS_ADDRESS
499405;499406;HAS_ADDRESS
499410;499411;HAS_ADDRESS
499415;499416;HAS_ADDRESS
499420;499421;HAS_ADDRESS
499425;499426;HAS_ADDRESS
499430;499431;HAS_ADDRESS
499435;499436;HAS_ADDRESS
499440;499441;HAS_ADDRESS
499445;499446;HAS_ADDRESS
499450;499451;HAS_ADDRESS
499455;499456;HAS_ADDRESS
499460;499461;HAS_ADDRESS
499465;499466;HAS_ADDRESS
499470;499471;HAS_ADDRESS
499475;499476;HAS_ADDRESS
499480;499481;HAS_ADDRESS
499485;499486;HAS_ADDRESS
499490;499491;HAS_ADDRESS
499495;499496;HAS_ADDRESS
499500;499501;HAS_ADDRESS
499505;499506;HAS_ADDRESS
499510;499511;HAS_ADDRESS
499515;499516;HAS_ADDRESS
499520;499521;HAS_ADDRESS
499525;499526;HAS_ADDRESS
499530;499531;HAS_ADDRESS
499535;499536;HAS_ADDRESS
499540;499541;HAS_ADDRESS
499545;499546;HAS_ADDRESS
499550;499551;HAS_ADDRESS
499555;499556;HAS_ADDRESS
499560;499561;HAS_ADDRESS
499565;499566;HAS_ADDRESS
499570;499571;HAS_ADDRESS
499575;499576;HAS_ADDRESS
499580;499581;HAS_ADDRESS
499585;499586;HAS_ADDRESS
499590;499591;HAS_ADDRESS
499595;499596;HAS_ADDRESS
499600;499601;HAS_ADDRESS
499605;499606;HAS_ADDRESS
499610;499611;HAS_ADDRESS
499615;499616;HAS_ADDRESS
499620;499621;HAS_ADDRESS
499625;499626;HAS_ADDRESS
499630;499631;HAS_ADDRESS
499635;499636;HAS_ADDRESS
499640;499641;HAS_ADDRESS
499645;499646;HAS_ADDRESS
499650;499651;HAS_ADDRESS
499655;499656;HAS_ADDRESS
499660;499661;HAS_ADDRESS
499665;499666;HAS_ADDRESS
499670;499671;HAS_ADDRESS
499675;499676;HAS_ADDRESS
499680;499681;HAS_ADDRESS
499685;499686;HAS_ADDRESS
499690;499691;HAS_ADDRESS
499695;499696;HAS_ADDRESS
499700;499701;HAS_ADDRESS
499705;499706;HAS_ADDRESS
499710;499711;HAS_ADDRESS
499715;499716;HAS_ADDRESS
499720;499721;HAS_ADDRESS
499725;499726;HAS_ADDRESS
499730;499731;HAS_ADDRESS
499735;499736;HAS_ADDRESS
499740;499741;HAS_ADDRESS
499745;499746;HAS_ADDRESS
499750;499751;HAS_ADDRESS
499755;499756;HAS_ADDRESS
499760;499761;HAS_ADDRESS
499765;499766;HAS_ADDRESS
499770;499771;HAS_ADDRESS
499775;499776;HAS_ADDRESS
499780;499781;HAS_ADDRESS
499785;499786;HAS_ADDRESS
499790;499791;HAS_ADDRESS
499795;499796;HAS_ADDRESS
499800;499801;HAS_ADDRESS
499805;499806;HAS_ADDRESS
499810;499811;HAS_ADDRESS
499815;499816;HAS_ADDRESS
499820;499821;HAS_ADDRESS
499825;499826;HAS_ADDRESS
499830;499831;HAS_ADDRESS
499835;499836;HAS_ADDRESS
499840;499841;HAS_ADDRESS
499845;499846;HAS_ADDRESS
499850;499851;HAS_ADDRESS
499855;499856;HAS_ADDRESS
499860;499861;HAS_ADDRESS
499865;499866;HAS_ADDRESS
499870;499871;HAS_ADDRESS
499875;499876;HAS_ADDRESS
499880;499881;HAS_ADDRESS
499885;499886;HAS_ADDRESS
499890;499891;HAS_ADDRESS
499895;499896;HAS_ADDRESS
499900;499901;HAS_ADDRESS
499905;499906;HAS_ADDRESS
499910;499911;HAS_ADDRESS
499915;499916;HAS_ADDRESS
499920;499921;HAS_ADDRESS
499925;499926;HAS_ADDRESS
499930;499931;HAS_ADDRESS
499935;499936;HAS_ADDRESS
499940;499941;HAS_ADDRESS
499945;499946;HAS_ADDRESS
499950;499951;HAS_ADDRESS
499955;499956;HAS_ADDRESS
499960;499961;HAS_ADDRESS
499965;499966;HAS_ADDRESS
499970;499971;HAS_ADDRESS
499975;499976;HAS_ADDRESS
499980;499981;HAS_ADDRESS
499985;499986;HAS_ADDRESS
499990;499991;HAS_ADDRESS
499995;499996;HAS_ADDRESS
500000;500001;HAS_ADDRESS
500005;500006;HAS_ADDRESS
500010;500011;HAS_ADDRESS
500015;500016;HAS_ADDRESS
500020;500021;HAS_ADDRESS
500025;500026;HAS_ADDRESS
500030;500031;HAS_ADDRESS
500035;500036;HAS_ADDRESS
500040;500041;HAS_ADDRESS
500045;500046;HAS_ADDRESS
500050;500051;HAS_ADDRESS
500055;500056;HAS_ADDRESS
500060;500061;HAS_ADDRESS
500065;500066;HAS_ADDRESS
500070;500071;HAS_ADDRESS
500075;500076;HAS_ADDRESS
500080;500081;HAS_ADDRESS
500085;500086;HAS_ADDRESS
500090;500091;HAS_ADDRESS
500095;500096;HAS_ADDRESS
500100;500101;HAS_ADDRESS
500105;500106;HAS_ADDRESS
500110;500111;HAS_ADDRESS
500115;500116;HAS_ADDRESS
500120;500121;HAS_ADDRESS
500125;500126;HAS_ADDRESS
500130;500131;HAS_ADDRESS
500135;500136;HAS_ADDRESS
500140;500141;HAS_ADDRESS
500145;500146;HAS_ADDRESS
500150;500151;HAS_ADDRESS
500155;500156;HAS_ADDRESS
500160;500161;HAS_ADDRESS
500165;500166;HAS_ADDRESS
500170;500171;HAS_ADDRESS
500175;500176;HAS_ADDRESS
500180;500181;HAS_ADDRESS
500185;500186;HAS_ADDRESS
500190;500191;HAS_ADDRESS
500195;500196;HAS_ADDRESS
500200;500201;HAS_ADDRESS
500205;500206;HAS_ADDRESS
500210;500211;HAS_ADDRESS
500215;500216;HAS_ADDRESS
500220;500221;HAS_ADDRESS
500225;500226;HAS_ADDRESS
500230;500231;HAS_ADDRESS
500235;500236;HAS_ADDRESS
500240;500241;HAS_ADDRESS
500245;500246;HAS_ADDRESS
500250;500251;HAS_ADDRESS
500255;500256;HAS_ADDRESS
500260;500261;HAS_ADDRESS
500265;500266;HAS_ADDRESS
500270;500271;HAS_ADDRESS
500275;500276;HAS_ADDRESS
500280;500281;HAS_ADDRESS
500285;500286;HAS_ADDRESS
500290;500291;HAS_ADDRESS
500295;500296;HAS_ADDRESS
500300;500301;HAS_ADDRESS
500305;500306;HAS_ADDRESS
500310;500311;HAS_ADDRESS
500315;500316;HAS_ADDRESS
500320;500321;HAS_ADDRESS
500325;500326;HAS_ADDRESS
500330;500331;HAS_ADDRESS
500335;500336;HAS_ADDRESS
500340;500341;HAS_ADDRESS
500345;500346;HAS_ADDRESS
500350;500351;HAS_ADDRESS
500355;500356;HAS_ADDRESS
500360;500361;HAS_ADDRESS
500365;500366;HAS_ADDRESS
500370;500371;HAS_ADDRESS
500375;500376;HAS_ADDRESS
500380;500381;HAS_ADDRESS
500385;500386;HAS_ADDRESS
500390;500391;HAS_ADDRESS
500395;500396;HAS_ADDRESS
500400;500401;HAS_ADDRESS
500405;500406;HAS_ADDRESS
500410;500411;HAS_ADDRESS
500415;500416;HAS_ADDRESS
500420;500421;HAS_ADDRESS
500425;500426;HAS_ADDRESS
500430;500431;HAS_ADDRESS
500435;500436;HAS_ADDRESS
500440;500441;HAS_ADDRESS
500445;500446;HAS_ADDRESS
500450;500451;HAS_ADDRESS
500455;500456;HAS_ADDRESS
500460;500461;HAS_ADDRESS
500465;500466;HAS_ADDRESS
500470;500471;HAS_ADDRESS
500475;500476;HAS_ADDRESS
500480;500481;HAS_ADDRESS
500485;500486;HAS_ADDRESS
500490;500491;HAS_ADDRESS
500495;500496;HAS_ADDRESS
500500;500501;HAS_ADDRESS
500505;500506;HAS_ADDRESS
500510;500511;HAS_ADDRESS
500515;500516;HAS_ADDRESS
500520;500521;HAS_ADDRESS
500525;500526;HAS_ADDRESS
500530;500531;HAS_ADDRESS
500535;500536;HAS_ADDRESS
500540;500541;HAS_ADDRESS
500545;500546;HAS_ADDRESS
500550;500551;HAS_ADDRESS
500555;500556;HAS_ADDRESS
500560;500561;HAS_ADDRESS
500565;500566;HAS_ADDRESS
500570;500571;HAS_ADDRESS
500575;500576;HAS_ADDRESS
500580;500581;HAS_ADDRESS
500585;500586;HAS_ADDRESS
500590;500591;HAS_ADDRESS
500595;500596;HAS_ADDRESS
500600;500601;HAS_ADDRESS
500605;500606;HAS_ADDRESS
500610;500611;HAS_ADDRESS
500615;500616;HAS_ADDRESS
500620;500621;HAS_ADDRESS
500625;500626;HAS_ADDRESS
500630;500631;HAS_ADDRESS
500635;500636;HAS_ADDRESS
500640;500641;HAS_ADDRESS
500645;500646;HAS_ADDRESS
500650;500651;HAS_ADDRESS
500655;500656;HAS_ADDRESS
500660;500661;HAS_ADDRESS
500665;500666;HAS_ADDRESS
500670;500671;HAS_ADDRESS
500675;500676;HAS_ADDRESS
500680;500681;HAS_ADDRESS
500685;500686;HAS_ADDRESS
500690;500691;HAS_ADDRESS
500695;500696;HAS_ADDRESS
500700;500701;HAS_ADDRESS
500705;500706;HAS_ADDRESS
500710;500711;HAS_ADDRESS
500715;500716;HAS_ADDRESS
500720;500721;HAS_ADDRESS
500725;500726;HAS_ADDRESS
500730;500731;HAS_ADDRESS
500735;500736;HAS_ADDRESS
500740;500741;HAS_ADDRESS
500745;500746;HAS_ADDRESS
500750;500751;HAS_ADDRESS
500755;500756;HAS_ADDRESS
500760;500761;HAS_ADDRESS
500765;500766;HAS_ADDRESS
500770;500771;HAS_ADDRESS
500775;500776;HAS_ADDRESS
500780;500781;HAS_ADDRESS
500785;500786;HAS_ADDRESS
500790;500791;HAS_ADDRESS
500795;500796;HAS_ADDRESS
500800;500801;HAS_ADDRESS
500805;500806;HAS_ADDRESS
500810;500811;HAS_ADDRESS
500815;500816;HAS_ADDRESS
500820;500821;HAS_ADDRESS
500825;500826;HAS_ADDRESS
500830;500831;HAS_ADDRESS
500835;500836;HAS_ADDRESS
500840;500841;HAS_ADDRESS
500845;500846;HAS_ADDRESS
500850;500851;HAS_ADDRESS
500855;500856;HAS_ADDRESS
500860;500861;HAS_ADDRESS
500865;500866;HAS_ADDRESS
500870;500871;HAS_ADDRESS
500875;500876;HAS_ADDRESS
500880;500881;HAS_ADDRESS
500885;500886;HAS_ADDRESS
500890;500891;HAS_ADDRESS
500895;500896;HAS_ADDRESS
500900;500901;HAS_ADDRESS
500905;500906;HAS_ADDRESS
500910;500911;HAS_ADDRESS
500915;500916;HAS_ADDRESS
500920;500921;HAS_ADDRESS
500925;500926;HAS_ADDRESS
500930;500931;HAS_ADDRESS
500935;500936;HAS_ADDRESS
500940;500941;HAS_ADDRESS
500945;500946;HAS_ADDRESS
500950;500951;HAS_ADDRESS
500955;500956;HAS_ADDRESS
500960;500961;HAS_ADDRESS
500965;500966;HAS_ADDRESS
500970;500971;HAS_ADDRESS
500975;500976;HAS_ADDRESS
500980;500981;HAS_ADDRESS
500985;500986;HAS_ADDRESS
500990;500991;HAS_ADDRESS
500995;500996;HAS_ADDRESS
501000;501001;HAS_ADDRESS
501005;501006;HAS_ADDRESS
501010;501011;HAS_ADDRESS
501015;501016;HAS_ADDRESS
501020;501021;HAS_ADDRESS
501025;501026;HAS_ADDRESS
501030;501031;HAS_ADDRESS
501035;501036;HAS_ADDRESS
501040;501041;HAS_ADDRESS
501045;501046;HAS_ADDRESS
501050;501051;HAS_ADDRESS
501055;501056;HAS_ADDRESS
501060;501061;HAS_ADDRESS
501065;501066;HAS_ADDRESS
501070;501071;HAS_ADDRESS
501075;501076;HAS_ADDRESS
501080;501081;HAS_ADDRESS
501085;501086;HAS_ADDRESS
501090;501091;HAS_ADDRESS
501095;501096;HAS_ADDRESS
501100;501101;HAS_ADDRESS
501105;501106;HAS_ADDRESS
501110;501111;HAS_ADDRESS
501115;501116;HAS_ADDRESS
501120;501121;HAS_ADDRESS
501125;501126;HAS_ADDRESS
501130;501131;HAS_ADDRESS
501135;501136;HAS_ADDRESS
501140;501141;HAS_ADDRESS
501145;501146;HAS_ADDRESS
501150;501151;HAS_ADDRESS
501155;501156;HAS_ADDRESS
501160;501161;HAS_ADDRESS
501165;501166;HAS_ADDRESS
501170;501171;HAS_ADDRESS
501175;501176;HAS_ADDRESS
501180;501181;HAS_ADDRESS
501185;501186;HAS_ADDRESS
501190;501191;HAS_ADDRESS
501195;501196;HAS_ADDRESS
501200;501201;HAS_ADDRESS
501205;501206;HAS_ADDRESS
501210;501211;HAS_ADDRESS
501215;501216;HAS_ADDRESS
501220;501221;HAS_ADDRESS
501225;501226;HAS_ADDRESS
501230;501231;HAS_ADDRESS
501235;501236;HAS_ADDRESS
501240;501241;HAS_ADDRESS
501245;501246;HAS_ADDRESS
501250;501251;HAS_ADDRESS
501255;501256;HAS_ADDRESS
501260;501261;HAS_ADDRESS
501265;501266;HAS_ADDRESS
501270;501271;HAS_ADDRESS
501275;501276;HAS_ADDRESS
501280;501281;HAS_ADDRESS
501285;501286;HAS_ADDRESS
501290;501291;HAS_ADDRESS
501295;501296;HAS_ADDRESS
501300;501301;HAS_ADDRESS
501305;501306;HAS_ADDRESS
501310;501311;HAS_ADDRESS
501315;501316;HAS_ADDRESS
501320;501321;HAS_ADDRESS
501325;501326;HAS_ADDRESS
501330;501331;HAS_ADDRESS
501335;501336;HAS_ADDRESS
501340;501341;HAS_ADDRESS
501345;501346;HAS_ADDRESS
501350;501351;HAS_ADDRESS
501355;501356;HAS_ADDRESS
501360;501361;HAS_ADDRESS
501365;501366;HAS_ADDRESS
501370;501371;HAS_ADDRESS
501375;501376;HAS_ADDRESS
501380;501381;HAS_ADDRESS
501385;501386;HAS_ADDRESS
501390;501391;HAS_ADDRESS
501395;501396;HAS_ADDRESS
501400;501401;HAS_ADDRESS
501405;501406;HAS_ADDRESS
501410;501411;HAS_ADDRESS
501415;501416;HAS_ADDRESS
501420;501421;HAS_ADDRESS
501425;501426;HAS_ADDRESS
501430;501431;HAS_ADDRESS
501435;501436;HAS_ADDRESS
501440;501441;HAS_ADDRESS
501445;501446;HAS_ADDRESS
501450;501451;HAS_ADDRESS
501455;501456;HAS_ADDRESS
501460;501461;HAS_ADDRESS
501465;501466;HAS_ADDRESS
501470;501471;HAS_ADDRESS
501475;501476;HAS_ADDRESS
501480;501481;HAS_ADDRESS
501485;501486;HAS_ADDRESS
501490;501491;HAS_ADDRESS
501495;501496;HAS_ADDRESS
501500;501501;HAS_ADDRESS
501505;501506;HAS_ADDRESS
501510;501511;HAS_ADDRESS
501515;501516;HAS_ADDRESS
501520;501521;HAS_ADDRESS
501525;501526;HAS_ADDRESS
501530;501531;HAS_ADDRESS
501535;501536;HAS_ADDRESS
501540;501541;HAS_ADDRESS
501545;501546;HAS_ADDRESS
501550;501551;HAS_ADDRESS
501555;501556;HAS_ADDRESS
501560;501561;HAS_ADDRESS
501565;501566;HAS_ADDRESS
501570;501571;HAS_ADDRESS
501575;501576;HAS_ADDRESS
501580;501581;HAS_ADDRESS
501585;501586;HAS_ADDRESS
501590;501591;HAS_ADDRESS
501595;501596;HAS_ADDRESS
501600;501601;HAS_ADDRESS
501605;501606;HAS_ADDRESS
501610;501611;HAS_ADDRESS
501615;501616;HAS_ADDRESS
501620;501621;HAS_ADDRESS
501625;501626;HAS_ADDRESS
501630;501631;HAS_ADDRESS
501635;501636;HAS_ADDRESS
501640;501641;HAS_ADDRESS
501645;501646;HAS_ADDRESS
501650;501651;HAS_ADDRESS
501655;501656;HAS_ADDRESS
501660;501661;HAS_ADDRESS
501665;501666;HAS_ADDRESS
501670;501671;HAS_ADDRESS
501675;501676;HAS_ADDRESS
501680;501681;HAS_ADDRESS
501685;501686;HAS_ADDRESS
501690;501691;HAS_ADDRESS
501695;501696;HAS_ADDRESS
501700;501701;HAS_ADDRESS
501705;501706;HAS_ADDRESS
501710;501711;HAS_ADDRESS
501715;501716;HAS_ADDRESS
501720;501721;HAS_ADDRESS
501725;501726;HAS_ADDRESS
501730;501731;HAS_ADDRESS
501735;501736;HAS_ADDRESS
501740;501741;HAS_ADDRESS
501745;501746;HAS_ADDRESS
501750;501751;HAS_ADDRESS
501755;501756;HAS_ADDRESS
501760;501761;HAS_ADDRESS
501765;501766;HAS_ADDRESS
501770;501771;HAS_ADDRESS
501775;501776;HAS_ADDRESS
501780;501781;HAS_ADDRESS
501785;501786;HAS_ADDRESS
501790;501791;HAS_ADDRESS
501795;501796;HAS_ADDRESS
501800;501801;HAS_ADDRESS
501805;501806;HAS_ADDRESS
501810;501811;HAS_ADDRESS
501815;501816;HAS_ADDRESS
501820;501821;HAS_ADDRESS
501825;501826;HAS_ADDRESS
501830;501831;HAS_ADDRESS
501835;501836;HAS_ADDRESS
501840;501841;HAS_ADDRESS
501845;501846;HAS_ADDRESS
501850;501851;HAS_ADDRESS
501855;501856;HAS_ADDRESS
501860;501861;HAS_ADDRESS
501865;501866;HAS_ADDRESS
501870;501871;HAS_ADDRESS
501875;501876;HAS_ADDRESS
501880;501881;HAS_ADDRESS
501885;501886;HAS_ADDRESS
501890;501891;HAS_ADDRESS
501895;501896;HAS_ADDRESS
501900;501901;HAS_ADDRESS
501905;501906;HAS_ADDRESS
501910;501911;HAS_ADDRESS
501915;501916;HAS_ADDRESS
501920;501921;HAS_ADDRESS
501925;501926;HAS_ADDRESS
501930;501931;HAS_ADDRESS
501935;501936;HAS_ADDRESS
501940;501941;HAS_ADDRESS
501945;501946;HAS_ADDRESS
501950;501951;HAS_ADDRESS
501955;501956;HAS_ADDRESS
501960;501961;HAS_ADDRESS
501965;501966;HAS_ADDRESS
501970;501971;HAS_ADDRESS
501975;501976;HAS_ADDRESS
501980;501981;HAS_ADDRESS
501985;501986;HAS_ADDRESS
501990;501991;HAS_ADDRESS
501995;501996;HAS_ADDRESS
502000;502001;HAS_ADDRESS
502005;502006;HAS_ADDRESS
502010;502011;HAS_ADDRESS
502015;502016;HAS_ADDRESS
502020;502021;HAS_ADDRESS
502025;502026;HAS_ADDRESS
502030;502031;HAS_ADDRESS
502035;502036;HAS_ADDRESS
502040;502041;HAS_ADDRESS
502045;502046;HAS_ADDRESS
502050;502051;HAS_ADDRESS
502055;502056;HAS_ADDRESS
502060;502061;HAS_ADDRESS
502065;502066;HAS_ADDRESS
502070;502071;HAS_ADDRESS
502075;502076;HAS_ADDRESS
502080;502081;HAS_ADDRESS
502085;502086;HAS_ADDRESS
502090;502091;HAS_ADDRESS
502095;502096;HAS_ADDRESS
502100;502101;HAS_ADDRESS
502105;502106;HAS_ADDRESS
502110;502111;HAS_ADDRESS
502115;502116;HAS_ADDRESS
502120;502121;HAS_ADDRESS
502125;502126;HAS_ADDRESS
502130;502131;HAS_ADDRESS
502135;502136;HAS_ADDRESS
502140;502141;HAS_ADDRESS
502145;502146;HAS_ADDRESS
502150;502151;HAS_ADDRESS
502155;502156;HAS_ADDRESS
502160;502161;HAS_ADDRESS
502165;502166;HAS_ADDRESS
502170;502171;HAS_ADDRESS
502175;502176;HAS_ADDRESS
502180;502181;HAS_ADDRESS
502185;502186;HAS_ADDRESS
502190;502191;HAS_ADDRESS
502195;502196;HAS_ADDRESS
502200;502201;HAS_ADDRESS
502205;502206;HAS_ADDRESS
502210;502211;HAS_ADDRESS
502215;502216;HAS_ADDRESS
502220;502221;HAS_ADDRESS
502225;502226;HAS_ADDRESS
502230;502231;HAS_ADDRESS
502235;502236;HAS_ADDRESS
502240;502241;HAS_ADDRESS
502245;502246;HAS_ADDRESS
502250;502251;HAS_ADDRESS
502255;502256;HAS_ADDRESS
502260;502261;HAS_ADDRESS
502265;502266;HAS_ADDRESS
502270;502271;HAS_ADDRESS
502275;502276;HAS_ADDRESS
502280;502281;HAS_ADDRESS
502285;502286;HAS_ADDRESS
502290;502291;HAS_ADDRESS
502295;502296;HAS_ADDRESS
502300;502301;HAS_ADDRESS
502305;502306;HAS_ADDRESS
502310;502311;HAS_ADDRESS
502315;502316;HAS_ADDRESS
502320;502321;HAS_ADDRESS
502325;502326;HAS_ADDRESS
502330;502331;HAS_ADDRESS
502335;502336;HAS_ADDRESS
502340;502341;HAS_ADDRESS
502345;502346;HAS_ADDRESS
502350;502351;HAS_ADDRESS
502355;502356;HAS_ADDRESS
502360;502361;HAS_ADDRESS
502365;502366;HAS_ADDRESS
502370;502371;HAS_ADDRESS
502375;502376;HAS_ADDRESS
502380;502381;HAS_ADDRESS
502385;502386;HAS_ADDRESS
502390;502391;HAS_ADDRESS
502395;502396;HAS_ADDRESS
502400;502401;HAS_ADDRESS
502405;502406;HAS_ADDRESS
502410;502411;HAS_ADDRESS
502415;502416;HAS_ADDRESS
502420;502421;HAS_ADDRESS
502425;502426;HAS_ADDRESS
502430;502431;HAS_ADDRESS
502435;502436;HAS_ADDRESS
502440;502441;HAS_ADDRESS
502445;502446;HAS_ADDRESS
502450;502451;HAS_ADDRESS
502455;502456;HAS_ADDRESS
502460;502461;HAS_ADDRESS
502465;502466;HAS_ADDRESS
502470;502471;HAS_ADDRESS
502475;502476;HAS_ADDRESS
502480;502481;HAS_ADDRESS
502485;502486;HAS_ADDRESS
502490;502491;HAS_ADDRESS
502495;502496;HAS_ADDRESS
502500;502501;HAS_ADDRESS
502505;502506;HAS_ADDRESS
502510;502511;HAS_ADDRESS
502515;502516;HAS_ADDRESS
502520;502521;HAS_ADDRESS
502525;502526;HAS_ADDRESS
502530;502531;HAS_ADDRESS
502535;502536;HAS_ADDRESS
502540;502541;HAS_ADDRESS
502545;502546;HAS_ADDRESS
502550;502551;HAS_ADDRESS
502555;502556;HAS_ADDRESS
502560;502561;HAS_ADDRESS
502565;502566;HAS_ADDRESS
502570;502571;HAS_ADDRESS
502575;502576;HAS_ADDRESS
502580;502581;HAS_ADDRESS
502585;502586;HAS_ADDRESS
502590;502591;HAS_ADDRESS
502595;502596;HAS_ADDRESS
502600;502601;HAS_ADDRESS
502605;502606;HAS_ADDRESS
502610;502611;HAS_ADDRESS
502615;502616;HAS_ADDRESS
502620;502621;HAS_ADDRESS
502625;502626;HAS_ADDRESS
502630;502631;HAS_ADDRESS
502635;502636;HAS_ADDRESS
502640;502641;HAS_ADDRESS
502645;502646;HAS_ADDRESS
502650;502651;HAS_ADDRESS
502655;502656;HAS_ADDRESS
502660;502661;HAS_ADDRESS
502665;502666;HAS_ADDRESS
502670;502671;HAS_ADDRESS
502675;502676;HAS_ADDRESS
502680;502681;HAS_ADDRESS
502685;502686;HAS_ADDRESS
502690;502691;HAS_ADDRESS
502695;502696;HAS_ADDRESS
502700;502701;HAS_ADDRESS
502705;502706;HAS_ADDRESS
502710;502711;HAS_ADDRESS
502715;502716;HAS_ADDRESS
502720;502721;HAS_ADDRESS
502725;502726;HAS_ADDRESS
502730;502731;HAS_ADDRESS
502735;502736;HAS_ADDRESS
502740;502741;HAS_ADDRESS
502745;502746;HAS_ADDRESS
502750;502751;HAS_ADDRESS
502755;502756;HAS_ADDRESS
502760;502761;HAS_ADDRESS
502765;502766;HAS_ADDRESS
502770;502771;HAS_ADDRESS
502775;502776;HAS_ADDRESS
502780;502781;HAS_ADDRESS
502785;502786;HAS_ADDRESS
502790;502791;HAS_ADDRESS
502795;502796;HAS_ADDRESS
502800;502801;HAS_ADDRESS
502805;502806;HAS_ADDRESS
502810;502811;HAS_ADDRESS
502815;502816;HAS_ADDRESS
502820;502821;HAS_ADDRESS
502825;502826;HAS_ADDRESS
502830;502831;HAS_ADDRESS
502835;502836;HAS_ADDRESS
502840;502841;HAS_ADDRESS
502845;502846;HAS_ADDRESS
502850;502851;HAS_ADDRESS
502855;502856;HAS_ADDRESS
502860;502861;HAS_ADDRESS
502865;502866;HAS_ADDRESS
502870;502871;HAS_ADDRESS
502875;502876;HAS_ADDRESS
502880;502881;HAS_ADDRESS
502885;502886;HAS_ADDRESS
502890;502891;HAS_ADDRESS
502895;502896;HAS_ADDRESS
502900;502901;HAS_ADDRESS
502905;502906;HAS_ADDRESS
502910;502911;HAS_ADDRESS
502915;502916;HAS_ADDRESS
502920;502921;HAS_ADDRESS
502925;502926;HAS_ADDRESS
502930;502931;HAS_ADDRESS
502935;502936;HAS_ADDRESS
502940;502941;HAS_ADDRESS
502945;502946;HAS_ADDRESS
502950;502951;HAS_ADDRESS
502955;502956;HAS_ADDRESS
502960;502961;HAS_ADDRESS
502965;502966;HAS_ADDRESS
502970;502971;HAS_ADDRESS
502975;502976;HAS_ADDRESS
502980;502981;HAS_ADDRESS
502985;502986;HAS_ADDRESS
502990;502991;HAS_ADDRESS
502995;502996;HAS_ADDRESS
503000;503001;HAS_ADDRESS
503005;503006;HAS_ADDRESS
503010;503011;HAS_ADDRESS
503015;503016;HAS_ADDRESS
503020;503021;HAS_ADDRESS
503025;503026;HAS_ADDRESS
503030;503031;HAS_ADDRESS
503035;503036;HAS_ADDRESS
503040;503041;HAS_ADDRESS
503045;503046;HAS_ADDRESS
503050;503051;HAS_ADDRESS
503055;503056;HAS_ADDRESS
503060;503061;HAS_ADDRESS
503065;503066;HAS_ADDRESS
503070;503071;HAS_ADDRESS
503075;503076;HAS_ADDRESS
503080;503081;HAS_ADDRESS
503085;503086;HAS_ADDRESS
503090;503091;HAS_ADDRESS
503095;503096;HAS_ADDRESS
503100;503101;HAS_ADDRESS
503105;503106;HAS_ADDRESS
503110;503111;HAS_ADDRESS
503115;503116;HAS_ADDRESS
503120;503121;HAS_ADDRESS
503125;503126;HAS_ADDRESS
503130;503131;HAS_ADDRESS
503135;503136;HAS_ADDRESS
503140;503141;HAS_ADDRESS
503145;503146;HAS_ADDRESS
503150;503151;HAS_ADDRESS
503155;503156;HAS_ADDRESS
503160;503161;HAS_ADDRESS
503165;503166;HAS_ADDRESS
503170;503171;HAS_ADDRESS
503175;503176;HAS_ADDRESS
503180;503181;HAS_ADDRESS
503185;503186;HAS_ADDRESS
503190;503191;HAS_ADDRESS
503195;503196;HAS_ADDRESS
503200;503201;HAS_ADDRESS
503205;503206;HAS_ADDRESS
503210;503211;HAS_ADDRESS
503215;503216;HAS_ADDRESS
503220;503221;HAS_ADDRESS
503225;503226;HAS_ADDRESS
503230;503231;HAS_ADDRESS
503235;503236;HAS_ADDRESS
503240;503241;HAS_ADDRESS
503245;503246;HAS_ADDRESS
503250;503251;HAS_ADDRESS
503255;503256;HAS_ADDRESS
503260;503261;HAS_ADDRESS
503265;503266;HAS_ADDRESS
503270;503271;HAS_ADDRESS
503275;503276;HAS_ADDRESS
503280;503281;HAS_ADDRESS
503285;503286;HAS_ADDRESS
503290;503291;HAS_ADDRESS
503295;503296;HAS_ADDRESS
503300;503301;HAS_ADDRESS
503305;503306;HAS_ADDRESS
503310;503311;HAS_ADDRESS
503315;503316;HAS_ADDRESS
503320;503321;HAS_ADDRESS
503325;503326;HAS_ADDRESS
503330;503331;HAS_ADDRESS
503335;503336;HAS_ADDRESS
503340;503341;HAS_ADDRESS
503345;503346;HAS_ADDRESS
503350;503351;HAS_ADDRESS
503355;503356;HAS_ADDRESS
503360;503361;HAS_ADDRESS
503365;503366;HAS_ADDRESS
503370;503371;HAS_ADDRESS
503375;503376;HAS_ADDRESS
503380;503381;HAS_ADDRESS
503385;503386;HAS_ADDRESS
503390;503391;HAS_ADDRESS
503395;503396;HAS_ADDRESS
503400;503401;HAS_ADDRESS
503405;503406;HAS_ADDRESS
503410;503411;HAS_ADDRESS
503415;503416;HAS_ADDRESS
503420;503421;HAS_ADDRESS
503425;503426;HAS_ADDRESS
503430;503431;HAS_ADDRESS
503435;503436;HAS_ADDRESS
503440;503441;HAS_ADDRESS
503445;503446;HAS_ADDRESS
503450;503451;HAS_ADDRESS
503455;503456;HAS_ADDRESS
503460;503461;HAS_ADDRESS
503465;503466;HAS_ADDRESS
503470;503471;HAS_ADDRESS
503475;503476;HAS_ADDRESS
503480;503481;HAS_ADDRESS
503485;503486;HAS_ADDRESS
503490;503491;HAS_ADDRESS
503495;503496;HAS_ADDRESS
503500;503501;HAS_ADDRESS
503505;503506;HAS_ADDRESS
503510;503511;HAS_ADDRESS
503515;503516;HAS_ADDRESS
503520;503521;HAS_ADDRESS
503525;503526;HAS_ADDRESS
503530;503531;HAS_ADDRESS
503535;503536;HAS_ADDRESS
503540;503541;HAS_ADDRESS
503545;503546;HAS_ADDRESS
503550;503551;HAS_ADDRESS
503555;503556;HAS_ADDRESS
503560;503561;HAS_ADDRESS
503565;503566;HAS_ADDRESS
503570;503571;HAS_ADDRESS
503575;503576;HAS_ADDRESS
503580;503581;HAS_ADDRESS
503585;503586;HAS_ADDRESS
503590;503591;HAS_ADDRESS
503595;503596;HAS_ADDRESS
503600;503601;HAS_ADDRESS
503605;503606;HAS_ADDRESS
503610;503611;HAS_ADDRESS
503615;503616;HAS_ADDRESS
503620;503621;HAS_ADDRESS
503625;503626;HAS_ADDRESS
503630;503631;HAS_ADDRESS
503635;503636;HAS_ADDRESS
503640;503641;HAS_ADDRESS
503645;503646;HAS_ADDRESS
503650;503651;HAS_ADDRESS
503655;503656;HAS_ADDRESS
503660;503661;HAS_ADDRESS
503665;503666;HAS_ADDRESS
503670;503671;HAS_ADDRESS
503675;503676;HAS_ADDRESS
503680;503681;HAS_ADDRESS
503685;503686;HAS_ADDRESS
503690;503691;HAS_ADDRESS
503695;503696;HAS_ADDRESS
503700;503701;HAS_ADDRESS
503705;503706;HAS_ADDRESS
503710;503711;HAS_ADDRESS
503715;503716;HAS_ADDRESS
503720;503721;HAS_ADDRESS
503725;503726;HAS_ADDRESS
503730;503731;HAS_ADDRESS
503735;503736;HAS_ADDRESS
503740;503741;HAS_ADDRESS
503745;503746;HAS_ADDRESS
503750;503751;HAS_ADDRESS
503755;503756;HAS_ADDRESS
503760;503761;HAS_ADDRESS
503765;503766;HAS_ADDRESS
503770;503771;HAS_ADDRESS
503775;503776;HAS_ADDRESS
503780;503781;HAS_ADDRESS
503785;503786;HAS_ADDRESS
503790;503791;HAS_ADDRESS
503795;503796;HAS_ADDRESS
503800;503801;HAS_ADDRESS
503805;503806;HAS_ADDRESS
503810;503811;HAS_ADDRESS
503815;503816;HAS_ADDRESS
503820;503821;HAS_ADDRESS
503825;503826;HAS_ADDRESS
503830;503831;HAS_ADDRESS
503835;503836;HAS_ADDRESS
503840;503841;HAS_ADDRESS
503845;503846;HAS_ADDRESS
503850;503851;HAS_ADDRESS
503855;503856;HAS_ADDRESS
503860;503861;HAS_ADDRESS
503865;503866;HAS_ADDRESS
503870;503871;HAS_ADDRESS
503875;503876;HAS_ADDRESS
503880;503881;HAS_ADDRESS
503885;503886;HAS_ADDRESS
503890;503891;HAS_ADDRESS
503895;503896;HAS_ADDRESS
503900;503901;HAS_ADDRESS
503905;503906;HAS_ADDRESS
503910;503911;HAS_ADDRESS
503915;503916;HAS_ADDRESS
503920;503921;HAS_ADDRESS
503925;503926;HAS_ADDRESS
503930;503931;HAS_ADDRESS
503935;503936;HAS_ADDRESS
503940;503941;HAS_ADDRESS
503945;503946;HAS_ADDRESS
503950;503951;HAS_ADDRESS
503955;503956;HAS_ADDRESS
503960;503961;HAS_ADDRESS
503965;503966;HAS_ADDRESS
503970;503971;HAS_ADDRESS
503975;503976;HAS_ADDRESS
503980;503981;HAS_ADDRESS
503985;503986;HAS_ADDRESS
503990;503991;HAS_ADDRESS
503995;503996;HAS_ADDRESS
504000;504001;HAS_ADDRESS
504005;504006;HAS_ADDRESS
504010;504011;HAS_ADDRESS
504015;504016;HAS_ADDRESS
504020;504021;HAS_ADDRESS
504025;504026;HAS_ADDRESS
504030;504031;HAS_ADDRESS
504035;504036;HAS_ADDRESS
504040;504041;HAS_ADDRESS
504045;504046;HAS_ADDRESS
504050;504051;HAS_ADDRESS
504055;504056;HAS_ADDRESS
504060;504061;HAS_ADDRESS
504065;504066;HAS_ADDRESS
504070;504071;HAS_ADDRESS
504075;504076;HAS_ADDRESS
504080;504081;HAS_ADDRESS
504085;504086;HAS_ADDRESS
504090;504091;HAS_ADDRESS
504095;504096;HAS_ADDRESS
504100;504101;HAS_ADDRESS
504105;504106;HAS_ADDRESS
504110;504111;HAS_ADDRESS
504115;504116;HAS_ADDRESS
504120;504121;HAS_ADDRESS
504125;504126;HAS_ADDRESS
504130;504131;HAS_ADDRESS
504135;504136;HAS_ADDRESS
504140;504141;HAS_ADDRESS
504145;504146;HAS_ADDRESS
504150;504151;HAS_ADDRESS
504155;504156;HAS_ADDRESS
504160;504161;HAS_ADDRESS
504165;504166;HAS_ADDRESS
504170;504171;HAS_ADDRESS
504175;504176;HAS_ADDRESS
504180;504181;HAS_ADDRESS
504185;504186;HAS_ADDRESS
504190;504191;HAS_ADDRESS
504195;504196;HAS_ADDRESS
504200;504201;HAS_ADDRESS
504205;504206;HAS_ADDRESS
504210;504211;HAS_ADDRESS
504215;504216;HAS_ADDRESS
504220;504221;HAS_ADDRESS
504225;504226;HAS_ADDRESS
504230;504231;HAS_ADDRESS
504235;504236;HAS_ADDRESS
504240;504241;HAS_ADDRESS
504245;504246;HAS_ADDRESS
504250;504251;HAS_ADDRESS
504255;504256;HAS_ADDRESS
504260;504261;HAS_ADDRESS
504265;504266;HAS_ADDRESS
504270;504271;HAS_ADDRESS
504275;504276;HAS_ADDRESS
504280;504281;HAS_ADDRESS
504285;504286;HAS_ADDRESS
504290;504291;HAS_ADDRESS
504295;504296;HAS_ADDRESS
504300;504301;HAS_ADDRESS
504305;504306;HAS_ADDRESS
504310;504311;HAS_ADDRESS
504315;504316;HAS_ADDRESS
504320;504321;HAS_ADDRESS
504325;504326;HAS_ADDRESS
504330;504331;HAS_ADDRESS
504335;504336;HAS_ADDRESS
504340;504341;HAS_ADDRESS
504345;504346;HAS_ADDRESS
504350;504351;HAS_ADDRESS
504355;504356;HAS_ADDRESS
504360;504361;HAS_ADDRESS
504365;504366;HAS_ADDRESS
504370;504371;HAS_ADDRESS
504375;504376;HAS_ADDRESS
504380;504381;HAS_ADDRESS
504385;504386;HAS_ADDRESS
504390;504391;HAS_ADDRESS
504395;504396;HAS_ADDRESS
504400;504401;HAS_ADDRESS
504405;504406;HAS_ADDRESS
504410;504411;HAS_ADDRESS
504415;504416;HAS_ADDRESS
504420;504421;HAS_ADDRESS
504425;504426;HAS_ADDRESS
504430;504431;HAS_ADDRESS
504435;504436;HAS_ADDRESS
504440;504441;HAS_ADDRESS
504445;504446;HAS_ADDRESS
504450;504451;HAS_ADDRESS
504455;504456;HAS_ADDRESS
504460;504461;HAS_ADDRESS
504465;504466;HAS_ADDRESS
504470;504471;HAS_ADDRESS
504475;504476;HAS_ADDRESS
504480;504481;HAS_ADDRESS
504485;504486;HAS_ADDRESS
504490;504491;HAS_ADDRESS
504495;504496;HAS_ADDRESS
504500;504501;HAS_ADDRESS
504505;504506;HAS_ADDRESS
504510;504511;HAS_ADDRESS
504515;504516;HAS_ADDRESS
504520;504521;HAS_ADDRESS
504525;504526;HAS_ADDRESS
504530;504531;HAS_ADDRESS
504535;504536;HAS_ADDRESS
504540;504541;HAS_ADDRESS
504545;504546;HAS_ADDRESS
504550;504551;HAS_ADDRESS
504555;504556;HAS_ADDRESS
504560;504561;HAS_ADDRESS
504565;504566;HAS_ADDRESS
504570;504571;HAS_ADDRESS
504575;504576;HAS_ADDRESS
504580;504581;HAS_ADDRESS
504585;504586;HAS_ADDRESS
504590;504591;HAS_ADDRESS
504595;504596;HAS_ADDRESS
504600;504601;HAS_ADDRESS
504605;504606;HAS_ADDRESS
504610;504611;HAS_ADDRESS
504615;504616;HAS_ADDRESS
504620;504621;HAS_ADDRESS
504625;504626;HAS_ADDRESS
504630;504631;HAS_ADDRESS
504635;504636;HAS_ADDRESS
504640;504641;HAS_ADDRESS
504645;504646;HAS_ADDRESS
504650;504651;HAS_ADDRESS
504655;504656;HAS_ADDRESS
504660;504661;HAS_ADDRESS
504665;504666;HAS_ADDRESS
504670;504671;HAS_ADDRESS
504675;504676;HAS_ADDRESS
504680;504681;HAS_ADDRESS
504685;504686;HAS_ADDRESS
504690;504691;HAS_ADDRESS
504695;504696;HAS_ADDRESS
504700;504701;HAS_ADDRESS
504705;504706;HAS_ADDRESS
504710;504711;HAS_ADDRESS
504715;504716;HAS_ADDRESS
504720;504721;HAS_ADDRESS
504725;504726;HAS_ADDRESS
504730;504731;HAS_ADDRESS
504735;504736;HAS_ADDRESS
504740;504741;HAS_ADDRESS
504745;504746;HAS_ADDRESS
504750;504751;HAS_ADDRESS
504755;504756;HAS_ADDRESS
504760;504761;HAS_ADDRESS
504765;504766;HAS_ADDRESS
504770;504771;HAS_ADDRESS
504775;504776;HAS_ADDRESS
504780;504781;HAS_ADDRESS
504785;504786;HAS_ADDRESS
504790;504791;HAS_ADDRESS
504795;504796;HAS_ADDRESS
504800;504801;HAS_ADDRESS
504805;504806;HAS_ADDRESS
504810;504811;HAS_ADDRESS
504815;504816;HAS_ADDRESS
504820;504821;HAS_ADDRESS
504825;504826;HAS_ADDRESS
504830;504831;HAS_ADDRESS
504835;504836;HAS_ADDRESS
504840;504841;HAS_ADDRESS
504845;504846;HAS_ADDRESS
504850;504851;HAS_ADDRESS
504855;504856;HAS_ADDRESS
504860;504861;HAS_ADDRESS
504865;504866;HAS_ADDRESS
504870;504871;HAS_ADDRESS
504875;504876;HAS_ADDRESS
504880;504881;HAS_ADDRESS
504885;504886;HAS_ADDRESS
504890;504891;HAS_ADDRESS
504895;504896;HAS_ADDRESS
504900;504901;HAS_ADDRESS
504905;504906;HAS_ADDRESS
504910;504911;HAS_ADDRESS
504915;504916;HAS_ADDRESS
504920;504921;HAS_ADDRESS
504925;504926;HAS_ADDRESS
504930;504931;HAS_ADDRESS
504935;504936;HAS_ADDRESS
504940;504941;HAS_ADDRESS
504945;504946;HAS_ADDRESS
504950;504951;HAS_ADDRESS
504955;504956;HAS_ADDRESS
504960;504961;HAS_ADDRESS
504965;504966;HAS_ADDRESS
504970;504971;HAS_ADDRESS
504975;504976;HAS_ADDRESS
504980;504981;HAS_ADDRESS
504985;504986;HAS_ADDRESS
504990;504991;HAS_ADDRESS
504995;504996;HAS_ADDRESS
505000;505001;HAS_ADDRESS
505005;505006;HAS_ADDRESS
505010;505011;HAS_ADDRESS
505015;505016;HAS_ADDRESS
505020;505021;HAS_ADDRESS
505025;505026;HAS_ADDRESS
505030;505031;HAS_ADDRESS
505035;505036;HAS_ADDRESS
505040;505041;HAS_ADDRESS
505045;505046;HAS_ADDRESS
505050;505051;HAS_ADDRESS
505055;505056;HAS_ADDRESS
505060;505061;HAS_ADDRESS
505065;505066;HAS_ADDRESS
505070;505071;HAS_ADDRESS
505075;505076;HAS_ADDRESS
505080;505081;HAS_ADDRESS
505085;505086;HAS_ADDRESS
505090;505091;HAS_ADDRESS
505095;505096;HAS_ADDRESS
505100;505101;HAS_ADDRESS
505105;505106;HAS_ADDRESS
505110;505111;HAS_ADDRESS
505115;505116;HAS_ADDRESS
505120;505121;HAS_ADDRESS
505125;505126;HAS_ADDRESS
505130;505131;HAS_ADDRESS
505135;505136;HAS_ADDRESS
505140;505141;HAS_ADDRESS
505145;505146;HAS_ADDRESS
505150;505151;HAS_ADDRESS
505155;505156;HAS_ADDRESS
505160;505161;HAS_ADDRESS
505165;505166;HAS_ADDRESS
505170;505171;HAS_ADDRESS
505175;505176;HAS_ADDRESS
505180;505181;HAS_ADDRESS
505185;505186;HAS_ADDRESS
505190;505191;HAS_ADDRESS
505195;505196;HAS_ADDRESS
505200;505201;HAS_ADDRESS
505205;505206;HAS_ADDRESS
505210;505211;HAS_ADDRESS
505215;505216;HAS_ADDRESS
505220;505221;HAS_ADDRESS
505225;505226;HAS_ADDRESS
505230;505231;HAS_ADDRESS
505235;505236;HAS_ADDRESS
505240;505241;HAS_ADDRESS
505245;505246;HAS_ADDRESS
505250;505251;HAS_ADDRESS
505255;505256;HAS_ADDRESS
505260;505261;HAS_ADDRESS
505265;505266;HAS_ADDRESS
505270;505271;HAS_ADDRESS
505275;505276;HAS_ADDRESS
505280;505281;HAS_ADDRESS
505285;505286;HAS_ADDRESS
505290;505291;HAS_ADDRESS
505295;505296;HAS_ADDRESS
505300;505301;HAS_ADDRESS
505305;505306;HAS_ADDRESS
505310;505311;HAS_ADDRESS
505315;505316;HAS_ADDRESS
505320;505321;HAS_ADDRESS
505325;505326;HAS_ADDRESS
505330;505331;HAS_ADDRESS
505335;505336;HAS_ADDRESS
505340;505341;HAS_ADDRESS
505345;505346;HAS_ADDRESS
505350;505351;HAS_ADDRESS
505355;505356;HAS_ADDRESS
505360;505361;HAS_ADDRESS
505365;505366;HAS_ADDRESS
505370;505371;HAS_ADDRESS
505375;505376;HAS_ADDRESS
505380;505381;HAS_ADDRESS
505385;505386;HAS_ADDRESS
505390;505391;HAS_ADDRESS
505395;505396;HAS_ADDRESS
505400;505401;HAS_ADDRESS
505405;505406;HAS_ADDRESS
505410;505411;HAS_ADDRESS
505415;505416;HAS_ADDRESS
505420;505421;HAS_ADDRESS
505425;505426;HAS_ADDRESS
505430;505431;HAS_ADDRESS
505435;505436;HAS_ADDRESS
505440;505441;HAS_ADDRESS
505445;505446;HAS_ADDRESS
505450;505451;HAS_ADDRESS
505455;505456;HAS_ADDRESS
505460;505461;HAS_ADDRESS
505465;505466;HAS_ADDRESS
505470;505471;HAS_ADDRESS
505475;505476;HAS_ADDRESS
505480;505481;HAS_ADDRESS
505485;505486;HAS_ADDRESS
505490;505491;HAS_ADDRESS
505495;505496;HAS_ADDRESS
505500;505501;HAS_ADDRESS
505505;505506;HAS_ADDRESS
505510;505511;HAS_ADDRESS
505515;505516;HAS_ADDRESS
505520;505521;HAS_ADDRESS
505525;505526;HAS_ADDRESS
505530;505531;HAS_ADDRESS
505535;505536;HAS_ADDRESS
505540;505541;HAS_ADDRESS
505545;505546;HAS_ADDRESS
505550;505551;HAS_ADDRESS
505555;505556;HAS_ADDRESS
505560;505561;HAS_ADDRESS
505565;505566;HAS_ADDRESS
505570;505571;HAS_ADDRESS
505575;505576;HAS_ADDRESS
505580;505581;HAS_ADDRESS
505585;505586;HAS_ADDRESS
505590;505591;HAS_ADDRESS
505595;505596;HAS_ADDRESS
505600;505601;HAS_ADDRESS
505605;505606;HAS_ADDRESS
505610;505611;HAS_ADDRESS
505615;505616;HAS_ADDRESS
505620;505621;HAS_ADDRESS
505625;505626;HAS_ADDRESS
505630;505631;HAS_ADDRESS
505635;505636;HAS_ADDRESS
505640;505641;HAS_ADDRESS
505645;505646;HAS_ADDRESS
505650;505651;HAS_ADDRESS
505655;505656;HAS_ADDRESS
505660;505661;HAS_ADDRESS
505665;505666;HAS_ADDRESS
505670;505671;HAS_ADDRESS
505675;505676;HAS_ADDRESS
505680;505681;HAS_ADDRESS
505685;505686;HAS_ADDRESS
505690;505691;HAS_ADDRESS
505695;505696;HAS_ADDRESS
505700;505701;HAS_ADDRESS
505705;505706;HAS_ADDRESS
505710;505711;HAS_ADDRESS
505715;505716;HAS_ADDRESS
505720;505721;HAS_ADDRESS
505725;505726;HAS_ADDRESS
505730;505731;HAS_ADDRESS
505735;505736;HAS_ADDRESS
505740;505741;HAS_ADDRESS
505745;505746;HAS_ADDRESS
505750;505751;HAS_ADDRESS
505755;505756;HAS_ADDRESS
505760;505761;HAS_ADDRESS
505765;505766;HAS_ADDRESS
505770;505771;HAS_ADDRESS
505775;505776;HAS_ADDRESS
505780;505781;HAS_ADDRESS
505785;505786;HAS_ADDRESS
505790;505791;HAS_ADDRESS
505795;505796;HAS_ADDRESS
505800;505801;HAS_ADDRESS
505805;505806;HAS_ADDRESS
505810;505811;HAS_ADDRESS
505815;505816;HAS_ADDRESS
505820;505821;HAS_ADDRESS
505825;505826;HAS_ADDRESS
505830;505831;HAS_ADDRESS
505835;505836;HAS_ADDRESS
505840;505841;HAS_ADDRESS
505845;505846;HAS_ADDRESS
505850;505851;HAS_ADDRESS
505855;505856;HAS_ADDRESS
505860;505861;HAS_ADDRESS
505865;505866;HAS_ADDRESS
505870;505871;HAS_ADDRESS
505875;505876;HAS_ADDRESS
505880;505881;HAS_ADDRESS
505885;505886;HAS_ADDRESS
505890;505891;HAS_ADDRESS
505895;505896;HAS_ADDRESS
505900;505901;HAS_ADDRESS
505905;505906;HAS_ADDRESS
505910;505911;HAS_ADDRESS
505915;505916;HAS_ADDRESS
505920;505921;HAS_ADDRESS
505925;505926;HAS_ADDRESS
505930;505931;HAS_ADDRESS
505935;505936;HAS_ADDRESS
505940;505941;HAS_ADDRESS
505945;505946;HAS_ADDRESS
505950;505951;HAS_ADDRESS
505955;505956;HAS_ADDRESS
505960;505961;HAS_ADDRESS
505965;505966;HAS_ADDRESS
505970;505971;HAS_ADDRESS
505975;505976;HAS_ADDRESS
505980;505981;HAS_ADDRESS
505985;505986;HAS_ADDRESS
505990;505991;HAS_ADDRESS
505995;505996;HAS_ADDRESS
506000;506001;HAS_ADDRESS
506005;506006;HAS_ADDRESS
506010;506011;HAS_ADDRESS
506015;506016;HAS_ADDRESS
506020;506021;HAS_ADDRESS
506025;506026;HAS_ADDRESS
506030;506031;HAS_ADDRESS
506035;506036;HAS_ADDRESS
506040;506041;HAS_ADDRESS
506045;506046;HAS_ADDRESS
506050;506051;HAS_ADDRESS
506055;506056;HAS_ADDRESS
506060;506061;HAS_ADDRESS
506065;506066;HAS_ADDRESS
506070;506071;HAS_ADDRESS
506075;506076;HAS_ADDRESS
506080;506081;HAS_ADDRESS
506085;506086;HAS_ADDRESS
506090;506091;HAS_ADDRESS
506095;506096;HAS_ADDRESS
506100;506101;HAS_ADDRESS
506105;506106;HAS_ADDRESS
506110;506111;HAS_ADDRESS
506115;506116;HAS_ADDRESS
506120;506121;HAS_ADDRESS
506125;506126;HAS_ADDRESS
506130;506131;HAS_ADDRESS
506135;506136;HAS_ADDRESS
506140;506141;HAS_ADDRESS
506145;506146;HAS_ADDRESS
506150;506151;HAS_ADDRESS
506155;506156;HAS_ADDRESS
506160;506161;HAS_ADDRESS
506165;506166;HAS_ADDRESS
506170;506171;HAS_ADDRESS
506175;506176;HAS_ADDRESS
506180;506181;HAS_ADDRESS
506185;506186;HAS_ADDRESS
506190;506191;HAS_ADDRESS
506195;506196;HAS_ADDRESS
506200;506201;HAS_ADDRESS
506205;506206;HAS_ADDRESS
506210;506211;HAS_ADDRESS
506215;506216;HAS_ADDRESS
506220;506221;HAS_ADDRESS
506225;506226;HAS_ADDRESS
506230;506231;HAS_ADDRESS
506235;506236;HAS_ADDRESS
506240;506241;HAS_ADDRESS
506245;506246;HAS_ADDRESS
506250;506251;HAS_ADDRESS
506255;506256;HAS_ADDRESS
506260;506261;HAS_ADDRESS
506265;506266;HAS_ADDRESS
506270;506271;HAS_ADDRESS
506275;506276;HAS_ADDRESS
506280;506281;HAS_ADDRESS
506285;506286;HAS_ADDRESS
506290;506291;HAS_ADDRESS
506295;506296;HAS_ADDRESS
506300;506301;HAS_ADDRESS
506305;506306;HAS_ADDRESS
506310;506311;HAS_ADDRESS
506315;506316;HAS_ADDRESS
506320;506321;HAS_ADDRESS
506325;506326;HAS_ADDRESS
506330;506331;HAS_ADDRESS
506335;506336;HAS_ADDRESS
506340;506341;HAS_ADDRESS
506345;506346;HAS_ADDRESS
506350;506351;HAS_ADDRESS
506355;506356;HAS_ADDRESS
506360;506361;HAS_ADDRESS
506365;506366;HAS_ADDRESS
506370;506371;HAS_ADDRESS
506375;506376;HAS_ADDRESS
506380;506381;HAS_ADDRESS
506385;506386;HAS_ADDRESS
506390;506391;HAS_ADDRESS
506395;506396;HAS_ADDRESS
506400;506401;HAS_ADDRESS
506405;506406;HAS_ADDRESS
506410;506411;HAS_ADDRESS
506415;506416;HAS_ADDRESS
506420;506421;HAS_ADDRESS
506425;506426;HAS_ADDRESS
506430;506431;HAS_ADDRESS
506435;506436;HAS_ADDRESS
506440;506441;HAS_ADDRESS
506445;506446;HAS_ADDRESS
506450;506451;HAS_ADDRESS
506455;506456;HAS_ADDRESS
506460;506461;HAS_ADDRESS
506465;506466;HAS_ADDRESS
506470;506471;HAS_ADDRESS
506475;506476;HAS_ADDRESS
506480;506481;HAS_ADDRESS
506485;506486;HAS_ADDRESS
506490;506491;HAS_ADDRESS
506495;506496;HAS_ADDRESS
506500;506501;HAS_ADDRESS
506505;506506;HAS_ADDRESS
506510;506511;HAS_ADDRESS
506515;506516;HAS_ADDRESS
506520;506521;HAS_ADDRESS
506525;506526;HAS_ADDRESS
506530;506531;HAS_ADDRESS
506535;506536;HAS_ADDRESS
506540;506541;HAS_ADDRESS
506545;506546;HAS_ADDRESS
506550;506551;HAS_ADDRESS
506555;506556;HAS_ADDRESS
506560;506561;HAS_ADDRESS
506565;506566;HAS_ADDRESS
506570;506571;HAS_ADDRESS
506575;506576;HAS_ADDRESS
506580;506581;HAS_ADDRESS
506585;506586;HAS_ADDRESS
506590;506591;HAS_ADDRESS
506595;506596;HAS_ADDRESS
506600;506601;HAS_ADDRESS
506605;506606;HAS_ADDRESS
506610;506611;HAS_ADDRESS
506615;506616;HAS_ADDRESS
506620;506621;HAS_ADDRESS
506625;506626;HAS_ADDRESS
506630;506631;HAS_ADDRESS
506635;506636;HAS_ADDRESS
506640;506641;HAS_ADDRESS
506645;506646;HAS_ADDRESS
506650;506651;HAS_ADDRESS
506655;506656;HAS_ADDRESS
506660;506661;HAS_ADDRESS
506665;506666;HAS_ADDRESS
506670;506671;HAS_ADDRESS
506675;506676;HAS_ADDRESS
506680;506681;HAS_ADDRESS
506685;506686;HAS_ADDRESS
506690;506691;HAS_ADDRESS
506695;506696;HAS_ADDRESS
506700;506701;HAS_ADDRESS
506705;506706;HAS_ADDRESS
506710;506711;HAS_ADDRESS
506715;506716;HAS_ADDRESS
506720;506721;HAS_ADDRESS
506725;506726;HAS_ADDRESS
506730;506731;HAS_ADDRESS
506735;506736;HAS_ADDRESS
506740;506741;HAS_ADDRESS
506745;506746;HAS_ADDRESS
506750;506751;HAS_ADDRESS
506755;506756;HAS_ADDRESS
506760;506761;HAS_ADDRESS
506765;506766;HAS_ADDRESS
506770;506771;HAS_ADDRESS
506775;506776;HAS_ADDRESS
506780;506781;HAS_ADDRESS
506785;506786;HAS_ADDRESS
506790;506791;HAS_ADDRESS
506795;506796;HAS_ADDRESS
506800;506801;HAS_ADDRESS
506805;506806;HAS_ADDRESS
506810;506811;HAS_ADDRESS
506815;506816;HAS_ADDRESS
506820;506821;HAS_ADDRESS
506825;506826;HAS_ADDRESS
506830;506831;HAS_ADDRESS
506835;506836;HAS_ADDRESS
506840;506841;HAS_ADDRESS
506845;506846;HAS_ADDRESS
506850;506851;HAS_ADDRESS
506855;506856;HAS_ADDRESS
506860;506861;HAS_ADDRESS
506865;506866;HAS_ADDRESS
506870;506871;HAS_ADDRESS
506875;506876;HAS_ADDRESS
506880;506881;HAS_ADDRESS
506885;506886;HAS_ADDRESS
506890;506891;HAS_ADDRESS
506895;506896;HAS_ADDRESS
506900;506901;HAS_ADDRESS
506905;506906;HAS_ADDRESS
506910;506911;HAS_ADDRESS
506915;506916;HAS_ADDRESS
506920;506921;HAS_ADDRESS
506925;506926;HAS_ADDRESS
506930;506931;HAS_ADDRESS
506935;506936;HAS_ADDRESS
506940;506941;HAS_ADDRESS
506945;506946;HAS_ADDRESS
506950;506951;HAS_ADDRESS
506955;506956;HAS_ADDRESS
506960;506961;HAS_ADDRESS
506965;506966;HAS_ADDRESS
506970;506971;HAS_ADDRESS
506975;506976;HAS_ADDRESS
506980;506981;HAS_ADDRESS
506985;506986;HAS_ADDRESS
506990;506991;HAS_ADDRESS
506995;506996;HAS_ADDRESS
507000;507001;HAS_ADDRESS
507005;507006;HAS_ADDRESS
507010;507011;HAS_ADDRESS
507015;507016;HAS_ADDRESS
507020;507021;HAS_ADDRESS
507025;507026;HAS_ADDRESS
507030;507031;HAS_ADDRESS
507035;507036;HAS_ADDRESS
507040;507041;HAS_ADDRESS
507045;507046;HAS_ADDRESS
507050;507051;HAS_ADDRESS
507055;507056;HAS_ADDRESS
507060;507061;HAS_ADDRESS
507065;507066;HAS_ADDRESS
507070;507071;HAS_ADDRESS
507075;507076;HAS_ADDRESS
507080;507081;HAS_ADDRESS
507085;507086;HAS_ADDRESS
507090;507091;HAS_ADDRESS
507095;507096;HAS_ADDRESS
507100;507101;HAS_ADDRESS
507105;507106;HAS_ADDRESS
507110;507111;HAS_ADDRESS
507115;507116;HAS_ADDRESS
507120;507121;HAS_ADDRESS
507125;507126;HAS_ADDRESS
507130;507131;HAS_ADDRESS
507135;507136;HAS_ADDRESS
507140;507141;HAS_ADDRESS
507145;507146;HAS_ADDRESS
507150;507151;HAS_ADDRESS
507155;507156;HAS_ADDRESS
507160;507161;HAS_ADDRESS
507165;507166;HAS_ADDRESS
507170;507171;HAS_ADDRESS
507175;507176;HAS_ADDRESS
507180;507181;HAS_ADDRESS
507185;507186;HAS_ADDRESS
507190;507191;HAS_ADDRESS
507195;507196;HAS_ADDRESS
507200;507201;HAS_ADDRESS
507205;507206;HAS_ADDRESS
507210;507211;HAS_ADDRESS
507215;507216;HAS_ADDRESS
507220;507221;HAS_ADDRESS
507225;507226;HAS_ADDRESS
507230;507231;HAS_ADDRESS
507235;507236;HAS_ADDRESS
507240;507241;HAS_ADDRESS
507245;507246;HAS_ADDRESS
507250;507251;HAS_ADDRESS
507255;507256;HAS_ADDRESS
507260;507261;HAS_ADDRESS
507265;507266;HAS_ADDRESS
507270;507271;HAS_ADDRESS
507275;507276;HAS_ADDRESS
507280;507281;HAS_ADDRESS
507285;507286;HAS_ADDRESS
507290;507291;HAS_ADDRESS
507295;507296;HAS_ADDRESS
507300;507301;HAS_ADDRESS
507305;507306;HAS_ADDRESS
507310;507311;HAS_ADDRESS
507315;507316;HAS_ADDRESS
507320;507321;HAS_ADDRESS
507325;507326;HAS_ADDRESS
507330;507331;HAS_ADDRESS
507335;507336;HAS_ADDRESS
507340;507341;HAS_ADDRESS
507345;507346;HAS_ADDRESS
507350;507351;HAS_ADDRESS
507355;507356;HAS_ADDRESS
507360;507361;HAS_ADDRESS
507365;507366;HAS_ADDRESS
507370;507371;HAS_ADDRESS
507375;507376;HAS_ADDRESS
507380;507381;HAS_ADDRESS
507385;507386;HAS_ADDRESS
507390;507391;HAS_ADDRESS
507395;507396;HAS_ADDRESS
507400;507401;HAS_ADDRESS
507405;507406;HAS_ADDRESS
507410;507411;HAS_ADDRESS
507415;507416;HAS_ADDRESS
507420;507421;HAS_ADDRESS
507425;507426;HAS_ADDRESS
507430;507431;HAS_ADDRESS
507435;507436;HAS_ADDRESS
507440;507441;HAS_ADDRESS
507445;507446;HAS_ADDRESS
507450;507451;HAS_ADDRESS
507455;507456;HAS_ADDRESS
507460;507461;HAS_ADDRESS
507465;507466;HAS_ADDRESS
507470;507471;HAS_ADDRESS
507475;507476;HAS_ADDRESS
507480;507481;HAS_ADDRESS
507485;507486;HAS_ADDRESS
507490;507491;HAS_ADDRESS
507495;507496;HAS_ADDRESS
507500;507501;HAS_ADDRESS
507505;507506;HAS_ADDRESS
507510;507511;HAS_ADDRESS
507515;507516;HAS_ADDRESS
507520;507521;HAS_ADDRESS
507525;507526;HAS_ADDRESS
507530;507531;HAS_ADDRESS
507535;507536;HAS_ADDRESS
507540;507541;HAS_ADDRESS
507545;507546;HAS_ADDRESS
507550;507551;HAS_ADDRESS
507555;507556;HAS_ADDRESS
507560;507561;HAS_ADDRESS
507565;507566;HAS_ADDRESS
507570;507571;HAS_ADDRESS
507575;507576;HAS_ADDRESS
507580;507581;HAS_ADDRESS
507585;507586;HAS_ADDRESS
507590;507591;HAS_ADDRESS
507595;507596;HAS_ADDRESS
507600;507601;HAS_ADDRESS
507605;507606;HAS_ADDRESS
507610;507611;HAS_ADDRESS
507615;507616;HAS_ADDRESS
507620;507621;HAS_ADDRESS
507625;507626;HAS_ADDRESS
507630;507631;HAS_ADDRESS
507635;507636;HAS_ADDRESS
507640;507641;HAS_ADDRESS
507645;507646;HAS_ADDRESS
507650;507651;HAS_ADDRESS
507655;507656;HAS_ADDRESS
507660;507661;HAS_ADDRESS
507665;507666;HAS_ADDRESS
507670;507671;HAS_ADDRESS
507675;507676;HAS_ADDRESS
507680;507681;HAS_ADDRESS
507685;507686;HAS_ADDRESS
507690;507691;HAS_ADDRESS
507695;507696;HAS_ADDRESS
507700;507701;HAS_ADDRESS
507705;507706;HAS_ADDRESS
507710;507711;HAS_ADDRESS
507715;507716;HAS_ADDRESS
507720;507721;HAS_ADDRESS
507725;507726;HAS_ADDRESS
507730;507731;HAS_ADDRESS
507735;507736;HAS_ADDRESS
507740;507741;HAS_ADDRESS
507745;507746;HAS_ADDRESS
507750;507751;HAS_ADDRESS
507755;507756;HAS_ADDRESS
507760;507761;HAS_ADDRESS
507765;507766;HAS_ADDRESS
507770;507771;HAS_ADDRESS
507775;507776;HAS_ADDRESS
507780;507781;HAS_ADDRESS
507785;507786;HAS_ADDRESS
507790;507791;HAS_ADDRESS
507795;507796;HAS_ADDRESS
507800;507801;HAS_ADDRESS
507805;507806;HAS_ADDRESS
507810;507811;HAS_ADDRESS
507815;507816;HAS_ADDRESS
507820;507821;HAS_ADDRESS
507825;507826;HAS_ADDRESS
507830;507831;HAS_ADDRESS
507835;507836;HAS_ADDRESS
507840;507841;HAS_ADDRESS
507845;507846;HAS_ADDRESS
507850;507851;HAS_ADDRESS
507855;507856;HAS_ADDRESS
507860;507861;HAS_ADDRESS
507865;507866;HAS_ADDRESS
507870;507871;HAS_ADDRESS
507875;507876;HAS_ADDRESS
507880;507881;HAS_ADDRESS
507885;507886;HAS_ADDRESS
507890;507891;HAS_ADDRESS
507895;507896;HAS_ADDRESS
507900;507901;HAS_ADDRESS
507905;507906;HAS_ADDRESS
507910;507911;HAS_ADDRESS
507915;507916;HAS_ADDRESS
507920;507921;HAS_ADDRESS
507925;507926;HAS_ADDRESS
507930;507931;HAS_ADDRESS
507935;507936;HAS_ADDRESS
507940;507941;HAS_ADDRESS
507945;507946;HAS_ADDRESS
507950;507951;HAS_ADDRESS
507955;507956;HAS_ADDRESS
507960;507961;HAS_ADDRESS
507965;507966;HAS_ADDRESS
507970;507971;HAS_ADDRESS
507975;507976;HAS_ADDRESS
507980;507981;HAS_ADDRESS
507985;507986;HAS_ADDRESS
507990;507991;HAS_ADDRESS
507995;507996;HAS_ADDRESS
508000;508001;HAS_ADDRESS
508005;508006;HAS_ADDRESS
508010;508011;HAS_ADDRESS
508015;508016;HAS_ADDRESS
508020;508021;HAS_ADDRESS
508025;508026;HAS_ADDRESS
508030;508031;HAS_ADDRESS
508035;508036;HAS_ADDRESS
508040;508041;HAS_ADDRESS
508045;508046;HAS_ADDRESS
508050;508051;HAS_ADDRESS
508055;508056;HAS_ADDRESS
508060;508061;HAS_ADDRESS
508065;508066;HAS_ADDRESS
508070;508071;HAS_ADDRESS
508075;508076;HAS_ADDRESS
508080;508081;HAS_ADDRESS
508085;508086;HAS_ADDRESS
508090;508091;HAS_ADDRESS
508095;508096;HAS_ADDRESS
508100;508101;HAS_ADDRESS
508105;508106;HAS_ADDRESS
508110;508111;HAS_ADDRESS
508115;508116;HAS_ADDRESS
508120;508121;HAS_ADDRESS
508125;508126;HAS_ADDRESS
508130;508131;HAS_ADDRESS
508135;508136;HAS_ADDRESS
508140;508141;HAS_ADDRESS
508145;508146;HAS_ADDRESS
508150;508151;HAS_ADDRESS
508155;508156;HAS_ADDRESS
508160;508161;HAS_ADDRESS
508165;508166;HAS_ADDRESS
508170;508171;HAS_ADDRESS
508175;508176;HAS_ADDRESS
508180;508181;HAS_ADDRESS
508185;508186;HAS_ADDRESS
508190;508191;HAS_ADDRESS
508195;508196;HAS_ADDRESS
508200;508201;HAS_ADDRESS
508205;508206;HAS_ADDRESS
508210;508211;HAS_ADDRESS
508215;508216;HAS_ADDRESS
508220;508221;HAS_ADDRESS
508225;508226;HAS_ADDRESS
508230;508231;HAS_ADDRESS
508235;508236;HAS_ADDRESS
508240;508241;HAS_ADDRESS
508245;508246;HAS_ADDRESS
508250;508251;HAS_ADDRESS
508255;508256;HAS_ADDRESS
508260;508261;HAS_ADDRESS
508265;508266;HAS_ADDRESS
508270;508271;HAS_ADDRESS
508275;508276;HAS_ADDRESS
508280;508281;HAS_ADDRESS
508285;508286;HAS_ADDRESS
508290;508291;HAS_ADDRESS
508295;508296;HAS_ADDRESS
508300;508301;HAS_ADDRESS
508305;508306;HAS_ADDRESS
508310;508311;HAS_ADDRESS
508315;508316;HAS_ADDRESS
508320;508321;HAS_ADDRESS
508325;508326;HAS_ADDRESS
508330;508331;HAS_ADDRESS
508335;508336;HAS_ADDRESS
508340;508341;HAS_ADDRESS
508345;508346;HAS_ADDRESS
508350;508351;HAS_ADDRESS
508355;508356;HAS_ADDRESS
508360;508361;HAS_ADDRESS
508365;508366;HAS_ADDRESS
508370;508371;HAS_ADDRESS
508375;508376;HAS_ADDRESS
508380;508381;HAS_ADDRESS
508385;508386;HAS_ADDRESS
508390;508391;HAS_ADDRESS
508395;508396;HAS_ADDRESS
508400;508401;HAS_ADDRESS
508405;508406;HAS_ADDRESS
508410;508411;HAS_ADDRESS
508415;508416;HAS_ADDRESS
508420;508421;HAS_ADDRESS
508425;508426;HAS_ADDRESS
508430;508431;HAS_ADDRESS
508435;508436;HAS_ADDRESS
508440;508441;HAS_ADDRESS
508445;508446;HAS_ADDRESS
508450;508451;HAS_ADDRESS
508455;508456;HAS_ADDRESS
508460;508461;HAS_ADDRESS
508465;508466;HAS_ADDRESS
508470;508471;HAS_ADDRESS
508475;508476;HAS_ADDRESS
508480;508481;HAS_ADDRESS
508485;508486;HAS_ADDRESS
508490;508491;HAS_ADDRESS
508495;508496;HAS_ADDRESS
508500;508501;HAS_ADDRESS
508505;508506;HAS_ADDRESS
508510;508511;HAS_ADDRESS
508515;508516;HAS_ADDRESS
508520;508521;HAS_ADDRESS
508525;508526;HAS_ADDRESS
508530;508531;HAS_ADDRESS
508535;508536;HAS_ADDRESS
508540;508541;HAS_ADDRESS
508545;508546;HAS_ADDRESS
508550;508551;HAS_ADDRESS
508555;508556;HAS_ADDRESS
508560;508561;HAS_ADDRESS
508565;508566;HAS_ADDRESS
508570;508571;HAS_ADDRESS
508575;508576;HAS_ADDRESS
508580;508581;HAS_ADDRESS
508585;508586;HAS_ADDRESS
508590;508591;HAS_ADDRESS
508595;508596;HAS_ADDRESS
508600;508601;HAS_ADDRESS
508605;508606;HAS_ADDRESS
508610;508611;HAS_ADDRESS
508615;508616;HAS_ADDRESS
508620;508621;HAS_ADDRESS
508625;508626;HAS_ADDRESS
508630;508631;HAS_ADDRESS
508635;508636;HAS_ADDRESS
508640;508641;HAS_ADDRESS
508645;508646;HAS_ADDRESS
508650;508651;HAS_ADDRESS
508655;508656;HAS_ADDRESS
508660;508661;HAS_ADDRESS
508665;508666;HAS_ADDRESS
508670;508671;HAS_ADDRESS
508675;508676;HAS_ADDRESS
508680;508681;HAS_ADDRESS
508685;508686;HAS_ADDRESS
508690;508691;HAS_ADDRESS
508695;508696;HAS_ADDRESS
508700;508701;HAS_ADDRESS
508705;508706;HAS_ADDRESS
508710;508711;HAS_ADDRESS
508715;508716;HAS_ADDRESS
508720;508721;HAS_ADDRESS
508725;508726;HAS_ADDRESS
508730;508731;HAS_ADDRESS
508735;508736;HAS_ADDRESS
508740;508741;HAS_ADDRESS
508745;508746;HAS_ADDRESS
508750;508751;HAS_ADDRESS
508755;508756;HAS_ADDRESS
508760;508761;HAS_ADDRESS
508765;508766;HAS_ADDRESS
508770;508771;HAS_ADDRESS
508775;508776;HAS_ADDRESS
508780;508781;HAS_ADDRESS
508785;508786;HAS_ADDRESS
508790;508791;HAS_ADDRESS
508795;508796;HAS_ADDRESS
508800;508801;HAS_ADDRESS
508805;508806;HAS_ADDRESS
508810;508811;HAS_ADDRESS
508815;508816;HAS_ADDRESS
508820;508821;HAS_ADDRESS
508825;508826;HAS_ADDRESS
508830;508831;HAS_ADDRESS
508835;508836;HAS_ADDRESS
508840;508841;HAS_ADDRESS
508845;508846;HAS_ADDRESS
508850;508851;HAS_ADDRESS
508855;508856;HAS_ADDRESS
508860;508861;HAS_ADDRESS
508865;508866;HAS_ADDRESS
508870;508871;HAS_ADDRESS
508875;508876;HAS_ADDRESS
508880;508881;HAS_ADDRESS
508885;508886;HAS_ADDRESS
508890;508891;HAS_ADDRESS
508895;508896;HAS_ADDRESS
508900;508901;HAS_ADDRESS
508905;508906;HAS_ADDRESS
508910;508911;HAS_ADDRESS
508915;508916;HAS_ADDRESS
508920;508921;HAS_ADDRESS
508925;508926;HAS_ADDRESS
508930;508931;HAS_ADDRESS
508935;508936;HAS_ADDRESS
508940;508941;HAS_ADDRESS
508945;508946;HAS_ADDRESS
508950;508951;HAS_ADDRESS
508955;508956;HAS_ADDRESS
508960;508961;HAS_ADDRESS
508965;508966;HAS_ADDRESS
508970;508971;HAS_ADDRESS
508975;508976;HAS_ADDRESS
508980;508981;HAS_ADDRESS
508985;508986;HAS_ADDRESS
508990;508991;HAS_ADDRESS
508995;508996;HAS_ADDRESS
509000;509001;HAS_ADDRESS
509005;509006;HAS_ADDRESS
509010;509011;HAS_ADDRESS
509015;509016;HAS_ADDRESS
509020;509021;HAS_ADDRESS
509025;509026;HAS_ADDRESS
509030;509031;HAS_ADDRESS
509035;509036;HAS_ADDRESS
509040;509041;HAS_ADDRESS
509045;509046;HAS_ADDRESS
509050;509051;HAS_ADDRESS
509055;509056;HAS_ADDRESS
509060;509061;HAS_ADDRESS
509065;509066;HAS_ADDRESS
509070;509071;HAS_ADDRESS
509075;509076;HAS_ADDRESS
509080;509081;HAS_ADDRESS
509085;509086;HAS_ADDRESS
509090;509091;HAS_ADDRESS
509095;509096;HAS_ADDRESS
509100;509101;HAS_ADDRESS
509105;509106;HAS_ADDRESS
509110;509111;HAS_ADDRESS
509115;509116;HAS_ADDRESS
509120;509121;HAS_ADDRESS
509125;509126;HAS_ADDRESS
509130;509131;HAS_ADDRESS
509135;509136;HAS_ADDRESS
509140;509141;HAS_ADDRESS
509145;509146;HAS_ADDRESS
509150;509151;HAS_ADDRESS
509155;509156;HAS_ADDRESS
509160;509161;HAS_ADDRESS
509165;509166;HAS_ADDRESS
509170;509171;HAS_ADDRESS
509175;509176;HAS_ADDRESS
509180;509181;HAS_ADDRESS
509185;509186;HAS_ADDRESS
509190;509191;HAS_ADDRESS
509195;509196;HAS_ADDRESS
509200;509201;HAS_ADDRESS
509205;509206;HAS_ADDRESS
509210;509211;HAS_ADDRESS
509215;509216;HAS_ADDRESS
509220;509221;HAS_ADDRESS
509225;509226;HAS_ADDRESS
509230;509231;HAS_ADDRESS
509235;509236;HAS_ADDRESS
509240;509241;HAS_ADDRESS
509245;509246;HAS_ADDRESS
509250;509251;HAS_ADDRESS
509255;509256;HAS_ADDRESS
509260;509261;HAS_ADDRESS
509265;509266;HAS_ADDRESS
509270;509271;HAS_ADDRESS
509275;509276;HAS_ADDRESS
509280;509281;HAS_ADDRESS
509285;509286;HAS_ADDRESS
509290;509291;HAS_ADDRESS
509295;509296;HAS_ADDRESS
509300;509301;HAS_ADDRESS
509305;509306;HAS_ADDRESS
509310;509311;HAS_ADDRESS
509315;509316;HAS_ADDRESS
509320;509321;HAS_ADDRESS
509325;509326;HAS_ADDRESS
509330;509331;HAS_ADDRESS
509335;509336;HAS_ADDRESS
509340;509341;HAS_ADDRESS
509345;509346;HAS_ADDRESS
509350;509351;HAS_ADDRESS
509355;509356;HAS_ADDRESS
509360;509361;HAS_ADDRESS
509365;509366;HAS_ADDRESS
509370;509371;HAS_ADDRESS
509375;509376;HAS_ADDRESS
509380;509381;HAS_ADDRESS
509385;509386;HAS_ADDRESS
509390;509391;HAS_ADDRESS
509395;509396;HAS_ADDRESS
509400;509401;HAS_ADDRESS
509405;509406;HAS_ADDRESS
509410;509411;HAS_ADDRESS
509415;509416;HAS_ADDRESS
509420;509421;HAS_ADDRESS
509425;509426;HAS_ADDRESS
509430;509431;HAS_ADDRESS
509435;509436;HAS_ADDRESS
509440;509441;HAS_ADDRESS
509445;509446;HAS_ADDRESS
509450;509451;HAS_ADDRESS
509455;509456;HAS_ADDRESS
509460;509461;HAS_ADDRESS
509465;509466;HAS_ADDRESS
509470;509471;HAS_ADDRESS
509475;509476;HAS_ADDRESS
509480;509481;HAS_ADDRESS
509485;509486;HAS_ADDRESS
509490;509491;HAS_ADDRESS
509495;509496;HAS_ADDRESS
509500;509501;HAS_ADDRESS
509505;509506;HAS_ADDRESS
509510;509511;HAS_ADDRESS
509515;509516;HAS_ADDRESS
509520;509521;HAS_ADDRESS
509525;509526;HAS_ADDRESS
509530;509531;HAS_ADDRESS
509535;509536;HAS_ADDRESS
509540;509541;HAS_ADDRESS
509545;509546;HAS_ADDRESS
509550;509551;HAS_ADDRESS
509555;509556;HAS_ADDRESS
509560;509561;HAS_ADDRESS
509565;509566;HAS_ADDRESS
509570;509571;HAS_ADDRESS
509575;509576;HAS_ADDRESS
509580;509581;HAS_ADDRESS
509585;509586;HAS_ADDRESS
509590;509591;HAS_ADDRESS
509595;509596;HAS_ADDRESS
509600;509601;HAS_ADDRESS
509605;509606;HAS_ADDRESS
509610;509611;HAS_ADDRESS
509615;509616;HAS_ADDRESS
509620;509621;HAS_ADDRESS
509625;509626;HAS_ADDRESS
509630;509631;HAS_ADDRESS
509635;509636;HAS_ADDRESS
509640;509641;HAS_ADDRESS
509645;509646;HAS_ADDRESS
509650;509651;HAS_ADDRESS
509655;509656;HAS_ADDRESS
509660;509661;HAS_ADDRESS
509665;509666;HAS_ADDRESS
509670;509671;HAS_ADDRESS
509675;509676;HAS_ADDRESS
509680;509681;HAS_ADDRESS
509685;509686;HAS_ADDRESS
509690;509691;HAS_ADDRESS
509695;509696;HAS_ADDRESS
509700;509701;HAS_ADDRESS
509705;509706;HAS_ADDRESS
509710;509711;HAS_ADDRESS
509715;509716;HAS_ADDRESS
509720;509721;HAS_ADDRESS
509725;509726;HAS_ADDRESS
509730;509731;HAS_ADDRESS
509735;509736;HAS_ADDRESS
509740;509741;HAS_ADDRESS
509745;509746;HAS_ADDRESS
509750;509751;HAS_ADDRESS
509755;509756;HAS_ADDRESS
509760;509761;HAS_ADDRESS
509765;509766;HAS_ADDRESS
509770;509771;HAS_ADDRESS
509775;509776;HAS_ADDRESS
509780;509781;HAS_ADDRESS
509785;509786;HAS_ADDRESS
509790;509791;HAS_ADDRESS
509795;509796;HAS_ADDRESS
509800;509801;HAS_ADDRESS
509805;509806;HAS_ADDRESS
509810;509811;HAS_ADDRESS
509815;509816;HAS_ADDRESS
509820;509821;HAS_ADDRESS
509825;509826;HAS_ADDRESS
509830;509831;HAS_ADDRESS
509835;509836;HAS_ADDRESS
509840;509841;HAS_ADDRESS
509845;509846;HAS_ADDRESS
509850;509851;HAS_ADDRESS
509855;509856;HAS_ADDRESS
509860;509861;HAS_ADDRESS
509865;509866;HAS_ADDRESS
509870;509871;HAS_ADDRESS
509875;509876;HAS_ADDRESS
509880;509881;HAS_ADDRESS
509885;509886;HAS_ADDRESS
509890;509891;HAS_ADDRESS
509895;509896;HAS_ADDRESS
509900;509901;HAS_ADDRESS
509905;509906;HAS_ADDRESS
509910;509911;HAS_ADDRESS
509915;509916;HAS_ADDRESS
509920;509921;HAS_ADDRESS
509925;509926;HAS_ADDRESS
509930;509931;HAS_ADDRESS
509935;509936;HAS_ADDRESS
509940;509941;HAS_ADDRESS
509945;509946;HAS_ADDRESS
509950;509951;HAS_ADDRESS
509955;509956;HAS_ADDRESS
509960;509961;HAS_ADDRESS
509965;509966;HAS_ADDRESS
509970;509971;HAS_ADDRESS
509975;509976;HAS_ADDRESS
509980;509981;HAS_ADDRESS
509985;509986;HAS_ADDRESS
509990;509991;HAS_ADDRESS
509995;509996;HAS_ADDRESS
510000;510001;HAS_ADDRESS
510005;510006;HAS_ADDRESS
510010;510011;HAS_ADDRESS
510015;510016;HAS_ADDRESS
510020;510021;HAS_ADDRESS
510025;510026;HAS_ADDRESS
510030;510031;HAS_ADDRESS
510035;510036;HAS_ADDRESS
510040;510041;HAS_ADDRESS
510045;510046;HAS_ADDRESS
510050;510051;HAS_ADDRESS
510055;510056;HAS_ADDRESS
510060;510061;HAS_ADDRESS
510065;510066;HAS_ADDRESS
510070;510071;HAS_ADDRESS
510075;510076;HAS_ADDRESS
510080;510081;HAS_ADDRESS
510085;510086;HAS_ADDRESS
510090;510091;HAS_ADDRESS
510095;510096;HAS_ADDRESS
510100;510101;HAS_ADDRESS
510105;510106;HAS_ADDRESS
510110;510111;HAS_ADDRESS
510115;510116;HAS_ADDRESS
510120;510121;HAS_ADDRESS
510125;510126;HAS_ADDRESS
510130;510131;HAS_ADDRESS
510135;510136;HAS_ADDRESS
510140;510141;HAS_ADDRESS
510145;510146;HAS_ADDRESS
510150;510151;HAS_ADDRESS
510155;510156;HAS_ADDRESS
510160;510161;HAS_ADDRESS
510165;510166;HAS_ADDRESS
510170;510171;HAS_ADDRESS
510175;510176;HAS_ADDRESS
510180;510181;HAS_ADDRESS
510185;510186;HAS_ADDRESS
510190;510191;HAS_ADDRESS
510195;510196;HAS_ADDRESS
510200;510201;HAS_ADDRESS
510205;510206;HAS_ADDRESS
510210;510211;HAS_ADDRESS
510215;510216;HAS_ADDRESS
510220;510221;HAS_ADDRESS
510225;510226;HAS_ADDRESS
510230;510231;HAS_ADDRESS
510235;510236;HAS_ADDRESS
510240;510241;HAS_ADDRESS
510245;510246;HAS_ADDRESS
510250;510251;HAS_ADDRESS
510255;510256;HAS_ADDRESS
510260;510261;HAS_ADDRESS
510265;510266;HAS_ADDRESS
510270;510271;HAS_ADDRESS
510275;510276;HAS_ADDRESS
510280;510281;HAS_ADDRESS
510285;510286;HAS_ADDRESS
510290;510291;HAS_ADDRESS
510295;510296;HAS_ADDRESS
510300;510301;HAS_ADDRESS
510305;510306;HAS_ADDRESS
510310;510311;HAS_ADDRESS
510315;510316;HAS_ADDRESS
510320;510321;HAS_ADDRESS
510325;510326;HAS_ADDRESS
510330;510331;HAS_ADDRESS
510335;510336;HAS_ADDRESS
510340;510341;HAS_ADDRESS
510345;510346;HAS_ADDRESS
510350;510351;HAS_ADDRESS
510355;510356;HAS_ADDRESS
510360;510361;HAS_ADDRESS
510365;510366;HAS_ADDRESS
510370;510371;HAS_ADDRESS
510375;510376;HAS_ADDRESS
510380;510381;HAS_ADDRESS
510385;510386;HAS_ADDRESS
510390;510391;HAS_ADDRESS
510395;510396;HAS_ADDRESS
510400;510401;HAS_ADDRESS
510405;510406;HAS_ADDRESS
510410;510411;HAS_ADDRESS
510415;510416;HAS_ADDRESS
510420;510421;HAS_ADDRESS
510425;510426;HAS_ADDRESS
510430;510431;HAS_ADDRESS
510435;510436;HAS_ADDRESS
510440;510441;HAS_ADDRESS
510445;510446;HAS_ADDRESS
510450;510451;HAS_ADDRESS
510455;510456;HAS_ADDRESS
510460;510461;HAS_ADDRESS
510465;510466;HAS_ADDRESS
510470;510471;HAS_ADDRESS
510475;510476;HAS_ADDRESS
510480;510481;HAS_ADDRESS
510485;510486;HAS_ADDRESS
510490;510491;HAS_ADDRESS
510495;510496;HAS_ADDRESS
510500;510501;HAS_ADDRESS
510505;510506;HAS_ADDRESS
510510;510511;HAS_ADDRESS
510515;510516;HAS_ADDRESS
510520;510521;HAS_ADDRESS
510525;510526;HAS_ADDRESS
510530;510531;HAS_ADDRESS
510535;510536;HAS_ADDRESS
510540;510541;HAS_ADDRESS
510545;510546;HAS_ADDRESS
510550;510551;HAS_ADDRESS
510555;510556;HAS_ADDRESS
510560;510561;HAS_ADDRESS
510565;510566;HAS_ADDRESS
510570;510571;HAS_ADDRESS
510575;510576;HAS_ADDRESS
510580;510581;HAS_ADDRESS
510585;510586;HAS_ADDRESS
510590;510591;HAS_ADDRESS
510595;510596;HAS_ADDRESS
510600;510601;HAS_ADDRESS
510605;510606;HAS_ADDRESS
510610;510611;HAS_ADDRESS
510615;510616;HAS_ADDRESS
510620;510621;HAS_ADDRESS
510625;510626;HAS_ADDRESS
510630;510631;HAS_ADDRESS
510635;510636;HAS_ADDRESS
510640;510641;HAS_ADDRESS
510645;510646;HAS_ADDRESS
510650;510651;HAS_ADDRESS
510655;510656;HAS_ADDRESS
510660;510661;HAS_ADDRESS
510665;510666;HAS_ADDRESS
510670;510671;HAS_ADDRESS
510675;510676;HAS_ADDRESS
510680;510681;HAS_ADDRESS
510685;510686;HAS_ADDRESS
510690;510691;HAS_ADDRESS
510695;510696;HAS_ADDRESS
510700;510701;HAS_ADDRESS
510705;510706;HAS_ADDRESS
510710;510711;HAS_ADDRESS
510715;510716;HAS_ADDRESS
510720;510721;HAS_ADDRESS
510725;510726;HAS_ADDRESS
510730;510731;HAS_ADDRESS
510735;510736;HAS_ADDRESS
510740;510741;HAS_ADDRESS
510745;510746;HAS_ADDRESS
510750;510751;HAS_ADDRESS
510755;510756;HAS_ADDRESS
510760;510761;HAS_ADDRESS
510765;510766;HAS_ADDRESS
510770;510771;HAS_ADDRESS
510775;510776;HAS_ADDRESS
510780;510781;HAS_ADDRESS
510785;510786;HAS_ADDRESS
510790;510791;HAS_ADDRESS
510795;510796;HAS_ADDRESS
510800;510801;HAS_ADDRESS
510805;510806;HAS_ADDRESS
510810;510811;HAS_ADDRESS
510815;510816;HAS_ADDRESS
510820;510821;HAS_ADDRESS
510825;510826;HAS_ADDRESS
510830;510831;HAS_ADDRESS
510835;510836;HAS_ADDRESS
510840;510841;HAS_ADDRESS
510845;510846;HAS_ADDRESS
510850;510851;HAS_ADDRESS
510855;510856;HAS_ADDRESS
510860;510861;HAS_ADDRESS
510865;510866;HAS_ADDRESS
510870;510871;HAS_ADDRESS
510875;510876;HAS_ADDRESS
510880;510881;HAS_ADDRESS
510885;510886;HAS_ADDRESS
510890;510891;HAS_ADDRESS
510895;510896;HAS_ADDRESS
510900;510901;HAS_ADDRESS
510905;510906;HAS_ADDRESS
510910;510911;HAS_ADDRESS
510915;510916;HAS_ADDRESS
510920;510921;HAS_ADDRESS
510925;510926;HAS_ADDRESS
510930;510931;HAS_ADDRESS
510935;510936;HAS_ADDRESS
510940;510941;HAS_ADDRESS
510945;510946;HAS_ADDRESS
510950;510951;HAS_ADDRESS
510955;510956;HAS_ADDRESS
510960;510961;HAS_ADDRESS
510965;510966;HAS_ADDRESS
510970;510971;HAS_ADDRESS
510975;510976;HAS_ADDRESS
510980;510981;HAS_ADDRESS
510985;510986;HAS_ADDRESS
510990;510991;HAS_ADDRESS
510995;510996;HAS_ADDRESS
511000;511001;HAS_ADDRESS
511005;511006;HAS_ADDRESS
511010;511011;HAS_ADDRESS
511015;511016;HAS_ADDRESS
511020;511021;HAS_ADDRESS
511025;511026;HAS_ADDRESS
511030;511031;HAS_ADDRESS
511035;511036;HAS_ADDRESS
511040;511041;HAS_ADDRESS
511045;511046;HAS_ADDRESS
511050;511051;HAS_ADDRESS
511055;511056;HAS_ADDRESS
511060;511061;HAS_ADDRESS
511065;511066;HAS_ADDRESS
511070;511071;HAS_ADDRESS
511075;511076;HAS_ADDRESS
511080;511081;HAS_ADDRESS
511085;511086;HAS_ADDRESS
511090;511091;HAS_ADDRESS
511095;511096;HAS_ADDRESS
511100;511101;HAS_ADDRESS
511105;511106;HAS_ADDRESS
511110;511111;HAS_ADDRESS
511115;511116;HAS_ADDRESS
511120;511121;HAS_ADDRESS
511125;511126;HAS_ADDRESS
511130;511131;HAS_ADDRESS
511135;511136;HAS_ADDRESS
511140;511141;HAS_ADDRESS
511145;511146;HAS_ADDRESS
511150;511151;HAS_ADDRESS
511155;511156;HAS_ADDRESS
511160;511161;HAS_ADDRESS
511165;511166;HAS_ADDRESS
511170;511171;HAS_ADDRESS
511175;511176;HAS_ADDRESS
511180;511181;HAS_ADDRESS
511185;511186;HAS_ADDRESS
511190;511191;HAS_ADDRESS
511195;511196;HAS_ADDRESS
511200;511201;HAS_ADDRESS
511205;511206;HAS_ADDRESS
511210;511211;HAS_ADDRESS
511215;511216;HAS_ADDRESS
511220;511221;HAS_ADDRESS
511225;511226;HAS_ADDRESS
511230;511231;HAS_ADDRESS
511235;511236;HAS_ADDRESS
511240;511241;HAS_ADDRESS
511245;511246;HAS_ADDRESS
511250;511251;HAS_ADDRESS
511255;511256;HAS_ADDRESS
511260;511261;HAS_ADDRESS
511265;511266;HAS_ADDRESS
511270;511271;HAS_ADDRESS
511275;511276;HAS_ADDRESS
511280;511281;HAS_ADDRESS
511285;511286;HAS_ADDRESS
511290;511291;HAS_ADDRESS
511295;511296;HAS_ADDRESS
511300;511301;HAS_ADDRESS
511305;511306;HAS_ADDRESS
511310;511311;HAS_ADDRESS
511315;511316;HAS_ADDRESS
511320;511321;HAS_ADDRESS
511325;511326;HAS_ADDRESS
511330;511331;HAS_ADDRESS
511335;511336;HAS_ADDRESS
511340;511341;HAS_ADDRESS
511345;511346;HAS_ADDRESS
511350;511351;HAS_ADDRESS
511355;511356;HAS_ADDRESS
511360;511361;HAS_ADDRESS
511365;511366;HAS_ADDRESS
511370;511371;HAS_ADDRESS
511375;511376;HAS_ADDRESS
511380;511381;HAS_ADDRESS
511385;511386;HAS_ADDRESS
511390;511391;HAS_ADDRESS
511395;511396;HAS_ADDRESS
511400;511401;HAS_ADDRESS
511405;511406;HAS_ADDRESS
511410;511411;HAS_ADDRESS
511415;511416;HAS_ADDRESS
511420;511421;HAS_ADDRESS
511425;511426;HAS_ADDRESS
511430;511431;HAS_ADDRESS
511435;511436;HAS_ADDRESS
511440;511441;HAS_ADDRESS
511445;511446;HAS_ADDRESS
511450;511451;HAS_ADDRESS
511455;511456;HAS_ADDRESS
511460;511461;HAS_ADDRESS
511465;511466;HAS_ADDRESS
511470;511471;HAS_ADDRESS
511475;511476;HAS_ADDRESS
511480;511481;HAS_ADDRESS
511485;511486;HAS_ADDRESS
511490;511491;HAS_ADDRESS
511495;511496;HAS_ADDRESS
511500;511501;HAS_ADDRESS
511505;511506;HAS_ADDRESS
511510;511511;HAS_ADDRESS
511515;511516;HAS_ADDRESS
511520;511521;HAS_ADDRESS
511525;511526;HAS_ADDRESS
511530;511531;HAS_ADDRESS
511535;511536;HAS_ADDRESS
511540;511541;HAS_ADDRESS
511545;511546;HAS_ADDRESS
511550;511551;HAS_ADDRESS
511555;511556;HAS_ADDRESS
511560;511561;HAS_ADDRESS
511565;511566;HAS_ADDRESS
511570;511571;HAS_ADDRESS
511575;511576;HAS_ADDRESS
511580;511581;HAS_ADDRESS
511585;511586;HAS_ADDRESS
511590;511591;HAS_ADDRESS
511595;511596;HAS_ADDRESS
511600;511601;HAS_ADDRESS
511605;511606;HAS_ADDRESS
511610;511611;HAS_ADDRESS
511615;511616;HAS_ADDRESS
511620;511621;HAS_ADDRESS
511625;511626;HAS_ADDRESS
511630;511631;HAS_ADDRESS
511635;511636;HAS_ADDRESS
511640;511641;HAS_ADDRESS
511645;511646;HAS_ADDRESS
511650;511651;HAS_ADDRESS
511655;511656;HAS_ADDRESS
511660;511661;HAS_ADDRESS
511665;511666;HAS_ADDRESS
511670;511671;HAS_ADDRESS
511675;511676;HAS_ADDRESS
511680;511681;HAS_ADDRESS
511685;511686;HAS_ADDRESS
511690;511691;HAS_ADDRESS
511695;511696;HAS_ADDRESS
511700;511701;HAS_ADDRESS
511705;511706;HAS_ADDRESS
511710;511711;HAS_ADDRESS
511715;511716;HAS_ADDRESS
511720;511721;HAS_ADDRESS
511725;511726;HAS_ADDRESS
511730;511731;HAS_ADDRESS
511735;511736;HAS_ADDRESS
511740;511741;HAS_ADDRESS
511745;511746;HAS_ADDRESS
511750;511751;HAS_ADDRESS
511755;511756;HAS_ADDRESS
511760;511761;HAS_ADDRESS
511765;511766;HAS_ADDRESS
511770;511771;HAS_ADDRESS
511775;511776;HAS_ADDRESS
511780;511781;HAS_ADDRESS
511785;511786;HAS_ADDRESS
511790;511791;HAS_ADDRESS
511795;511796;HAS_ADDRESS
511800;511801;HAS_ADDRESS
511805;511806;HAS_ADDRESS
511810;511811;HAS_ADDRESS
511815;511816;HAS_ADDRESS
511820;511821;HAS_ADDRESS
511825;511826;HAS_ADDRESS
511830;511831;HAS_ADDRESS
511835;511836;HAS_ADDRESS
511840;511841;HAS_ADDRESS
511845;511846;HAS_ADDRESS
511850;511851;HAS_ADDRESS
511855;511856;HAS_ADDRESS
511860;511861;HAS_ADDRESS
511865;511866;HAS_ADDRESS
511870;511871;HAS_ADDRESS
511875;511876;HAS_ADDRESS
511880;511881;HAS_ADDRESS
511885;511886;HAS_ADDRESS
511890;511891;HAS_ADDRESS
511895;511896;HAS_ADDRESS
511900;511901;HAS_ADDRESS
511905;511906;HAS_ADDRESS
511910;511911;HAS_ADDRESS
511915;511916;HAS_ADDRESS
511920;511921;HAS_ADDRESS
511925;511926;HAS_ADDRESS
511930;511931;HAS_ADDRESS
511935;511936;HAS_ADDRESS
511940;511941;HAS_ADDRESS
511945;511946;HAS_ADDRESS
511950;511951;HAS_ADDRESS
511955;511956;HAS_ADDRESS
511960;511961;HAS_ADDRESS
511965;511966;HAS_ADDRESS
511970;511971;HAS_ADDRESS
511975;511976;HAS_ADDRESS
511980;511981;HAS_ADDRESS
511985;511986;HAS_ADDRESS
511990;511991;HAS_ADDRESS
511995;511996;HAS_ADDRESS
512000;512001;HAS_ADDRESS
512005;512006;HAS_ADDRESS
512010;512011;HAS_ADDRESS
512015;512016;HAS_ADDRESS
512020;512021;HAS_ADDRESS
512025;512026;HAS_ADDRESS
512030;512031;HAS_ADDRESS
512035;512036;HAS_ADDRESS
512040;512041;HAS_ADDRESS
512045;512046;HAS_ADDRESS
512050;512051;HAS_ADDRESS
512055;512056;HAS_ADDRESS
512060;512061;HAS_ADDRESS
512065;512066;HAS_ADDRESS
512070;512071;HAS_ADDRESS
512075;512076;HAS_ADDRESS
512080;512081;HAS_ADDRESS
512085;512086;HAS_ADDRESS
512090;512091;HAS_ADDRESS
512095;512096;HAS_ADDRESS
512100;512101;HAS_ADDRESS
512105;512106;HAS_ADDRESS
512110;512111;HAS_ADDRESS
512115;512116;HAS_ADDRESS
512120;512121;HAS_ADDRESS
512125;512126;HAS_ADDRESS
512130;512131;HAS_ADDRESS
512135;512136;HAS_ADDRESS
512140;512141;HAS_ADDRESS
512145;512146;HAS_ADDRESS
512150;512151;HAS_ADDRESS
512155;512156;HAS_ADDRESS
512160;512161;HAS_ADDRESS
512165;512166;HAS_ADDRESS
512170;512171;HAS_ADDRESS
512175;512176;HAS_ADDRESS
512180;512181;HAS_ADDRESS
512185;512186;HAS_ADDRESS
512190;512191;HAS_ADDRESS
512195;512196;HAS_ADDRESS
512200;512201;HAS_ADDRESS
512205;512206;HAS_ADDRESS
512210;512211;HAS_ADDRESS
512215;512216;HAS_ADDRESS
512220;512221;HAS_ADDRESS
512225;512226;HAS_ADDRESS
512230;512231;HAS_ADDRESS
512235;512236;HAS_ADDRESS
512240;512241;HAS_ADDRESS
512245;512246;HAS_ADDRESS
512250;512251;HAS_ADDRESS
512255;512256;HAS_ADDRESS
512260;512261;HAS_ADDRESS
512265;512266;HAS_ADDRESS
512270;512271;HAS_ADDRESS
512275;512276;HAS_ADDRESS
512280;512281;HAS_ADDRESS
512285;512286;HAS_ADDRESS
512290;512291;HAS_ADDRESS
512295;512296;HAS_ADDRESS
512300;512301;HAS_ADDRESS
512305;512306;HAS_ADDRESS
512310;512311;HAS_ADDRESS
512315;512316;HAS_ADDRESS
512320;512321;HAS_ADDRESS
512325;512326;HAS_ADDRESS
512330;512331;HAS_ADDRESS
512335;512336;HAS_ADDRESS
512340;512341;HAS_ADDRESS
512345;512346;HAS_ADDRESS
512350;512351;HAS_ADDRESS
512355;512356;HAS_ADDRESS
512360;512361;HAS_ADDRESS
512365;512366;HAS_ADDRESS
512370;512371;HAS_ADDRESS
512375;512376;HAS_ADDRESS
512380;512381;HAS_ADDRESS
512385;512386;HAS_ADDRESS
512390;512391;HAS_ADDRESS
512395;512396;HAS_ADDRESS
512400;512401;HAS_ADDRESS
512405;512406;HAS_ADDRESS
512410;512411;HAS_ADDRESS
512415;512416;HAS_ADDRESS
512420;512421;HAS_ADDRESS
512425;512426;HAS_ADDRESS
512430;512431;HAS_ADDRESS
512435;512436;HAS_ADDRESS
512440;512441;HAS_ADDRESS
512445;512446;HAS_ADDRESS
512450;512451;HAS_ADDRESS
512455;512456;HAS_ADDRESS
512460;512461;HAS_ADDRESS
512465;512466;HAS_ADDRESS
512470;512471;HAS_ADDRESS
512475;512476;HAS_ADDRESS
512480;512481;HAS_ADDRESS
512485;512486;HAS_ADDRESS
512490;512491;HAS_ADDRESS
512495;512496;HAS_ADDRESS
512500;512501;HAS_ADDRESS
512505;512506;HAS_ADDRESS
512510;512511;HAS_ADDRESS
512515;512516;HAS_ADDRESS
512520;512521;HAS_ADDRESS
512525;512526;HAS_ADDRESS
512530;512531;HAS_ADDRESS
512535;512536;HAS_ADDRESS
512540;512541;HAS_ADDRESS
512545;512546;HAS_ADDRESS
512550;512551;HAS_ADDRESS
512555;512556;HAS_ADDRESS
512560;512561;HAS_ADDRESS
512565;512566;HAS_ADDRESS
512570;512571;HAS_ADDRESS
512575;512576;HAS_ADDRESS
512580;512581;HAS_ADDRESS
512585;512586;HAS_ADDRESS
512590;512591;HAS_ADDRESS
512595;512596;HAS_ADDRESS
512600;512601;HAS_ADDRESS
512605;512606;HAS_ADDRESS
512610;512611;HAS_ADDRESS
512615;512616;HAS_ADDRESS
512620;512621;HAS_ADDRESS
512625;512626;HAS_ADDRESS
512630;512631;HAS_ADDRESS
512635;512636;HAS_ADDRESS
512640;512641;HAS_ADDRESS
512645;512646;HAS_ADDRESS
512650;512651;HAS_ADDRESS
512655;512656;HAS_ADDRESS
512660;512661;HAS_ADDRESS
512665;512666;HAS_ADDRESS
512670;512671;HAS_ADDRESS
512675;512676;HAS_ADDRESS
512680;512681;HAS_ADDRESS
512685;512686;HAS_ADDRESS
512690;512691;HAS_ADDRESS
512695;512696;HAS_ADDRESS
512700;512701;HAS_ADDRESS
512705;512706;HAS_ADDRESS
512710;512711;HAS_ADDRESS
512715;512716;HAS_ADDRESS
512720;512721;HAS_ADDRESS
512725;512726;HAS_ADDRESS
512730;512731;HAS_ADDRESS
512735;512736;HAS_ADDRESS
512740;512741;HAS_ADDRESS
512745;512746;HAS_ADDRESS
512750;512751;HAS_ADDRESS
512755;512756;HAS_ADDRESS
512760;512761;HAS_ADDRESS
512765;512766;HAS_ADDRESS
512770;512771;HAS_ADDRESS
512775;512776;HAS_ADDRESS
512780;512781;HAS_ADDRESS
512785;512786;HAS_ADDRESS
512790;512791;HAS_ADDRESS
512795;512796;HAS_ADDRESS
512800;512801;HAS_ADDRESS
512805;512806;HAS_ADDRESS
512810;512811;HAS_ADDRESS
512815;512816;HAS_ADDRESS
512820;512821;HAS_ADDRESS
512825;512826;HAS_ADDRESS
512830;512831;HAS_ADDRESS
512835;512836;HAS_ADDRESS
512840;512841;HAS_ADDRESS
512845;512846;HAS_ADDRESS
512850;512851;HAS_ADDRESS
512855;512856;HAS_ADDRESS
512860;512861;HAS_ADDRESS
512865;512866;HAS_ADDRESS
512870;512871;HAS_ADDRESS
512875;512876;HAS_ADDRESS
512880;512881;HAS_ADDRESS
512885;512886;HAS_ADDRESS
512890;512891;HAS_ADDRESS
512895;512896;HAS_ADDRESS
512900;512901;HAS_ADDRESS
512905;512906;HAS_ADDRESS
512910;512911;HAS_ADDRESS
512915;512916;HAS_ADDRESS
512920;512921;HAS_ADDRESS
512925;512926;HAS_ADDRESS
512930;512931;HAS_ADDRESS
512935;512936;HAS_ADDRESS
512940;512941;HAS_ADDRESS
512945;512946;HAS_ADDRESS
512950;512951;HAS_ADDRESS
512955;512956;HAS_ADDRESS
512960;512961;HAS_ADDRESS
512965;512966;HAS_ADDRESS
512970;512971;HAS_ADDRESS
512975;512976;HAS_ADDRESS
512980;512981;HAS_ADDRESS
512985;512986;HAS_ADDRESS
512990;512991;HAS_ADDRESS
512995;512996;HAS_ADDRESS
513000;513001;HAS_ADDRESS
513005;513006;HAS_ADDRESS
513010;513011;HAS_ADDRESS
513015;513016;HAS_ADDRESS
513020;513021;HAS_ADDRESS
513025;513026;HAS_ADDRESS
513030;513031;HAS_ADDRESS
513035;513036;HAS_ADDRESS
513040;513041;HAS_ADDRESS
513045;513046;HAS_ADDRESS
513050;513051;HAS_ADDRESS
513055;513056;HAS_ADDRESS
513060;513061;HAS_ADDRESS
513065;513066;HAS_ADDRESS
513070;513071;HAS_ADDRESS
513075;513076;HAS_ADDRESS
513080;513081;HAS_ADDRESS
513085;513086;HAS_ADDRESS
513090;513091;HAS_ADDRESS
513095;513096;HAS_ADDRESS
513100;513101;HAS_ADDRESS
513105;513106;HAS_ADDRESS
513110;513111;HAS_ADDRESS
513115;513116;HAS_ADDRESS
513120;513121;HAS_ADDRESS
513125;513126;HAS_ADDRESS
513130;513131;HAS_ADDRESS
513135;513136;HAS_ADDRESS
513140;513141;HAS_ADDRESS
513145;513146;HAS_ADDRESS
513150;513151;HAS_ADDRESS
513155;513156;HAS_ADDRESS
513160;513161;HAS_ADDRESS
513165;513166;HAS_ADDRESS
513170;513171;HAS_ADDRESS
513175;513176;HAS_ADDRESS
513180;513181;HAS_ADDRESS
513185;513186;HAS_ADDRESS
513190;513191;HAS_ADDRESS
513195;513196;HAS_ADDRESS
513200;513201;HAS_ADDRESS
513205;513206;HAS_ADDRESS
513210;513211;HAS_ADDRESS
513215;513216;HAS_ADDRESS
513220;513221;HAS_ADDRESS
513225;513226;HAS_ADDRESS
513230;513231;HAS_ADDRESS
513235;513236;HAS_ADDRESS
513240;513241;HAS_ADDRESS
513245;513246;HAS_ADDRESS
513250;513251;HAS_ADDRESS
513255;513256;HAS_ADDRESS
513260;513261;HAS_ADDRESS
513265;513266;HAS_ADDRESS
513270;513271;HAS_ADDRESS
513275;513276;HAS_ADDRESS
513280;513281;HAS_ADDRESS
513285;513286;HAS_ADDRESS
513290;513291;HAS_ADDRESS
513295;513296;HAS_ADDRESS
513300;513301;HAS_ADDRESS
513305;513306;HAS_ADDRESS
513310;513311;HAS_ADDRESS
513315;513316;HAS_ADDRESS
513320;513321;HAS_ADDRESS
513325;513326;HAS_ADDRESS
513330;513331;HAS_ADDRESS
513335;513336;HAS_ADDRESS
513340;513341;HAS_ADDRESS
513345;513346;HAS_ADDRESS
513350;513351;HAS_ADDRESS
513355;513356;HAS_ADDRESS
513360;513361;HAS_ADDRESS
513365;513366;HAS_ADDRESS
513370;513371;HAS_ADDRESS
513375;513376;HAS_ADDRESS
513380;513381;HAS_ADDRESS
513385;513386;HAS_ADDRESS
513390;513391;HAS_ADDRESS
513395;513396;HAS_ADDRESS
513400;513401;HAS_ADDRESS
513405;513406;HAS_ADDRESS
513410;513411;HAS_ADDRESS
513415;513416;HAS_ADDRESS
513420;513421;HAS_ADDRESS
513425;513426;HAS_ADDRESS
513430;513431;HAS_ADDRESS
513435;513436;HAS_ADDRESS
513440;513441;HAS_ADDRESS
513445;513446;HAS_ADDRESS
513450;513451;HAS_ADDRESS
513455;513456;HAS_ADDRESS
513460;513461;HAS_ADDRESS
513465;513466;HAS_ADDRESS
513470;513471;HAS_ADDRESS
513475;513476;HAS_ADDRESS
513480;513481;HAS_ADDRESS
513485;513486;HAS_ADDRESS
513490;513491;HAS_ADDRESS
513495;513496;HAS_ADDRESS
513500;513501;HAS_ADDRESS
513505;513506;HAS_ADDRESS
513510;513511;HAS_ADDRESS
513515;513516;HAS_ADDRESS
513520;513521;HAS_ADDRESS
513525;513526;HAS_ADDRESS
513530;513531;HAS_ADDRESS
513535;513536;HAS_ADDRESS
513540;513541;HAS_ADDRESS
513545;513546;HAS_ADDRESS
513550;513551;HAS_ADDRESS
513555;513556;HAS_ADDRESS
513560;513561;HAS_ADDRESS
513565;513566;HAS_ADDRESS
513570;513571;HAS_ADDRESS
513575;513576;HAS_ADDRESS
513580;513581;HAS_ADDRESS
513585;513586;HAS_ADDRESS
513590;513591;HAS_ADDRESS
513595;513596;HAS_ADDRESS
513600;513601;HAS_ADDRESS
513605;513606;HAS_ADDRESS
513610;513611;HAS_ADDRESS
513615;513616;HAS_ADDRESS
513620;513621;HAS_ADDRESS
513625;513626;HAS_ADDRESS
513630;513631;HAS_ADDRESS
513635;513636;HAS_ADDRESS
513640;513641;HAS_ADDRESS
513645;513646;HAS_ADDRESS
513650;513651;HAS_ADDRESS
513655;513656;HAS_ADDRESS
513660;513661;HAS_ADDRESS
513665;513666;HAS_ADDRESS
513670;513671;HAS_ADDRESS
513675;513676;HAS_ADDRESS
513680;513681;HAS_ADDRESS
513685;513686;HAS_ADDRESS
513690;513691;HAS_ADDRESS
513695;513696;HAS_ADDRESS
513700;513701;HAS_ADDRESS
513705;513706;HAS_ADDRESS
513710;513711;HAS_ADDRESS
513715;513716;HAS_ADDRESS
513720;513721;HAS_ADDRESS
513725;513726;HAS_ADDRESS
513730;513731;HAS_ADDRESS
513735;513736;HAS_ADDRESS
513740;513741;HAS_ADDRESS
513745;513746;HAS_ADDRESS
513750;513751;HAS_ADDRESS
513755;513756;HAS_ADDRESS
513760;513761;HAS_ADDRESS
513765;513766;HAS_ADDRESS
513770;513771;HAS_ADDRESS
513775;513776;HAS_ADDRESS
513780;513781;HAS_ADDRESS
513785;513786;HAS_ADDRESS
513790;513791;HAS_ADDRESS
513795;513796;HAS_ADDRESS
513800;513801;HAS_ADDRESS
513805;513806;HAS_ADDRESS
513810;513811;HAS_ADDRESS
513815;513816;HAS_ADDRESS
513820;513821;HAS_ADDRESS
513825;513826;HAS_ADDRESS
513830;513831;HAS_ADDRESS
513835;513836;HAS_ADDRESS
513840;513841;HAS_ADDRESS
513845;513846;HAS_ADDRESS
513850;513851;HAS_ADDRESS
513855;513856;HAS_ADDRESS
513860;513861;HAS_ADDRESS
513865;513866;HAS_ADDRESS
513870;513871;HAS_ADDRESS
513875;513876;HAS_ADDRESS
513880;513881;HAS_ADDRESS
513885;513886;HAS_ADDRESS
513890;513891;HAS_ADDRESS
513895;513896;HAS_ADDRESS
513900;513901;HAS_ADDRESS
513905;513906;HAS_ADDRESS
513910;513911;HAS_ADDRESS
513915;513916;HAS_ADDRESS
513920;513921;HAS_ADDRESS
513925;513926;HAS_ADDRESS
513930;513931;HAS_ADDRESS
513935;513936;HAS_ADDRESS
513940;513941;HAS_ADDRESS
513945;513946;HAS_ADDRESS
513950;513951;HAS_ADDRESS
513955;513956;HAS_ADDRESS
513960;513961;HAS_ADDRESS
513965;513966;HAS_ADDRESS
513970;513971;HAS_ADDRESS
513975;513976;HAS_ADDRESS
513980;513981;HAS_ADDRESS
513985;513986;HAS_ADDRESS
513990;513991;HAS_ADDRESS
513995;513996;HAS_ADDRESS
514000;514001;HAS_ADDRESS
514005;514006;HAS_ADDRESS
514010;514011;HAS_ADDRESS
514015;514016;HAS_ADDRESS
514020;514021;HAS_ADDRESS
514025;514026;HAS_ADDRESS
514030;514031;HAS_ADDRESS
514035;514036;HAS_ADDRESS
514040;514041;HAS_ADDRESS
514045;514046;HAS_ADDRESS
514050;514051;HAS_ADDRESS
514055;514056;HAS_ADDRESS
514060;514061;HAS_ADDRESS
514065;514066;HAS_ADDRESS
514070;514071;HAS_ADDRESS
514075;514076;HAS_ADDRESS
514080;514081;HAS_ADDRESS
514085;514086;HAS_ADDRESS
514090;514091;HAS_ADDRESS
514095;514096;HAS_ADDRESS
514100;514101;HAS_ADDRESS
514105;514106;HAS_ADDRESS
514110;514111;HAS_ADDRESS
514115;514116;HAS_ADDRESS
514120;514121;HAS_ADDRESS
514125;514126;HAS_ADDRESS
514130;514131;HAS_ADDRESS
514135;514136;HAS_ADDRESS
514140;514141;HAS_ADDRESS
514145;514146;HAS_ADDRESS
514150;514151;HAS_ADDRESS
514155;514156;HAS_ADDRESS
514160;514161;HAS_ADDRESS
514165;514166;HAS_ADDRESS
514170;514171;HAS_ADDRESS
514175;514176;HAS_ADDRESS
514180;514181;HAS_ADDRESS
514185;514186;HAS_ADDRESS
514190;514191;HAS_ADDRESS
514195;514196;HAS_ADDRESS
514200;514201;HAS_ADDRESS
514205;514206;HAS_ADDRESS
514210;514211;HAS_ADDRESS
514215;514216;HAS_ADDRESS
514220;514221;HAS_ADDRESS
514225;514226;HAS_ADDRESS
514230;514231;HAS_ADDRESS
514235;514236;HAS_ADDRESS
514240;514241;HAS_ADDRESS
514245;514246;HAS_ADDRESS
514250;514251;HAS_ADDRESS
514255;514256;HAS_ADDRESS
514260;514261;HAS_ADDRESS
514265;514266;HAS_ADDRESS
514270;514271;HAS_ADDRESS
514275;514276;HAS_ADDRESS
514280;514281;HAS_ADDRESS
514285;514286;HAS_ADDRESS
514290;514291;HAS_ADDRESS
514295;514296;HAS_ADDRESS
514300;514301;HAS_ADDRESS
514305;514306;HAS_ADDRESS
514310;514311;HAS_ADDRESS
514315;514316;HAS_ADDRESS
514320;514321;HAS_ADDRESS
514325;514326;HAS_ADDRESS
514330;514331;HAS_ADDRESS
514335;514336;HAS_ADDRESS
514340;514341;HAS_ADDRESS
514345;514346;HAS_ADDRESS
514350;514351;HAS_ADDRESS
514355;514356;HAS_ADDRESS
514360;514361;HAS_ADDRESS
514365;514366;HAS_ADDRESS
514370;514371;HAS_ADDRESS
514375;514376;HAS_ADDRESS
514380;514381;HAS_ADDRESS
514385;514386;HAS_ADDRESS
514390;514391;HAS_ADDRESS
514395;514396;HAS_ADDRESS
514400;514401;HAS_ADDRESS
514405;514406;HAS_ADDRESS
514410;514411;HAS_ADDRESS
514415;514416;HAS_ADDRESS
514420;514421;HAS_ADDRESS
514425;514426;HAS_ADDRESS
514430;514431;HAS_ADDRESS
514435;514436;HAS_ADDRESS
514440;514441;HAS_ADDRESS
514445;514446;HAS_ADDRESS
514450;514451;HAS_ADDRESS
514455;514456;HAS_ADDRESS
514460;514461;HAS_ADDRESS
514465;514466;HAS_ADDRESS
514470;514471;HAS_ADDRESS
514475;514476;HAS_ADDRESS
514480;514481;HAS_ADDRESS
514485;514486;HAS_ADDRESS
514490;514491;HAS_ADDRESS
514495;514496;HAS_ADDRESS
514500;514501;HAS_ADDRESS
514505;514506;HAS_ADDRESS
514510;514511;HAS_ADDRESS
514515;514516;HAS_ADDRESS
514520;514521;HAS_ADDRESS
514525;514526;HAS_ADDRESS
514530;514531;HAS_ADDRESS
514535;514536;HAS_ADDRESS
514540;514541;HAS_ADDRESS
514545;514546;HAS_ADDRESS
514550;514551;HAS_ADDRESS
514555;514556;HAS_ADDRESS
514560;514561;HAS_ADDRESS
514565;514566;HAS_ADDRESS
514570;514571;HAS_ADDRESS
514575;514576;HAS_ADDRESS
514580;514581;HAS_ADDRESS
514585;514586;HAS_ADDRESS
514590;514591;HAS_ADDRESS
514595;514596;HAS_ADDRESS
514600;514601;HAS_ADDRESS
514605;514606;HAS_ADDRESS
514610;514611;HAS_ADDRESS
514615;514616;HAS_ADDRESS
514620;514621;HAS_ADDRESS
514625;514626;HAS_ADDRESS
514630;514631;HAS_ADDRESS
514635;514636;HAS_ADDRESS
514640;514641;HAS_ADDRESS
514645;514646;HAS_ADDRESS
514650;514651;HAS_ADDRESS
514655;514656;HAS_ADDRESS
514660;514661;HAS_ADDRESS
514665;514666;HAS_ADDRESS
514670;514671;HAS_ADDRESS
514675;514676;HAS_ADDRESS
514680;514681;HAS_ADDRESS
514685;514686;HAS_ADDRESS
514690;514691;HAS_ADDRESS
514695;514696;HAS_ADDRESS
514700;514701;HAS_ADDRESS
514705;514706;HAS_ADDRESS
514710;514711;HAS_ADDRESS
514715;514716;HAS_ADDRESS
514720;514721;HAS_ADDRESS
514725;514726;HAS_ADDRESS
514730;514731;HAS_ADDRESS
514735;514736;HAS_ADDRESS
514740;514741;HAS_ADDRESS
514745;514746;HAS_ADDRESS
514750;514751;HAS_ADDRESS
514755;514756;HAS_ADDRESS
514760;514761;HAS_ADDRESS
514765;514766;HAS_ADDRESS
514770;514771;HAS_ADDRESS
514775;514776;HAS_ADDRESS
514780;514781;HAS_ADDRESS
514785;514786;HAS_ADDRESS
514790;514791;HAS_ADDRESS
514795;514796;HAS_ADDRESS
514800;514801;HAS_ADDRESS
514805;514806;HAS_ADDRESS
514810;514811;HAS_ADDRESS
514815;514816;HAS_ADDRESS
514820;514821;HAS_ADDRESS
514825;514826;HAS_ADDRESS
514830;514831;HAS_ADDRESS
514835;514836;HAS_ADDRESS
514840;514841;HAS_ADDRESS
514845;514846;HAS_ADDRESS
514850;514851;HAS_ADDRESS
514855;514856;HAS_ADDRESS
514860;514861;HAS_ADDRESS
514865;514866;HAS_ADDRESS
514870;514871;HAS_ADDRESS
514875;514876;HAS_ADDRESS
514880;514881;HAS_ADDRESS
514885;514886;HAS_ADDRESS
514890;514891;HAS_ADDRESS
514895;514896;HAS_ADDRESS
514900;514901;HAS_ADDRESS
514905;514906;HAS_ADDRESS
514910;514911;HAS_ADDRESS
514915;514916;HAS_ADDRESS
514920;514921;HAS_ADDRESS
514925;514926;HAS_ADDRESS
514930;514931;HAS_ADDRESS
514935;514936;HAS_ADDRESS
514940;514941;HAS_ADDRESS
514945;514946;HAS_ADDRESS
514950;514951;HAS_ADDRESS
514955;514956;HAS_ADDRESS
514960;514961;HAS_ADDRESS
514965;514966;HAS_ADDRESS
514970;514971;HAS_ADDRESS
514975;514976;HAS_ADDRESS
514980;514981;HAS_ADDRESS
514985;514986;HAS_ADDRESS
514990;514991;HAS_ADDRESS
514995;514996;HAS_ADDRESS
515000;515001;HAS_ADDRESS
515005;515006;HAS_ADDRESS
515010;515011;HAS_ADDRESS
515015;515016;HAS_ADDRESS
515020;515021;HAS_ADDRESS
515025;515026;HAS_ADDRESS
515030;515031;HAS_ADDRESS
515035;515036;HAS_ADDRESS
515040;515041;HAS_ADDRESS
515045;515046;HAS_ADDRESS
515050;515051;HAS_ADDRESS
515055;515056;HAS_ADDRESS
515060;515061;HAS_ADDRESS
515065;515066;HAS_ADDRESS
515070;515071;HAS_ADDRESS
515075;515076;HAS_ADDRESS
515080;515081;HAS_ADDRESS
515085;515086;HAS_ADDRESS
515090;515091;HAS_ADDRESS
515095;515096;HAS_ADDRESS
515100;515101;HAS_ADDRESS
515105;515106;HAS_ADDRESS
515110;515111;HAS_ADDRESS
515115;515116;HAS_ADDRESS
515120;515121;HAS_ADDRESS
515125;515126;HAS_ADDRESS
515130;515131;HAS_ADDRESS
515135;515136;HAS_ADDRESS
515140;515141;HAS_ADDRESS
515145;515146;HAS_ADDRESS
515150;515151;HAS_ADDRESS
515155;515156;HAS_ADDRESS
515160;515161;HAS_ADDRESS
515165;515166;HAS_ADDRESS
515170;515171;HAS_ADDRESS
515175;515176;HAS_ADDRESS
515180;515181;HAS_ADDRESS
515185;515186;HAS_ADDRESS
515190;515191;HAS_ADDRESS
515195;515196;HAS_ADDRESS
515200;515201;HAS_ADDRESS
515205;515206;HAS_ADDRESS
515210;515211;HAS_ADDRESS
515215;515216;HAS_ADDRESS
515220;515221;HAS_ADDRESS
515225;515226;HAS_ADDRESS
515230;515231;HAS_ADDRESS
515235;515236;HAS_ADDRESS
515240;515241;HAS_ADDRESS
515245;515246;HAS_ADDRESS
515250;515251;HAS_ADDRESS
515255;515256;HAS_ADDRESS
515260;515261;HAS_ADDRESS
515265;515266;HAS_ADDRESS
515270;515271;HAS_ADDRESS
515275;515276;HAS_ADDRESS
515280;515281;HAS_ADDRESS
515285;515286;HAS_ADDRESS
515290;515291;HAS_ADDRESS
515295;515296;HAS_ADDRESS
515300;515301;HAS_ADDRESS
515305;515306;HAS_ADDRESS
515310;515311;HAS_ADDRESS
515315;515316;HAS_ADDRESS
515320;515321;HAS_ADDRESS
515325;515326;HAS_ADDRESS
515330;515331;HAS_ADDRESS
515335;515336;HAS_ADDRESS
515340;515341;HAS_ADDRESS
515345;515346;HAS_ADDRESS
515350;515351;HAS_ADDRESS
515355;515356;HAS_ADDRESS
515360;515361;HAS_ADDRESS
515365;515366;HAS_ADDRESS
515370;515371;HAS_ADDRESS
515375;515376;HAS_ADDRESS
515380;515381;HAS_ADDRESS
515385;515386;HAS_ADDRESS
515390;515391;HAS_ADDRESS
515395;515396;HAS_ADDRESS
515400;515401;HAS_ADDRESS
515405;515406;HAS_ADDRESS
515410;515411;HAS_ADDRESS
515415;515416;HAS_ADDRESS
515420;515421;HAS_ADDRESS
515425;515426;HAS_ADDRESS
515430;515431;HAS_ADDRESS
515435;515436;HAS_ADDRESS
515440;515441;HAS_ADDRESS
515445;515446;HAS_ADDRESS
515450;515451;HAS_ADDRESS
515455;515456;HAS_ADDRESS
515460;515461;HAS_ADDRESS
515465;515466;HAS_ADDRESS
515470;515471;HAS_ADDRESS
515475;515476;HAS_ADDRESS
515480;515481;HAS_ADDRESS
515485;515486;HAS_ADDRESS
515490;515491;HAS_ADDRESS
515495;515496;HAS_ADDRESS
515500;515501;HAS_ADDRESS
515505;515506;HAS_ADDRESS
515510;515511;HAS_ADDRESS
515515;515516;HAS_ADDRESS
515520;515521;HAS_ADDRESS
515525;515526;HAS_ADDRESS
515530;515531;HAS_ADDRESS
515535;515536;HAS_ADDRESS
515540;515541;HAS_ADDRESS
515545;515546;HAS_ADDRESS
515550;515551;HAS_ADDRESS
515555;515556;HAS_ADDRESS
515560;515561;HAS_ADDRESS
515565;515566;HAS_ADDRESS
515570;515571;HAS_ADDRESS
515575;515576;HAS_ADDRESS
515580;515581;HAS_ADDRESS
515585;515586;HAS_ADDRESS
515590;515591;HAS_ADDRESS
515595;515596;HAS_ADDRESS
515600;515601;HAS_ADDRESS
515605;515606;HAS_ADDRESS
515610;515611;HAS_ADDRESS
515615;515616;HAS_ADDRESS
515620;515621;HAS_ADDRESS
515625;515626;HAS_ADDRESS
515630;515631;HAS_ADDRESS
515635;515636;HAS_ADDRESS
515640;515641;HAS_ADDRESS
515645;515646;HAS_ADDRESS
515650;515651;HAS_ADDRESS
515655;515656;HAS_ADDRESS
515660;515661;HAS_ADDRESS
515665;515666;HAS_ADDRESS
515670;515671;HAS_ADDRESS
515675;515676;HAS_ADDRESS
515680;515681;HAS_ADDRESS
515685;515686;HAS_ADDRESS
515690;515691;HAS_ADDRESS
515695;515696;HAS_ADDRESS
515700;515701;HAS_ADDRESS
515705;515706;HAS_ADDRESS
515710;515711;HAS_ADDRESS
515715;515716;HAS_ADDRESS
515720;515721;HAS_ADDRESS
515725;515726;HAS_ADDRESS
515730;515731;HAS_ADDRESS
515735;515736;HAS_ADDRESS
515740;515741;HAS_ADDRESS
515745;515746;HAS_ADDRESS
515750;515751;HAS_ADDRESS
515755;515756;HAS_ADDRESS
515760;515761;HAS_ADDRESS
515765;515766;HAS_ADDRESS
515770;515771;HAS_ADDRESS
515775;515776;HAS_ADDRESS
515780;515781;HAS_ADDRESS
515785;515786;HAS_ADDRESS
515790;515791;HAS_ADDRESS
515795;515796;HAS_ADDRESS
515800;515801;HAS_ADDRESS
515805;515806;HAS_ADDRESS
515810;515811;HAS_ADDRESS
515815;515816;HAS_ADDRESS
515820;515821;HAS_ADDRESS
515825;515826;HAS_ADDRESS
515830;515831;HAS_ADDRESS
515835;515836;HAS_ADDRESS
515840;515841;HAS_ADDRESS
515845;515846;HAS_ADDRESS
515850;515851;HAS_ADDRESS
515855;515856;HAS_ADDRESS
515860;515861;HAS_ADDRESS
515865;515866;HAS_ADDRESS
515870;515871;HAS_ADDRESS
515875;515876;HAS_ADDRESS
515880;515881;HAS_ADDRESS
515885;515886;HAS_ADDRESS
515890;515891;HAS_ADDRESS
515895;515896;HAS_ADDRESS
515900;515901;HAS_ADDRESS
515905;515906;HAS_ADDRESS
515910;515911;HAS_ADDRESS
515915;515916;HAS_ADDRESS
515920;515921;HAS_ADDRESS
515925;515926;HAS_ADDRESS
515930;515931;HAS_ADDRESS
515935;515936;HAS_ADDRESS
515940;515941;HAS_ADDRESS
515945;515946;HAS_ADDRESS
515950;515951;HAS_ADDRESS
515955;515956;HAS_ADDRESS
515960;515961;HAS_ADDRESS
515965;515966;HAS_ADDRESS
515970;515971;HAS_ADDRESS
515975;515976;HAS_ADDRESS
515980;515981;HAS_ADDRESS
515985;515986;HAS_ADDRESS
515990;515991;HAS_ADDRESS
515995;515996;HAS_ADDRESS
516000;516001;HAS_ADDRESS
516005;516006;HAS_ADDRESS
516010;516011;HAS_ADDRESS
516015;516016;HAS_ADDRESS
516020;516021;HAS_ADDRESS
516025;516026;HAS_ADDRESS
516030;516031;HAS_ADDRESS
516035;516036;HAS_ADDRESS
516040;516041;HAS_ADDRESS
516045;516046;HAS_ADDRESS
516050;516051;HAS_ADDRESS
516055;516056;HAS_ADDRESS
516060;516061;HAS_ADDRESS
516065;516066;HAS_ADDRESS
516070;516071;HAS_ADDRESS
516075;516076;HAS_ADDRESS
516080;516081;HAS_ADDRESS
516085;516086;HAS_ADDRESS
516090;516091;HAS_ADDRESS
516095;516096;HAS_ADDRESS
516100;516101;HAS_ADDRESS
516105;516106;HAS_ADDRESS
516110;516111;HAS_ADDRESS
516115;516116;HAS_ADDRESS
516120;516121;HAS_ADDRESS
516125;516126;HAS_ADDRESS
516130;516131;HAS_ADDRESS
516135;516136;HAS_ADDRESS
516140;516141;HAS_ADDRESS
516145;516146;HAS_ADDRESS
516150;516151;HAS_ADDRESS
516155;516156;HAS_ADDRESS
516160;516161;HAS_ADDRESS
516165;516166;HAS_ADDRESS
516170;516171;HAS_ADDRESS
516175;516176;HAS_ADDRESS
516180;516181;HAS_ADDRESS
516185;516186;HAS_ADDRESS
516190;516191;HAS_ADDRESS
516195;516196;HAS_ADDRESS
516200;516201;HAS_ADDRESS
516205;516206;HAS_ADDRESS
516210;516211;HAS_ADDRESS
516215;516216;HAS_ADDRESS
516220;516221;HAS_ADDRESS
516225;516226;HAS_ADDRESS
516230;516231;HAS_ADDRESS
516235;516236;HAS_ADDRESS
516240;516241;HAS_ADDRESS
516245;516246;HAS_ADDRESS
516250;516251;HAS_ADDRESS
516255;516256;HAS_ADDRESS
516260;516261;HAS_ADDRESS
516265;516266;HAS_ADDRESS
516270;516271;HAS_ADDRESS
516275;516276;HAS_ADDRESS
516280;516281;HAS_ADDRESS
516285;516286;HAS_ADDRESS
516290;516291;HAS_ADDRESS
516295;516296;HAS_ADDRESS
516300;516301;HAS_ADDRESS
516305;516306;HAS_ADDRESS
516310;516311;HAS_ADDRESS
516315;516316;HAS_ADDRESS
516320;516321;HAS_ADDRESS
516325;516326;HAS_ADDRESS
516330;516331;HAS_ADDRESS
516335;516336;HAS_ADDRESS
516340;516341;HAS_ADDRESS
516345;516346;HAS_ADDRESS
516350;516351;HAS_ADDRESS
516355;516356;HAS_ADDRESS
516360;516361;HAS_ADDRESS
516365;516366;HAS_ADDRESS
516370;516371;HAS_ADDRESS
516375;516376;HAS_ADDRESS
516380;516381;HAS_ADDRESS
516385;516386;HAS_ADDRESS
516390;516391;HAS_ADDRESS
516395;516396;HAS_ADDRESS
516400;516401;HAS_ADDRESS
516405;516406;HAS_ADDRESS
516410;516411;HAS_ADDRESS
516415;516416;HAS_ADDRESS
516420;516421;HAS_ADDRESS
516425;516426;HAS_ADDRESS
516430;516431;HAS_ADDRESS
516435;516436;HAS_ADDRESS
516440;516441;HAS_ADDRESS
516445;516446;HAS_ADDRESS
516450;516451;HAS_ADDRESS
516455;516456;HAS_ADDRESS
516460;516461;HAS_ADDRESS
516465;516466;HAS_ADDRESS
516470;516471;HAS_ADDRESS
516475;516476;HAS_ADDRESS
516480;516481;HAS_ADDRESS
516485;516486;HAS_ADDRESS
516490;516491;HAS_ADDRESS
516495;516496;HAS_ADDRESS
516500;516501;HAS_ADDRESS
516505;516506;HAS_ADDRESS
516510;516511;HAS_ADDRESS
516515;516516;HAS_ADDRESS
516520;516521;HAS_ADDRESS
516525;516526;HAS_ADDRESS
516530;516531;HAS_ADDRESS
516535;516536;HAS_ADDRESS
516540;516541;HAS_ADDRESS
516545;516546;HAS_ADDRESS
516550;516551;HAS_ADDRESS
516555;516556;HAS_ADDRESS
516560;516561;HAS_ADDRESS
516565;516566;HAS_ADDRESS
516570;516571;HAS_ADDRESS
516575;516576;HAS_ADDRESS
516580;516581;HAS_ADDRESS
516585;516586;HAS_ADDRESS
516590;516591;HAS_ADDRESS
516595;516596;HAS_ADDRESS
516600;516601;HAS_ADDRESS
516605;516606;HAS_ADDRESS
516610;516611;HAS_ADDRESS
516615;516616;HAS_ADDRESS
516620;516621;HAS_ADDRESS
516625;516626;HAS_ADDRESS
516630;516631;HAS_ADDRESS
516635;516636;HAS_ADDRESS
516640;516641;HAS_ADDRESS
516645;516646;HAS_ADDRESS
516650;516651;HAS_ADDRESS
516655;516656;HAS_ADDRESS
516660;516661;HAS_ADDRESS
516665;516666;HAS_ADDRESS
516670;516671;HAS_ADDRESS
516675;516676;HAS_ADDRESS
516680;516681;HAS_ADDRESS
516685;516686;HAS_ADDRESS
516690;516691;HAS_ADDRESS
516695;516696;HAS_ADDRESS
516700;516701;HAS_ADDRESS
516705;516706;HAS_ADDRESS
516710;516711;HAS_ADDRESS
516715;516716;HAS_ADDRESS
516720;516721;HAS_ADDRESS
516725;516726;HAS_ADDRESS
516730;516731;HAS_ADDRESS
516735;516736;HAS_ADDRESS
516740;516741;HAS_ADDRESS
516745;516746;HAS_ADDRESS
516750;516751;HAS_ADDRESS
516755;516756;HAS_ADDRESS
516760;516761;HAS_ADDRESS
516765;516766;HAS_ADDRESS
516770;516771;HAS_ADDRESS
516775;516776;HAS_ADDRESS
516780;516781;HAS_ADDRESS
516785;516786;HAS_ADDRESS
516790;516791;HAS_ADDRESS
516795;516796;HAS_ADDRESS
516800;516801;HAS_ADDRESS
516805;516806;HAS_ADDRESS
516810;516811;HAS_ADDRESS
516815;516816;HAS_ADDRESS
516820;516821;HAS_ADDRESS
516825;516826;HAS_ADDRESS
516830;516831;HAS_ADDRESS
516835;516836;HAS_ADDRESS
516840;516841;HAS_ADDRESS
516845;516846;HAS_ADDRESS
516850;516851;HAS_ADDRESS
516855;516856;HAS_ADDRESS
516860;516861;HAS_ADDRESS
516865;516866;HAS_ADDRESS
516870;516871;HAS_ADDRESS
516875;516876;HAS_ADDRESS
516880;516881;HAS_ADDRESS
516885;516886;HAS_ADDRESS
516890;516891;HAS_ADDRESS
516895;516896;HAS_ADDRESS
516900;516901;HAS_ADDRESS
516905;516906;HAS_ADDRESS
516910;516911;HAS_ADDRESS
516915;516916;HAS_ADDRESS
516920;516921;HAS_ADDRESS
516925;516926;HAS_ADDRESS
516930;516931;HAS_ADDRESS
516935;516936;HAS_ADDRESS
516940;516941;HAS_ADDRESS
516945;516946;HAS_ADDRESS
516950;516951;HAS_ADDRESS
516955;516956;HAS_ADDRESS
516960;516961;HAS_ADDRESS
516965;516966;HAS_ADDRESS
516970;516971;HAS_ADDRESS
516975;516976;HAS_ADDRESS
516980;516981;HAS_ADDRESS
516985;516986;HAS_ADDRESS
516990;516991;HAS_ADDRESS
516995;516996;HAS_ADDRESS
517000;517001;HAS_ADDRESS
517005;517006;HAS_ADDRESS
517010;517011;HAS_ADDRESS
517015;517016;HAS_ADDRESS
517020;517021;HAS_ADDRESS
517025;517026;HAS_ADDRESS
517030;517031;HAS_ADDRESS
517035;517036;HAS_ADDRESS
517040;517041;HAS_ADDRESS
517045;517046;HAS_ADDRESS
517050;517051;HAS_ADDRESS
517055;517056;HAS_ADDRESS
517060;517061;HAS_ADDRESS
517065;517066;HAS_ADDRESS
517070;517071;HAS_ADDRESS
517075;517076;HAS_ADDRESS
517080;517081;HAS_ADDRESS
517085;517086;HAS_ADDRESS
517090;517091;HAS_ADDRESS
517095;517096;HAS_ADDRESS
517100;517101;HAS_ADDRESS
517105;517106;HAS_ADDRESS
517110;517111;HAS_ADDRESS
517115;517116;HAS_ADDRESS
517120;517121;HAS_ADDRESS
517125;517126;HAS_ADDRESS
517130;517131;HAS_ADDRESS
517135;517136;HAS_ADDRESS
517140;517141;HAS_ADDRESS
517145;517146;HAS_ADDRESS
517150;517151;HAS_ADDRESS
517155;517156;HAS_ADDRESS
517160;517161;HAS_ADDRESS
517165;517166;HAS_ADDRESS
517170;517171;HAS_ADDRESS
517175;517176;HAS_ADDRESS
517180;517181;HAS_ADDRESS
517185;517186;HAS_ADDRESS
517190;517191;HAS_ADDRESS
517195;517196;HAS_ADDRESS
517200;517201;HAS_ADDRESS
517205;517206;HAS_ADDRESS
517210;517211;HAS_ADDRESS
517215;517216;HAS_ADDRESS
517220;517221;HAS_ADDRESS
517225;517226;HAS_ADDRESS
517230;517231;HAS_ADDRESS
517235;517236;HAS_ADDRESS
517240;517241;HAS_ADDRESS
517245;517246;HAS_ADDRESS
517250;517251;HAS_ADDRESS
517255;517256;HAS_ADDRESS
517260;517261;HAS_ADDRESS
517265;517266;HAS_ADDRESS
517270;517271;HAS_ADDRESS
517275;517276;HAS_ADDRESS
517280;517281;HAS_ADDRESS
517285;517286;HAS_ADDRESS
517290;517291;HAS_ADDRESS
517295;517296;HAS_ADDRESS
517300;517301;HAS_ADDRESS
517305;517306;HAS_ADDRESS
517310;517311;HAS_ADDRESS
517315;517316;HAS_ADDRESS
517320;517321;HAS_ADDRESS
517325;517326;HAS_ADDRESS
517330;517331;HAS_ADDRESS
517335;517336;HAS_ADDRESS
517340;517341;HAS_ADDRESS
517345;517346;HAS_ADDRESS
517350;517351;HAS_ADDRESS
517355;517356;HAS_ADDRESS
517360;517361;HAS_ADDRESS
517365;517366;HAS_ADDRESS
517370;517371;HAS_ADDRESS
517375;517376;HAS_ADDRESS
517380;517381;HAS_ADDRESS
517385;517386;HAS_ADDRESS
517390;517391;HAS_ADDRESS
517395;517396;HAS_ADDRESS
517400;517401;HAS_ADDRESS
517405;517406;HAS_ADDRESS
517410;517411;HAS_ADDRESS
517415;517416;HAS_ADDRESS
517420;517421;HAS_ADDRESS
517425;517426;HAS_ADDRESS
517430;517431;HAS_ADDRESS
517435;517436;HAS_ADDRESS
517440;517441;HAS_ADDRESS
517445;517446;HAS_ADDRESS
517450;517451;HAS_ADDRESS
517455;517456;HAS_ADDRESS
517460;517461;HAS_ADDRESS
517465;517466;HAS_ADDRESS
517470;517471;HAS_ADDRESS
517475;517476;HAS_ADDRESS
517480;517481;HAS_ADDRESS
517485;517486;HAS_ADDRESS
517490;517491;HAS_ADDRESS
517495;517496;HAS_ADDRESS
517500;517501;HAS_ADDRESS
517505;517506;HAS_ADDRESS
517510;517511;HAS_ADDRESS
517515;517516;HAS_ADDRESS
517520;517521;HAS_ADDRESS
517525;517526;HAS_ADDRESS
517530;517531;HAS_ADDRESS
517535;517536;HAS_ADDRESS
517540;517541;HAS_ADDRESS
517545;517546;HAS_ADDRESS
517550;517551;HAS_ADDRESS
517555;517556;HAS_ADDRESS
517560;517561;HAS_ADDRESS
517565;517566;HAS_ADDRESS
517570;517571;HAS_ADDRESS
517575;517576;HAS_ADDRESS
517580;517581;HAS_ADDRESS
517585;517586;HAS_ADDRESS
517590;517591;HAS_ADDRESS
517595;517596;HAS_ADDRESS
517600;517601;HAS_ADDRESS
517605;517606;HAS_ADDRESS
517610;517611;HAS_ADDRESS
517615;517616;HAS_ADDRESS
517620;517621;HAS_ADDRESS
517625;517626;HAS_ADDRESS
517630;517631;HAS_ADDRESS
517635;517636;HAS_ADDRESS
517640;517641;HAS_ADDRESS
517645;517646;HAS_ADDRESS
517650;517651;HAS_ADDRESS
517655;517656;HAS_ADDRESS
517660;517661;HAS_ADDRESS
517665;517666;HAS_ADDRESS
517670;517671;HAS_ADDRESS
517675;517676;HAS_ADDRESS
517680;517681;HAS_ADDRESS
517685;517686;HAS_ADDRESS
517690;517691;HAS_ADDRESS
517695;517696;HAS_ADDRESS
517700;517701;HAS_ADDRESS
517705;517706;HAS_ADDRESS
517710;517711;HAS_ADDRESS
517715;517716;HAS_ADDRESS
517720;517721;HAS_ADDRESS
517725;517726;HAS_ADDRESS
517730;517731;HAS_ADDRESS
517735;517736;HAS_ADDRESS
517740;517741;HAS_ADDRESS
517745;517746;HAS_ADDRESS
517750;517751;HAS_ADDRESS
517755;517756;HAS_ADDRESS
517760;517761;HAS_ADDRESS
517765;517766;HAS_ADDRESS
517770;517771;HAS_ADDRESS
517775;517776;HAS_ADDRESS
517780;517781;HAS_ADDRESS
517785;517786;HAS_ADDRESS
517790;517791;HAS_ADDRESS
517795;517796;HAS_ADDRESS
517800;517801;HAS_ADDRESS
517805;517806;HAS_ADDRESS
517810;517811;HAS_ADDRESS
517815;517816;HAS_ADDRESS
517820;517821;HAS_ADDRESS
517825;517826;HAS_ADDRESS
517830;517831;HAS_ADDRESS
517835;517836;HAS_ADDRESS
517840;517841;HAS_ADDRESS
517845;517846;HAS_ADDRESS
517850;517851;HAS_ADDRESS
517855;517856;HAS_ADDRESS
517860;517861;HAS_ADDRESS
517865;517866;HAS_ADDRESS
517870;517871;HAS_ADDRESS
517875;517876;HAS_ADDRESS
517880;517881;HAS_ADDRESS
517885;517886;HAS_ADDRESS
517890;517891;HAS_ADDRESS
517895;517896;HAS_ADDRESS
517900;517901;HAS_ADDRESS
517905;517906;HAS_ADDRESS
517910;517911;HAS_ADDRESS
517915;517916;HAS_ADDRESS
517920;517921;HAS_ADDRESS
517925;517926;HAS_ADDRESS
517930;517931;HAS_ADDRESS
517935;517936;HAS_ADDRESS
517940;517941;HAS_ADDRESS
517945;517946;HAS_ADDRESS
517950;517951;HAS_ADDRESS
517955;517956;HAS_ADDRESS
517960;517961;HAS_ADDRESS
517965;517966;HAS_ADDRESS
517970;517971;HAS_ADDRESS
517975;517976;HAS_ADDRESS
517980;517981;HAS_ADDRESS
517985;517986;HAS_ADDRESS
517990;517991;HAS_ADDRESS
517995;517996;HAS_ADDRESS
518000;518001;HAS_ADDRESS
518005;518006;HAS_ADDRESS
518010;518011;HAS_ADDRESS
518015;518016;HAS_ADDRESS
518020;518021;HAS_ADDRESS
518025;518026;HAS_ADDRESS
518030;518031;HAS_ADDRESS
518035;518036;HAS_ADDRESS
518040;518041;HAS_ADDRESS
518045;518046;HAS_ADDRESS
518050;518051;HAS_ADDRESS
518055;518056;HAS_ADDRESS
518060;518061;HAS_ADDRESS
518065;518066;HAS_ADDRESS
518070;518071;HAS_ADDRESS
518075;518076;HAS_ADDRESS
518080;518081;HAS_ADDRESS
518085;518086;HAS_ADDRESS
518090;518091;HAS_ADDRESS
518095;518096;HAS_ADDRESS
518100;518101;HAS_ADDRESS
518105;518106;HAS_ADDRESS
518110;518111;HAS_ADDRESS
518115;518116;HAS_ADDRESS
518120;518121;HAS_ADDRESS
518125;518126;HAS_ADDRESS
518130;518131;HAS_ADDRESS
518135;518136;HAS_ADDRESS
518140;518141;HAS_ADDRESS
518145;518146;HAS_ADDRESS
518150;518151;HAS_ADDRESS
518155;518156;HAS_ADDRESS
518160;518161;HAS_ADDRESS
518165;518166;HAS_ADDRESS
518170;518171;HAS_ADDRESS
518175;518176;HAS_ADDRESS
518180;518181;HAS_ADDRESS
518185;518186;HAS_ADDRESS
518190;518191;HAS_ADDRESS
518195;518196;HAS_ADDRESS
518200;518201;HAS_ADDRESS
518205;518206;HAS_ADDRESS
518210;518211;HAS_ADDRESS
518215;518216;HAS_ADDRESS
518220;518221;HAS_ADDRESS
518225;518226;HAS_ADDRESS
518230;518231;HAS_ADDRESS
518235;518236;HAS_ADDRESS
518240;518241;HAS_ADDRESS
518245;518246;HAS_ADDRESS
518250;518251;HAS_ADDRESS
518255;518256;HAS_ADDRESS
518260;518261;HAS_ADDRESS
518265;518266;HAS_ADDRESS
518270;518271;HAS_ADDRESS
518275;518276;HAS_ADDRESS
518280;518281;HAS_ADDRESS
518285;518286;HAS_ADDRESS
518290;518291;HAS_ADDRESS
518295;518296;HAS_ADDRESS
518300;518301;HAS_ADDRESS
518305;518306;HAS_ADDRESS
518310;518311;HAS_ADDRESS
518315;518316;HAS_ADDRESS
518320;518321;HAS_ADDRESS
518325;518326;HAS_ADDRESS
518330;518331;HAS_ADDRESS
518335;518336;HAS_ADDRESS
518340;518341;HAS_ADDRESS
518345;518346;HAS_ADDRESS
518350;518351;HAS_ADDRESS
518355;518356;HAS_ADDRESS
518360;518361;HAS_ADDRESS
518365;518366;HAS_ADDRESS
518370;518371;HAS_ADDRESS
518375;518376;HAS_ADDRESS
518380;518381;HAS_ADDRESS
518385;518386;HAS_ADDRESS
518390;518391;HAS_ADDRESS
518395;518396;HAS_ADDRESS
518400;518401;HAS_ADDRESS
518405;518406;HAS_ADDRESS
518410;518411;HAS_ADDRESS
518415;518416;HAS_ADDRESS
518420;518421;HAS_ADDRESS
518425;518426;HAS_ADDRESS
518430;518431;HAS_ADDRESS
518435;518436;HAS_ADDRESS
518440;518441;HAS_ADDRESS
518445;518446;HAS_ADDRESS
518450;518451;HAS_ADDRESS
518455;518456;HAS_ADDRESS
518460;518461;HAS_ADDRESS
518465;518466;HAS_ADDRESS
518470;518471;HAS_ADDRESS
518475;518476;HAS_ADDRESS
518480;518481;HAS_ADDRESS
518485;518486;HAS_ADDRESS
518490;518491;HAS_ADDRESS
518495;518496;HAS_ADDRESS
518500;518501;HAS_ADDRESS
518505;518506;HAS_ADDRESS
518510;518511;HAS_ADDRESS
518515;518516;HAS_ADDRESS
518520;518521;HAS_ADDRESS
518525;518526;HAS_ADDRESS
518530;518531;HAS_ADDRESS
518535;518536;HAS_ADDRESS
518540;518541;HAS_ADDRESS
518545;518546;HAS_ADDRESS
518550;518551;HAS_ADDRESS
518555;518556;HAS_ADDRESS
518560;518561;HAS_ADDRESS
518565;518566;HAS_ADDRESS
518570;518571;HAS_ADDRESS
518575;518576;HAS_ADDRESS
518580;518581;HAS_ADDRESS
518585;518586;HAS_ADDRESS
518590;518591;HAS_ADDRESS
518595;518596;HAS_ADDRESS
518600;518601;HAS_ADDRESS
518605;518606;HAS_ADDRESS
518610;518611;HAS_ADDRESS
518615;518616;HAS_ADDRESS
518620;518621;HAS_ADDRESS
518625;518626;HAS_ADDRESS
518630;518631;HAS_ADDRESS
518635;518636;HAS_ADDRESS
518640;518641;HAS_ADDRESS
518645;518646;HAS_ADDRESS
518650;518651;HAS_ADDRESS
518655;518656;HAS_ADDRESS
518660;518661;HAS_ADDRESS
518665;518666;HAS_ADDRESS
518670;518671;HAS_ADDRESS
518675;518676;HAS_ADDRESS
518680;518681;HAS_ADDRESS
518685;518686;HAS_ADDRESS
518690;518691;HAS_ADDRESS
518695;518696;HAS_ADDRESS
518700;518701;HAS_ADDRESS
518705;518706;HAS_ADDRESS
518710;518711;HAS_ADDRESS
518715;518716;HAS_ADDRESS
518720;518721;HAS_ADDRESS
518725;518726;HAS_ADDRESS
518730;518731;HAS_ADDRESS
518735;518736;HAS_ADDRESS
518740;518741;HAS_ADDRESS
518745;518746;HAS_ADDRESS
518750;518751;HAS_ADDRESS
518755;518756;HAS_ADDRESS
518760;518761;HAS_ADDRESS
518765;518766;HAS_ADDRESS
518770;518771;HAS_ADDRESS
518775;518776;HAS_ADDRESS
518780;518781;HAS_ADDRESS
518785;518786;HAS_ADDRESS
518790;518791;HAS_ADDRESS
518795;518796;HAS_ADDRESS
518800;518801;HAS_ADDRESS
518805;518806;HAS_ADDRESS
518810;518811;HAS_ADDRESS
518815;518816;HAS_ADDRESS
518820;518821;HAS_ADDRESS
518825;518826;HAS_ADDRESS
518830;518831;HAS_ADDRESS
518835;518836;HAS_ADDRESS
518840;518841;HAS_ADDRESS
518845;518846;HAS_ADDRESS
518850;518851;HAS_ADDRESS
518855;518856;HAS_ADDRESS
518860;518861;HAS_ADDRESS
518865;518866;HAS_ADDRESS
518870;518871;HAS_ADDRESS
518875;518876;HAS_ADDRESS
518880;518881;HAS_ADDRESS
518885;518886;HAS_ADDRESS
518890;518891;HAS_ADDRESS
518895;518896;HAS_ADDRESS
518900;518901;HAS_ADDRESS
518905;518906;HAS_ADDRESS
518910;518911;HAS_ADDRESS
518915;518916;HAS_ADDRESS
518920;518921;HAS_ADDRESS
518925;518926;HAS_ADDRESS
518930;518931;HAS_ADDRESS
518935;518936;HAS_ADDRESS
518940;518941;HAS_ADDRESS
518945;518946;HAS_ADDRESS
518950;518951;HAS_ADDRESS
518955;518956;HAS_ADDRESS
518960;518961;HAS_ADDRESS
518965;518966;HAS_ADDRESS
518970;518971;HAS_ADDRESS
518975;518976;HAS_ADDRESS
518980;518981;HAS_ADDRESS
518985;518986;HAS_ADDRESS
518990;518991;HAS_ADDRESS
518995;518996;HAS_ADDRESS
519000;519001;HAS_ADDRESS
519005;519006;HAS_ADDRESS
519010;519011;HAS_ADDRESS
519015;519016;HAS_ADDRESS
519020;519021;HAS_ADDRESS
519025;519026;HAS_ADDRESS
519030;519031;HAS_ADDRESS
519035;519036;HAS_ADDRESS
519040;519041;HAS_ADDRESS
519045;519046;HAS_ADDRESS
519050;519051;HAS_ADDRESS
519055;519056;HAS_ADDRESS
519060;519061;HAS_ADDRESS
519065;519066;HAS_ADDRESS
519070;519071;HAS_ADDRESS
519075;519076;HAS_ADDRESS
519080;519081;HAS_ADDRESS
519085;519086;HAS_ADDRESS
519090;519091;HAS_ADDRESS
519095;519096;HAS_ADDRESS
519100;519101;HAS_ADDRESS
519105;519106;HAS_ADDRESS
519110;519111;HAS_ADDRESS
519115;519116;HAS_ADDRESS
519120;519121;HAS_ADDRESS
519125;519126;HAS_ADDRESS
519130;519131;HAS_ADDRESS
519135;519136;HAS_ADDRESS
519140;519141;HAS_ADDRESS
519145;519146;HAS_ADDRESS
519150;519151;HAS_ADDRESS
519155;519156;HAS_ADDRESS
519160;519161;HAS_ADDRESS
519165;519166;HAS_ADDRESS
519170;519171;HAS_ADDRESS
519175;519176;HAS_ADDRESS
519180;519181;HAS_ADDRESS
519185;519186;HAS_ADDRESS
519190;519191;HAS_ADDRESS
519195;519196;HAS_ADDRESS
519200;519201;HAS_ADDRESS
519205;519206;HAS_ADDRESS
519210;519211;HAS_ADDRESS
519215;519216;HAS_ADDRESS
519220;519221;HAS_ADDRESS
519225;519226;HAS_ADDRESS
519230;519231;HAS_ADDRESS
519235;519236;HAS_ADDRESS
519240;519241;HAS_ADDRESS
519245;519246;HAS_ADDRESS
519250;519251;HAS_ADDRESS
519255;519256;HAS_ADDRESS
519260;519261;HAS_ADDRESS
519265;519266;HAS_ADDRESS
519270;519271;HAS_ADDRESS
519275;519276;HAS_ADDRESS
519280;519281;HAS_ADDRESS
519285;519286;HAS_ADDRESS
519290;519291;HAS_ADDRESS
519295;519296;HAS_ADDRESS
519300;519301;HAS_ADDRESS
519305;519306;HAS_ADDRESS
519310;519311;HAS_ADDRESS
519315;519316;HAS_ADDRESS
519320;519321;HAS_ADDRESS
519325;519326;HAS_ADDRESS
519330;519331;HAS_ADDRESS
519335;519336;HAS_ADDRESS
519340;519341;HAS_ADDRESS
519345;519346;HAS_ADDRESS
519350;519351;HAS_ADDRESS
519355;519356;HAS_ADDRESS
519360;519361;HAS_ADDRESS
519365;519366;HAS_ADDRESS
519370;519371;HAS_ADDRESS
519375;519376;HAS_ADDRESS
519380;519381;HAS_ADDRESS
519385;519386;HAS_ADDRESS
519390;519391;HAS_ADDRESS
519395;519396;HAS_ADDRESS
519400;519401;HAS_ADDRESS
519405;519406;HAS_ADDRESS
519410;519411;HAS_ADDRESS
519415;519416;HAS_ADDRESS
519420;519421;HAS_ADDRESS
519425;519426;HAS_ADDRESS
519430;519431;HAS_ADDRESS
519435;519436;HAS_ADDRESS
519440;519441;HAS_ADDRESS
519445;519446;HAS_ADDRESS
519450;519451;HAS_ADDRESS
519455;519456;HAS_ADDRESS
519460;519461;HAS_ADDRESS
519465;519466;HAS_ADDRESS
519470;519471;HAS_ADDRESS
519475;519476;HAS_ADDRESS
519480;519481;HAS_ADDRESS
519485;519486;HAS_ADDRESS
519490;519491;HAS_ADDRESS
519495;519496;HAS_ADDRESS
519500;519501;HAS_ADDRESS
519505;519506;HAS_ADDRESS
519510;519511;HAS_ADDRESS
519515;519516;HAS_ADDRESS
519520;519521;HAS_ADDRESS
519525;519526;HAS_ADDRESS
519530;519531;HAS_ADDRESS
519535;519536;HAS_ADDRESS
519540;519541;HAS_ADDRESS
519545;519546;HAS_ADDRESS
519550;519551;HAS_ADDRESS
519555;519556;HAS_ADDRESS
519560;519561;HAS_ADDRESS
519565;519566;HAS_ADDRESS
519570;519571;HAS_ADDRESS
519575;519576;HAS_ADDRESS
519580;519581;HAS_ADDRESS
519585;519586;HAS_ADDRESS
519590;519591;HAS_ADDRESS
519595;519596;HAS_ADDRESS
519600;519601;HAS_ADDRESS
519605;519606;HAS_ADDRESS
519610;519611;HAS_ADDRESS
519615;519616;HAS_ADDRESS
519620;519621;HAS_ADDRESS
519625;519626;HAS_ADDRESS
519630;519631;HAS_ADDRESS
519635;519636;HAS_ADDRESS
519640;519641;HAS_ADDRESS
519645;519646;HAS_ADDRESS
519650;519651;HAS_ADDRESS
519655;519656;HAS_ADDRESS
519660;519661;HAS_ADDRESS
519665;519666;HAS_ADDRESS
519670;519671;HAS_ADDRESS
519675;519676;HAS_ADDRESS
519680;519681;HAS_ADDRESS
519685;519686;HAS_ADDRESS
519690;519691;HAS_ADDRESS
519695;519696;HAS_ADDRESS
519700;519701;HAS_ADDRESS
519705;519706;HAS_ADDRESS
519710;519711;HAS_ADDRESS
519715;519716;HAS_ADDRESS
519720;519721;HAS_ADDRESS
519725;519726;HAS_ADDRESS
519730;519731;HAS_ADDRESS
519735;519736;HAS_ADDRESS
519740;519741;HAS_ADDRESS
519745;519746;HAS_ADDRESS
519750;519751;HAS_ADDRESS
519755;519756;HAS_ADDRESS
519760;519761;HAS_ADDRESS
519765;519766;HAS_ADDRESS
519770;519771;HAS_ADDRESS
519775;519776;HAS_ADDRESS
519780;519781;HAS_ADDRESS
519785;519786;HAS_ADDRESS
519790;519791;HAS_ADDRESS
519795;519796;HAS_ADDRESS
519800;519801;HAS_ADDRESS
519805;519806;HAS_ADDRESS
519810;519811;HAS_ADDRESS
519815;519816;HAS_ADDRESS
519820;519821;HAS_ADDRESS
519825;519826;HAS_ADDRESS
519830;519831;HAS_ADDRESS
519835;519836;HAS_ADDRESS
519840;519841;HAS_ADDRESS
519845;519846;HAS_ADDRESS
519850;519851;HAS_ADDRESS
519855;519856;HAS_ADDRESS
519860;519861;HAS_ADDRESS
519865;519866;HAS_ADDRESS
519870;519871;HAS_ADDRESS
519875;519876;HAS_ADDRESS
519880;519881;HAS_ADDRESS
519885;519886;HAS_ADDRESS
519890;519891;HAS_ADDRESS
519895;519896;HAS_ADDRESS
519900;519901;HAS_ADDRESS
519905;519906;HAS_ADDRESS
519910;519911;HAS_ADDRESS
519915;519916;HAS_ADDRESS
519920;519921;HAS_ADDRESS
519925;519926;HAS_ADDRESS
519930;519931;HAS_ADDRESS
519935;519936;HAS_ADDRESS
519940;519941;HAS_ADDRESS
519945;519946;HAS_ADDRESS
519950;519951;HAS_ADDRESS
519955;519956;HAS_ADDRESS
519960;519961;HAS_ADDRESS
519965;519966;HAS_ADDRESS
519970;519971;HAS_ADDRESS
519975;519976;HAS_ADDRESS
519980;519981;HAS_ADDRESS
519985;519986;HAS_ADDRESS
519990;519991;HAS_ADDRESS
519995;519996;HAS_ADDRESS
520000;520001;HAS_ADDRESS
520005;520006;HAS_ADDRESS
520010;520011;HAS_ADDRESS
520015;520016;HAS_ADDRESS
520020;520021;HAS_ADDRESS
520025;520026;HAS_ADDRESS
520030;520031;HAS_ADDRESS
520035;520036;HAS_ADDRESS
520040;520041;HAS_ADDRESS
520045;520046;HAS_ADDRESS
520050;520051;HAS_ADDRESS
520055;520056;HAS_ADDRESS
520060;520061;HAS_ADDRESS
520065;520066;HAS_ADDRESS
520070;520071;HAS_ADDRESS
520075;520076;HAS_ADDRESS
520080;520081;HAS_ADDRESS
520085;520086;HAS_ADDRESS
520090;520091;HAS_ADDRESS
520095;520096;HAS_ADDRESS
520100;520101;HAS_ADDRESS
520105;520106;HAS_ADDRESS
520110;520111;HAS_ADDRESS
520115;520116;HAS_ADDRESS
520120;520121;HAS_ADDRESS
520125;520126;HAS_ADDRESS
520130;520131;HAS_ADDRESS
520135;520136;HAS_ADDRESS
520140;520141;HAS_ADDRESS
520145;520146;HAS_ADDRESS
520150;520151;HAS_ADDRESS
520155;520156;HAS_ADDRESS
520160;520161;HAS_ADDRESS
520165;520166;HAS_ADDRESS
520170;520171;HAS_ADDRESS
520175;520176;HAS_ADDRESS
520180;520181;HAS_ADDRESS
520185;520186;HAS_ADDRESS
520190;520191;HAS_ADDRESS
520195;520196;HAS_ADDRESS
520200;520201;HAS_ADDRESS
520205;520206;HAS_ADDRESS
520210;520211;HAS_ADDRESS
520215;520216;HAS_ADDRESS
520220;520221;HAS_ADDRESS
520225;520226;HAS_ADDRESS
520230;520231;HAS_ADDRESS
520235;520236;HAS_ADDRESS
520240;520241;HAS_ADDRESS
520245;520246;HAS_ADDRESS
520250;520251;HAS_ADDRESS
520255;520256;HAS_ADDRESS
520260;520261;HAS_ADDRESS
520265;520266;HAS_ADDRESS
520270;520271;HAS_ADDRESS
520275;520276;HAS_ADDRESS
520280;520281;HAS_ADDRESS
520285;520286;HAS_ADDRESS
520290;520291;HAS_ADDRESS
520295;520296;HAS_ADDRESS
520300;520301;HAS_ADDRESS
520305;520306;HAS_ADDRESS
520310;520311;HAS_ADDRESS
520315;520316;HAS_ADDRESS
520320;520321;HAS_ADDRESS
520325;520326;HAS_ADDRESS
520330;520331;HAS_ADDRESS
520335;520336;HAS_ADDRESS
520340;520341;HAS_ADDRESS
520345;520346;HAS_ADDRESS
520350;520351;HAS_ADDRESS
520355;520356;HAS_ADDRESS
520360;520361;HAS_ADDRESS
520365;520366;HAS_ADDRESS
520370;520371;HAS_ADDRESS
520375;520376;HAS_ADDRESS
520380;520381;HAS_ADDRESS
520385;520386;HAS_ADDRESS
520390;520391;HAS_ADDRESS
520395;520396;HAS_ADDRESS
520400;520401;HAS_ADDRESS
520405;520406;HAS_ADDRESS
520410;520411;HAS_ADDRESS
520415;520416;HAS_ADDRESS
520420;520421;HAS_ADDRESS
520425;520426;HAS_ADDRESS
520430;520431;HAS_ADDRESS
520435;520436;HAS_ADDRESS
520440;520441;HAS_ADDRESS
520445;520446;HAS_ADDRESS
520450;520451;HAS_ADDRESS
520455;520456;HAS_ADDRESS
520460;520461;HAS_ADDRESS
520465;520466;HAS_ADDRESS
520470;520471;HAS_ADDRESS
520475;520476;HAS_ADDRESS
520480;520481;HAS_ADDRESS
520485;520486;HAS_ADDRESS
520490;520491;HAS_ADDRESS
520495;520496;HAS_ADDRESS
520500;520501;HAS_ADDRESS
520505;520506;HAS_ADDRESS
520510;520511;HAS_ADDRESS
520515;520516;HAS_ADDRESS
520520;520521;HAS_ADDRESS
520525;520526;HAS_ADDRESS
520530;520531;HAS_ADDRESS
520535;520536;HAS_ADDRESS
520540;520541;HAS_ADDRESS
520545;520546;HAS_ADDRESS
520550;520551;HAS_ADDRESS
520555;520556;HAS_ADDRESS
520560;520561;HAS_ADDRESS
520565;520566;HAS_ADDRESS
520570;520571;HAS_ADDRESS
520575;520576;HAS_ADDRESS
520580;520581;HAS_ADDRESS
520585;520586;HAS_ADDRESS
520590;520591;HAS_ADDRESS
520595;520596;HAS_ADDRESS
520600;520601;HAS_ADDRESS
520605;520606;HAS_ADDRESS
520610;520611;HAS_ADDRESS
520615;520616;HAS_ADDRESS
520620;520621;HAS_ADDRESS
520625;520626;HAS_ADDRESS
520630;520631;HAS_ADDRESS
520635;520636;HAS_ADDRESS
520640;520641;HAS_ADDRESS
520645;520646;HAS_ADDRESS
520650;520651;HAS_ADDRESS
520655;520656;HAS_ADDRESS
520660;520661;HAS_ADDRESS
520665;520666;HAS_ADDRESS
520670;520671;HAS_ADDRESS
520675;520676;HAS_ADDRESS
520680;520681;HAS_ADDRESS
520685;520686;HAS_ADDRESS
520690;520691;HAS_ADDRESS
520695;520696;HAS_ADDRESS
520700;520701;HAS_ADDRESS
520705;520706;HAS_ADDRESS
520710;520711;HAS_ADDRESS
520715;520716;HAS_ADDRESS
520720;520721;HAS_ADDRESS
520725;520726;HAS_ADDRESS
520730;520731;HAS_ADDRESS
520735;520736;HAS_ADDRESS
520740;520741;HAS_ADDRESS
520745;520746;HAS_ADDRESS
520750;520751;HAS_ADDRESS
520755;520756;HAS_ADDRESS
520760;520761;HAS_ADDRESS
520765;520766;HAS_ADDRESS
520770;520771;HAS_ADDRESS
520775;520776;HAS_ADDRESS
520780;520781;HAS_ADDRESS
520785;520786;HAS_ADDRESS
520790;520791;HAS_ADDRESS
520795;520796;HAS_ADDRESS
520800;520801;HAS_ADDRESS
520805;520806;HAS_ADDRESS
520810;520811;HAS_ADDRESS
520815;520816;HAS_ADDRESS
520820;520821;HAS_ADDRESS
520825;520826;HAS_ADDRESS
520830;520831;HAS_ADDRESS
520835;520836;HAS_ADDRESS
520840;520841;HAS_ADDRESS
520845;520846;HAS_ADDRESS
520850;520851;HAS_ADDRESS
520855;520856;HAS_ADDRESS
520860;520861;HAS_ADDRESS
520865;520866;HAS_ADDRESS
520870;520871;HAS_ADDRESS
520875;520876;HAS_ADDRESS
520880;520881;HAS_ADDRESS
520885;520886;HAS_ADDRESS
520890;520891;HAS_ADDRESS
520895;520896;HAS_ADDRESS
520900;520901;HAS_ADDRESS
520905;520906;HAS_ADDRESS
520910;520911;HAS_ADDRESS
520915;520916;HAS_ADDRESS
520920;520921;HAS_ADDRESS
520925;520926;HAS_ADDRESS
520930;520931;HAS_ADDRESS
520935;520936;HAS_ADDRESS
520940;520941;HAS_ADDRESS
520945;520946;HAS_ADDRESS
520950;520951;HAS_ADDRESS
520955;520956;HAS_ADDRESS
520960;520961;HAS_ADDRESS
520965;520966;HAS_ADDRESS
520970;520971;HAS_ADDRESS
520975;520976;HAS_ADDRESS
520980;520981;HAS_ADDRESS
520985;520986;HAS_ADDRESS
520990;520991;HAS_ADDRESS
520995;520996;HAS_ADDRESS
521000;521001;HAS_ADDRESS
521005;521006;HAS_ADDRESS
521010;521011;HAS_ADDRESS
521015;521016;HAS_ADDRESS
521020;521021;HAS_ADDRESS
521025;521026;HAS_ADDRESS
521030;521031;HAS_ADDRESS
521035;521036;HAS_ADDRESS
521040;521041;HAS_ADDRESS
521045;521046;HAS_ADDRESS
521050;521051;HAS_ADDRESS
521055;521056;HAS_ADDRESS
521060;521061;HAS_ADDRESS
521065;521066;HAS_ADDRESS
521070;521071;HAS_ADDRESS
521075;521076;HAS_ADDRESS
521080;521081;HAS_ADDRESS
521085;521086;HAS_ADDRESS
521090;521091;HAS_ADDRESS
521095;521096;HAS_ADDRESS
521100;521101;HAS_ADDRESS
521105;521106;HAS_ADDRESS
521110;521111;HAS_ADDRESS
521115;521116;HAS_ADDRESS
521120;521121;HAS_ADDRESS
521125;521126;HAS_ADDRESS
521130;521131;HAS_ADDRESS
521135;521136;HAS_ADDRESS
521140;521141;HAS_ADDRESS
521145;521146;HAS_ADDRESS
521150;521151;HAS_ADDRESS
521155;521156;HAS_ADDRESS
521160;521161;HAS_ADDRESS
521165;521166;HAS_ADDRESS
521170;521171;HAS_ADDRESS
521175;521176;HAS_ADDRESS
521180;521181;HAS_ADDRESS
521185;521186;HAS_ADDRESS
521190;521191;HAS_ADDRESS
521195;521196;HAS_ADDRESS
521200;521201;HAS_ADDRESS
521205;521206;HAS_ADDRESS
521210;521211;HAS_ADDRESS
521215;521216;HAS_ADDRESS
521220;521221;HAS_ADDRESS
521225;521226;HAS_ADDRESS
521230;521231;HAS_ADDRESS
521235;521236;HAS_ADDRESS
521240;521241;HAS_ADDRESS
521245;521246;HAS_ADDRESS
521250;521251;HAS_ADDRESS
521255;521256;HAS_ADDRESS
521260;521261;HAS_ADDRESS
521265;521266;HAS_ADDRESS
521270;521271;HAS_ADDRESS
521275;521276;HAS_ADDRESS
521280;521281;HAS_ADDRESS
521285;521286;HAS_ADDRESS
521290;521291;HAS_ADDRESS
521295;521296;HAS_ADDRESS
521300;521301;HAS_ADDRESS
521305;521306;HAS_ADDRESS
521310;521311;HAS_ADDRESS
521315;521316;HAS_ADDRESS
521320;521321;HAS_ADDRESS
521325;521326;HAS_ADDRESS
521330;521331;HAS_ADDRESS
521335;521336;HAS_ADDRESS
521340;521341;HAS_ADDRESS
521345;521346;HAS_ADDRESS
521350;521351;HAS_ADDRESS
521355;521356;HAS_ADDRESS
521360;521361;HAS_ADDRESS
521365;521366;HAS_ADDRESS
521370;521371;HAS_ADDRESS
521375;521376;HAS_ADDRESS
521380;521381;HAS_ADDRESS
521385;521386;HAS_ADDRESS
521390;521391;HAS_ADDRESS
521395;521396;HAS_ADDRESS
521400;521401;HAS_ADDRESS
521405;521406;HAS_ADDRESS
521410;521411;HAS_ADDRESS
521415;521416;HAS_ADDRESS
521420;521421;HAS_ADDRESS
521425;521426;HAS_ADDRESS
521430;521431;HAS_ADDRESS
521435;521436;HAS_ADDRESS
521440;521441;HAS_ADDRESS
521445;521446;HAS_ADDRESS
521450;521451;HAS_ADDRESS
521455;521456;HAS_ADDRESS
521460;521461;HAS_ADDRESS
521465;521466;HAS_ADDRESS
521470;521471;HAS_ADDRESS
521475;521476;HAS_ADDRESS
521480;521481;HAS_ADDRESS
521485;521486;HAS_ADDRESS
521490;521491;HAS_ADDRESS
521495;521496;HAS_ADDRESS
521500;521501;HAS_ADDRESS
521505;521506;HAS_ADDRESS
521510;521511;HAS_ADDRESS
521515;521516;HAS_ADDRESS
521520;521521;HAS_ADDRESS
521525;521526;HAS_ADDRESS
521530;521531;HAS_ADDRESS
521535;521536;HAS_ADDRESS
521540;521541;HAS_ADDRESS
521545;521546;HAS_ADDRESS
521550;521551;HAS_ADDRESS
521555;521556;HAS_ADDRESS
521560;521561;HAS_ADDRESS
521565;521566;HAS_ADDRESS
521570;521571;HAS_ADDRESS
521575;521576;HAS_ADDRESS
521580;521581;HAS_ADDRESS
521585;521586;HAS_ADDRESS
521590;521591;HAS_ADDRESS
521595;521596;HAS_ADDRESS
521600;521601;HAS_ADDRESS
521605;521606;HAS_ADDRESS
521610;521611;HAS_ADDRESS
521615;521616;HAS_ADDRESS
521620;521621;HAS_ADDRESS
521625;521626;HAS_ADDRESS
521630;521631;HAS_ADDRESS
521635;521636;HAS_ADDRESS
521640;521641;HAS_ADDRESS
521645;521646;HAS_ADDRESS
521650;521651;HAS_ADDRESS
521655;521656;HAS_ADDRESS
521660;521661;HAS_ADDRESS
521665;521666;HAS_ADDRESS
521670;521671;HAS_ADDRESS
521675;521676;HAS_ADDRESS
521680;521681;HAS_ADDRESS
521685;521686;HAS_ADDRESS
521690;521691;HAS_ADDRESS
521695;521696;HAS_ADDRESS
521700;521701;HAS_ADDRESS
521705;521706;HAS_ADDRESS
521710;521711;HAS_ADDRESS
521715;521716;HAS_ADDRESS
521720;521721;HAS_ADDRESS
521725;521726;HAS_ADDRESS
521730;521731;HAS_ADDRESS
521735;521736;HAS_ADDRESS
521740;521741;HAS_ADDRESS
521745;521746;HAS_ADDRESS
521750;521751;HAS_ADDRESS
521755;521756;HAS_ADDRESS
521760;521761;HAS_ADDRESS
521765;521766;HAS_ADDRESS
521770;521771;HAS_ADDRESS
521775;521776;HAS_ADDRESS
521780;521781;HAS_ADDRESS
521785;521786;HAS_ADDRESS
521790;521791;HAS_ADDRESS
521795;521796;HAS_ADDRESS
521800;521801;HAS_ADDRESS
521805;521806;HAS_ADDRESS
521810;521811;HAS_ADDRESS
521815;521816;HAS_ADDRESS
521820;521821;HAS_ADDRESS
521825;521826;HAS_ADDRESS
521830;521831;HAS_ADDRESS
521835;521836;HAS_ADDRESS
521840;521841;HAS_ADDRESS
521845;521846;HAS_ADDRESS
521850;521851;HAS_ADDRESS
521855;521856;HAS_ADDRESS
521860;521861;HAS_ADDRESS
521865;521866;HAS_ADDRESS
521870;521871;HAS_ADDRESS
521875;521876;HAS_ADDRESS
521880;521881;HAS_ADDRESS
521885;521886;HAS_ADDRESS
521890;521891;HAS_ADDRESS
521895;521896;HAS_ADDRESS
521900;521901;HAS_ADDRESS
521905;521906;HAS_ADDRESS
521910;521911;HAS_ADDRESS
521915;521916;HAS_ADDRESS
521920;521921;HAS_ADDRESS
521925;521926;HAS_ADDRESS
521930;521931;HAS_ADDRESS
521935;521936;HAS_ADDRESS
521940;521941;HAS_ADDRESS
521945;521946;HAS_ADDRESS
521950;521951;HAS_ADDRESS
521955;521956;HAS_ADDRESS
521960;521961;HAS_ADDRESS
521965;521966;HAS_ADDRESS
521970;521971;HAS_ADDRESS
521975;521976;HAS_ADDRESS
521980;521981;HAS_ADDRESS
521985;521986;HAS_ADDRESS
521990;521991;HAS_ADDRESS
521995;521996;HAS_ADDRESS
522000;522001;HAS_ADDRESS
522005;522006;HAS_ADDRESS
522010;522011;HAS_ADDRESS
522015;522016;HAS_ADDRESS
522020;522021;HAS_ADDRESS
522025;522026;HAS_ADDRESS
522030;522031;HAS_ADDRESS
522035;522036;HAS_ADDRESS
522040;522041;HAS_ADDRESS
522045;522046;HAS_ADDRESS
522050;522051;HAS_ADDRESS
522055;522056;HAS_ADDRESS
522060;522061;HAS_ADDRESS
522065;522066;HAS_ADDRESS
522070;522071;HAS_ADDRESS
522075;522076;HAS_ADDRESS
522080;522081;HAS_ADDRESS
522085;522086;HAS_ADDRESS
522090;522091;HAS_ADDRESS
522095;522096;HAS_ADDRESS
522100;522101;HAS_ADDRESS
522105;522106;HAS_ADDRESS
522110;522111;HAS_ADDRESS
522115;522116;HAS_ADDRESS
522120;522121;HAS_ADDRESS
522125;522126;HAS_ADDRESS
522130;522131;HAS_ADDRESS
522135;522136;HAS_ADDRESS
522140;522141;HAS_ADDRESS
522145;522146;HAS_ADDRESS
522150;522151;HAS_ADDRESS
522155;522156;HAS_ADDRESS
522160;522161;HAS_ADDRESS
522165;522166;HAS_ADDRESS
522170;522171;HAS_ADDRESS
522175;522176;HAS_ADDRESS
522180;522181;HAS_ADDRESS
522185;522186;HAS_ADDRESS
522190;522191;HAS_ADDRESS
522195;522196;HAS_ADDRESS
522200;522201;HAS_ADDRESS
522205;522206;HAS_ADDRESS
522210;522211;HAS_ADDRESS
522215;522216;HAS_ADDRESS
522220;522221;HAS_ADDRESS
522225;522226;HAS_ADDRESS
522230;522231;HAS_ADDRESS
522235;522236;HAS_ADDRESS
522240;522241;HAS_ADDRESS
522245;522246;HAS_ADDRESS
522250;522251;HAS_ADDRESS
522255;522256;HAS_ADDRESS
522260;522261;HAS_ADDRESS
522265;522266;HAS_ADDRESS
522270;522271;HAS_ADDRESS
522275;522276;HAS_ADDRESS
522280;522281;HAS_ADDRESS
522285;522286;HAS_ADDRESS
522290;522291;HAS_ADDRESS
522295;522296;HAS_ADDRESS
522300;522301;HAS_ADDRESS
522305;522306;HAS_ADDRESS
522310;522311;HAS_ADDRESS
522315;522316;HAS_ADDRESS
522320;522321;HAS_ADDRESS
522325;522326;HAS_ADDRESS
522330;522331;HAS_ADDRESS
522335;522336;HAS_ADDRESS
522340;522341;HAS_ADDRESS
522345;522346;HAS_ADDRESS
522350;522351;HAS_ADDRESS
522355;522356;HAS_ADDRESS
522360;522361;HAS_ADDRESS
522365;522366;HAS_ADDRESS
522370;522371;HAS_ADDRESS
522375;522376;HAS_ADDRESS
522380;522381;HAS_ADDRESS
522385;522386;HAS_ADDRESS
522390;522391;HAS_ADDRESS
522395;522396;HAS_ADDRESS
522400;522401;HAS_ADDRESS
522405;522406;HAS_ADDRESS
522410;522411;HAS_ADDRESS
522415;522416;HAS_ADDRESS
522420;522421;HAS_ADDRESS
522425;522426;HAS_ADDRESS
522430;522431;HAS_ADDRESS
522435;522436;HAS_ADDRESS
522440;522441;HAS_ADDRESS
522445;522446;HAS_ADDRESS
522450;522451;HAS_ADDRESS
522455;522456;HAS_ADDRESS
522460;522461;HAS_ADDRESS
522465;522466;HAS_ADDRESS
522470;522471;HAS_ADDRESS
522475;522476;HAS_ADDRESS
522480;522481;HAS_ADDRESS
522485;522486;HAS_ADDRESS
522490;522491;HAS_ADDRESS
522495;522496;HAS_ADDRESS
522500;522501;HAS_ADDRESS
522505;522506;HAS_ADDRESS
522510;522511;HAS_ADDRESS
522515;522516;HAS_ADDRESS
522520;522521;HAS_ADDRESS
522525;522526;HAS_ADDRESS
522530;522531;HAS_ADDRESS
522535;522536;HAS_ADDRESS
522540;522541;HAS_ADDRESS
522545;522546;HAS_ADDRESS
522550;522551;HAS_ADDRESS
522555;522556;HAS_ADDRESS
522560;522561;HAS_ADDRESS
522565;522566;HAS_ADDRESS
522570;522571;HAS_ADDRESS
522575;522576;HAS_ADDRESS
522580;522581;HAS_ADDRESS
522585;522586;HAS_ADDRESS
522590;522591;HAS_ADDRESS
522595;522596;HAS_ADDRESS
522600;522601;HAS_ADDRESS
522605;522606;HAS_ADDRESS
522610;522611;HAS_ADDRESS
522615;522616;HAS_ADDRESS
522620;522621;HAS_ADDRESS
522625;522626;HAS_ADDRESS
522630;522631;HAS_ADDRESS
522635;522636;HAS_ADDRESS
522640;522641;HAS_ADDRESS
522645;522646;HAS_ADDRESS
522650;522651;HAS_ADDRESS
522655;522656;HAS_ADDRESS
522660;522661;HAS_ADDRESS
522665;522666;HAS_ADDRESS
522670;522671;HAS_ADDRESS
522675;522676;HAS_ADDRESS
522680;522681;HAS_ADDRESS
522685;522686;HAS_ADDRESS
522690;522691;HAS_ADDRESS
522695;522696;HAS_ADDRESS
522700;522701;HAS_ADDRESS
522705;522706;HAS_ADDRESS
522710;522711;HAS_ADDRESS
522715;522716;HAS_ADDRESS
522720;522721;HAS_ADDRESS
522725;522726;HAS_ADDRESS
522730;522731;HAS_ADDRESS
522735;522736;HAS_ADDRESS
522740;522741;HAS_ADDRESS
522745;522746;HAS_ADDRESS
522750;522751;HAS_ADDRESS
522755;522756;HAS_ADDRESS
522760;522761;HAS_ADDRESS
522765;522766;HAS_ADDRESS
522770;522771;HAS_ADDRESS
522775;522776;HAS_ADDRESS
522780;522781;HAS_ADDRESS
522785;522786;HAS_ADDRESS
522790;522791;HAS_ADDRESS
522795;522796;HAS_ADDRESS
522800;522801;HAS_ADDRESS
522805;522806;HAS_ADDRESS
522810;522811;HAS_ADDRESS
522815;522816;HAS_ADDRESS
522820;522821;HAS_ADDRESS
522825;522826;HAS_ADDRESS
522830;522831;HAS_ADDRESS
522835;522836;HAS_ADDRESS
522840;522841;HAS_ADDRESS
522845;522846;HAS_ADDRESS
522850;522851;HAS_ADDRESS
522855;522856;HAS_ADDRESS
522860;522861;HAS_ADDRESS
522865;522866;HAS_ADDRESS
522870;522871;HAS_ADDRESS
522875;522876;HAS_ADDRESS
522880;522881;HAS_ADDRESS
522885;522886;HAS_ADDRESS
522890;522891;HAS_ADDRESS
522895;522896;HAS_ADDRESS
522900;522901;HAS_ADDRESS
522905;522906;HAS_ADDRESS
522910;522911;HAS_ADDRESS
522915;522916;HAS_ADDRESS
522920;522921;HAS_ADDRESS
522925;522926;HAS_ADDRESS
522930;522931;HAS_ADDRESS
522935;522936;HAS_ADDRESS
522940;522941;HAS_ADDRESS
522945;522946;HAS_ADDRESS
522950;522951;HAS_ADDRESS
522955;522956;HAS_ADDRESS
522960;522961;HAS_ADDRESS
522965;522966;HAS_ADDRESS
522970;522971;HAS_ADDRESS
522975;522976;HAS_ADDRESS
522980;522981;HAS_ADDRESS
522985;522986;HAS_ADDRESS
522990;522991;HAS_ADDRESS
522995;522996;HAS_ADDRESS
523000;523001;HAS_ADDRESS
523005;523006;HAS_ADDRESS
523010;523011;HAS_ADDRESS
523015;523016;HAS_ADDRESS
523020;523021;HAS_ADDRESS
523025;523026;HAS_ADDRESS
523030;523031;HAS_ADDRESS
523035;523036;HAS_ADDRESS
523040;523041;HAS_ADDRESS
523045;523046;HAS_ADDRESS
523050;523051;HAS_ADDRESS
523055;523056;HAS_ADDRESS
523060;523061;HAS_ADDRESS
523065;523066;HAS_ADDRESS
523070;523071;HAS_ADDRESS
523075;523076;HAS_ADDRESS
523080;523081;HAS_ADDRESS
523085;523086;HAS_ADDRESS
523090;523091;HAS_ADDRESS
523095;523096;HAS_ADDRESS
523100;523101;HAS_ADDRESS
523105;523106;HAS_ADDRESS
523110;523111;HAS_ADDRESS
523115;523116;HAS_ADDRESS
523120;523121;HAS_ADDRESS
523125;523126;HAS_ADDRESS
523130;523131;HAS_ADDRESS
523135;523136;HAS_ADDRESS
523140;523141;HAS_ADDRESS
523145;523146;HAS_ADDRESS
523150;523151;HAS_ADDRESS
523155;523156;HAS_ADDRESS
523160;523161;HAS_ADDRESS
523165;523166;HAS_ADDRESS
523170;523171;HAS_ADDRESS
523175;523176;HAS_ADDRESS
523180;523181;HAS_ADDRESS
523185;523186;HAS_ADDRESS
523190;523191;HAS_ADDRESS
523195;523196;HAS_ADDRESS
523200;523201;HAS_ADDRESS
523205;523206;HAS_ADDRESS
523210;523211;HAS_ADDRESS
523215;523216;HAS_ADDRESS
523220;523221;HAS_ADDRESS
523225;523226;HAS_ADDRESS
523230;523231;HAS_ADDRESS
523235;523236;HAS_ADDRESS
523240;523241;HAS_ADDRESS
523245;523246;HAS_ADDRESS
523250;523251;HAS_ADDRESS
523255;523256;HAS_ADDRESS
523260;523261;HAS_ADDRESS
523265;523266;HAS_ADDRESS
523270;523271;HAS_ADDRESS
523275;523276;HAS_ADDRESS
523280;523281;HAS_ADDRESS
523285;523286;HAS_ADDRESS
523290;523291;HAS_ADDRESS
523295;523296;HAS_ADDRESS
523300;523301;HAS_ADDRESS
523305;523306;HAS_ADDRESS
523310;523311;HAS_ADDRESS
523315;523316;HAS_ADDRESS
523320;523321;HAS_ADDRESS
523325;523326;HAS_ADDRESS
523330;523331;HAS_ADDRESS
523335;523336;HAS_ADDRESS
523340;523341;HAS_ADDRESS
523345;523346;HAS_ADDRESS
523350;523351;HAS_ADDRESS
523355;523356;HAS_ADDRESS
523360;523361;HAS_ADDRESS
523365;523366;HAS_ADDRESS
523370;523371;HAS_ADDRESS
523375;523376;HAS_ADDRESS
523380;523381;HAS_ADDRESS
523385;523386;HAS_ADDRESS
523390;523391;HAS_ADDRESS
523395;523396;HAS_ADDRESS
523400;523401;HAS_ADDRESS
523405;523406;HAS_ADDRESS
523410;523411;HAS_ADDRESS
523415;523416;HAS_ADDRESS
523420;523421;HAS_ADDRESS
523425;523426;HAS_ADDRESS
523430;523431;HAS_ADDRESS
523435;523436;HAS_ADDRESS
523440;523441;HAS_ADDRESS
523445;523446;HAS_ADDRESS
523450;523451;HAS_ADDRESS
523455;523456;HAS_ADDRESS
523460;523461;HAS_ADDRESS
523465;523466;HAS_ADDRESS
523470;523471;HAS_ADDRESS
523475;523476;HAS_ADDRESS
523480;523481;HAS_ADDRESS
523485;523486;HAS_ADDRESS
523490;523491;HAS_ADDRESS
523495;523496;HAS_ADDRESS
523500;523501;HAS_ADDRESS
523505;523506;HAS_ADDRESS
523510;523511;HAS_ADDRESS
523515;523516;HAS_ADDRESS
523520;523521;HAS_ADDRESS
523525;523526;HAS_ADDRESS
523530;523531;HAS_ADDRESS
523535;523536;HAS_ADDRESS
523540;523541;HAS_ADDRESS
523545;523546;HAS_ADDRESS
523550;523551;HAS_ADDRESS
523555;523556;HAS_ADDRESS
523560;523561;HAS_ADDRESS
523565;523566;HAS_ADDRESS
523570;523571;HAS_ADDRESS
523575;523576;HAS_ADDRESS
523580;523581;HAS_ADDRESS
523585;523586;HAS_ADDRESS
523590;523591;HAS_ADDRESS
523595;523596;HAS_ADDRESS
523600;523601;HAS_ADDRESS
523605;523606;HAS_ADDRESS
523610;523611;HAS_ADDRESS
523615;523616;HAS_ADDRESS
523620;523621;HAS_ADDRESS
523625;523626;HAS_ADDRESS
523630;523631;HAS_ADDRESS
523635;523636;HAS_ADDRESS
523640;523641;HAS_ADDRESS
523645;523646;HAS_ADDRESS
523650;523651;HAS_ADDRESS
523655;523656;HAS_ADDRESS
523660;523661;HAS_ADDRESS
523665;523666;HAS_ADDRESS
523670;523671;HAS_ADDRESS
523675;523676;HAS_ADDRESS
523680;523681;HAS_ADDRESS
523685;523686;HAS_ADDRESS
523690;523691;HAS_ADDRESS
523695;523696;HAS_ADDRESS
523700;523701;HAS_ADDRESS
523705;523706;HAS_ADDRESS
523710;523711;HAS_ADDRESS
523715;523716;HAS_ADDRESS
523720;523721;HAS_ADDRESS
523725;523726;HAS_ADDRESS
523730;523731;HAS_ADDRESS
523735;523736;HAS_ADDRESS
523740;523741;HAS_ADDRESS
523745;523746;HAS_ADDRESS
523750;523751;HAS_ADDRESS
523755;523756;HAS_ADDRESS
523760;523761;HAS_ADDRESS
523765;523766;HAS_ADDRESS
523770;523771;HAS_ADDRESS
523775;523776;HAS_ADDRESS
523780;523781;HAS_ADDRESS
523785;523786;HAS_ADDRESS
523790;523791;HAS_ADDRESS
523795;523796;HAS_ADDRESS
523800;523801;HAS_ADDRESS
523805;523806;HAS_ADDRESS
523810;523811;HAS_ADDRESS
523815;523816;HAS_ADDRESS
523820;523821;HAS_ADDRESS
523825;523826;HAS_ADDRESS
523830;523831;HAS_ADDRESS
523835;523836;HAS_ADDRESS
523840;523841;HAS_ADDRESS
523845;523846;HAS_ADDRESS
523850;523851;HAS_ADDRESS
523855;523856;HAS_ADDRESS
523860;523861;HAS_ADDRESS
523865;523866;HAS_ADDRESS
523870;523871;HAS_ADDRESS
523875;523876;HAS_ADDRESS
523880;523881;HAS_ADDRESS
523885;523886;HAS_ADDRESS
523890;523891;HAS_ADDRESS
523895;523896;HAS_ADDRESS
523900;523901;HAS_ADDRESS
523905;523906;HAS_ADDRESS
523910;523911;HAS_ADDRESS
523915;523916;HAS_ADDRESS
523920;523921;HAS_ADDRESS
523925;523926;HAS_ADDRESS
523930;523931;HAS_ADDRESS
523935;523936;HAS_ADDRESS
523940;523941;HAS_ADDRESS
523945;523946;HAS_ADDRESS
523950;523951;HAS_ADDRESS
523955;523956;HAS_ADDRESS
523960;523961;HAS_ADDRESS
523965;523966;HAS_ADDRESS
523970;523971;HAS_ADDRESS
523975;523976;HAS_ADDRESS
523980;523981;HAS_ADDRESS
523985;523986;HAS_ADDRESS
523990;523991;HAS_ADDRESS
523995;523996;HAS_ADDRESS
524000;524001;HAS_ADDRESS
524005;524006;HAS_ADDRESS
524010;524011;HAS_ADDRESS
524015;524016;HAS_ADDRESS
524020;524021;HAS_ADDRESS
524025;524026;HAS_ADDRESS
524030;524031;HAS_ADDRESS
524035;524036;HAS_ADDRESS
524040;524041;HAS_ADDRESS
524045;524046;HAS_ADDRESS
524050;524051;HAS_ADDRESS
524055;524056;HAS_ADDRESS
524060;524061;HAS_ADDRESS
524065;524066;HAS_ADDRESS
524070;524071;HAS_ADDRESS
524075;524076;HAS_ADDRESS
524080;524081;HAS_ADDRESS
524085;524086;HAS_ADDRESS
524090;524091;HAS_ADDRESS
524095;524096;HAS_ADDRESS
524100;524101;HAS_ADDRESS
524105;524106;HAS_ADDRESS
524110;524111;HAS_ADDRESS
524115;524116;HAS_ADDRESS
524120;524121;HAS_ADDRESS
524125;524126;HAS_ADDRESS
524130;524131;HAS_ADDRESS
524135;524136;HAS_ADDRESS
524140;524141;HAS_ADDRESS
524145;524146;HAS_ADDRESS
524150;524151;HAS_ADDRESS
524155;524156;HAS_ADDRESS
524160;524161;HAS_ADDRESS
524165;524166;HAS_ADDRESS
524170;524171;HAS_ADDRESS
524175;524176;HAS_ADDRESS
524180;524181;HAS_ADDRESS
524185;524186;HAS_ADDRESS
524190;524191;HAS_ADDRESS
524195;524196;HAS_ADDRESS
524200;524201;HAS_ADDRESS
524205;524206;HAS_ADDRESS
524210;524211;HAS_ADDRESS
524215;524216;HAS_ADDRESS
524220;524221;HAS_ADDRESS
524225;524226;HAS_ADDRESS
524230;524231;HAS_ADDRESS
524235;524236;HAS_ADDRESS
524240;524241;HAS_ADDRESS
524245;524246;HAS_ADDRESS
524250;524251;HAS_ADDRESS
524255;524256;HAS_ADDRESS
524260;524261;HAS_ADDRESS
524265;524266;HAS_ADDRESS
524270;524271;HAS_ADDRESS
524275;524276;HAS_ADDRESS
524280;524281;HAS_ADDRESS
524285;524286;HAS_ADDRESS
524290;524291;HAS_ADDRESS
524295;524296;HAS_ADDRESS
524300;524301;HAS_ADDRESS
524305;524306;HAS_ADDRESS
524310;524311;HAS_ADDRESS
524315;524316;HAS_ADDRESS
524320;524321;HAS_ADDRESS
524325;524326;HAS_ADDRESS
524330;524331;HAS_ADDRESS
524335;524336;HAS_ADDRESS
524340;524341;HAS_ADDRESS
524345;524346;HAS_ADDRESS
524350;524351;HAS_ADDRESS
524355;524356;HAS_ADDRESS
524360;524361;HAS_ADDRESS
524365;524366;HAS_ADDRESS
524370;524371;HAS_ADDRESS
524375;524376;HAS_ADDRESS
524380;524381;HAS_ADDRESS
524385;524386;HAS_ADDRESS
524390;524391;HAS_ADDRESS
524395;524396;HAS_ADDRESS
524400;524401;HAS_ADDRESS
524405;524406;HAS_ADDRESS
524410;524411;HAS_ADDRESS
524415;524416;HAS_ADDRESS
524420;524421;HAS_ADDRESS
524425;524426;HAS_ADDRESS
524430;524431;HAS_ADDRESS
524435;524436;HAS_ADDRESS
524440;524441;HAS_ADDRESS
524445;524446;HAS_ADDRESS
524450;524451;HAS_ADDRESS
524455;524456;HAS_ADDRESS
524460;524461;HAS_ADDRESS
524465;524466;HAS_ADDRESS
524470;524471;HAS_ADDRESS
524475;524476;HAS_ADDRESS
524480;524481;HAS_ADDRESS
524485;524486;HAS_ADDRESS
524490;524491;HAS_ADDRESS
524495;524496;HAS_ADDRESS
524500;524501;HAS_ADDRESS
524505;524506;HAS_ADDRESS
524510;524511;HAS_ADDRESS
524515;524516;HAS_ADDRESS
524520;524521;HAS_ADDRESS
524525;524526;HAS_ADDRESS
524530;524531;HAS_ADDRESS
524535;524536;HAS_ADDRESS
524540;524541;HAS_ADDRESS
524545;524546;HAS_ADDRESS
524550;524551;HAS_ADDRESS
524555;524556;HAS_ADDRESS
524560;524561;HAS_ADDRESS
524565;524566;HAS_ADDRESS
524570;524571;HAS_ADDRESS
524575;524576;HAS_ADDRESS
524580;524581;HAS_ADDRESS
524585;524586;HAS_ADDRESS
524590;524591;HAS_ADDRESS
524595;524596;HAS_ADDRESS
524600;524601;HAS_ADDRESS
524605;524606;HAS_ADDRESS
524610;524611;HAS_ADDRESS
524615;524616;HAS_ADDRESS
524620;524621;HAS_ADDRESS
524625;524626;HAS_ADDRESS
524630;524631;HAS_ADDRESS
524635;524636;HAS_ADDRESS
524640;524641;HAS_ADDRESS
524645;524646;HAS_ADDRESS
524650;524651;HAS_ADDRESS
524655;524656;HAS_ADDRESS
524660;524661;HAS_ADDRESS
524665;524666;HAS_ADDRESS
524670;524671;HAS_ADDRESS
524675;524676;HAS_ADDRESS
524680;524681;HAS_ADDRESS
524685;524686;HAS_ADDRESS
524690;524691;HAS_ADDRESS
524695;524696;HAS_ADDRESS
524700;524701;HAS_ADDRESS
524705;524706;HAS_ADDRESS
524710;524711;HAS_ADDRESS
524715;524716;HAS_ADDRESS
524720;524721;HAS_ADDRESS
524725;524726;HAS_ADDRESS
524730;524731;HAS_ADDRESS
524735;524736;HAS_ADDRESS
524740;524741;HAS_ADDRESS
524745;524746;HAS_ADDRESS
524750;524751;HAS_ADDRESS
524755;524756;HAS_ADDRESS
524760;524761;HAS_ADDRESS
524765;524766;HAS_ADDRESS
524770;524771;HAS_ADDRESS
524775;524776;HAS_ADDRESS
524780;524781;HAS_ADDRESS
524785;524786;HAS_ADDRESS
524790;524791;HAS_ADDRESS
524795;524796;HAS_ADDRESS
524800;524801;HAS_ADDRESS
524805;524806;HAS_ADDRESS
524810;524811;HAS_ADDRESS
524815;524816;HAS_ADDRESS
524820;524821;HAS_ADDRESS
524825;524826;HAS_ADDRESS
524830;524831;HAS_ADDRESS
524835;524836;HAS_ADDRESS
524840;524841;HAS_ADDRESS
524845;524846;HAS_ADDRESS
524850;524851;HAS_ADDRESS
524855;524856;HAS_ADDRESS
524860;524861;HAS_ADDRESS
524865;524866;HAS_ADDRESS
524870;524871;HAS_ADDRESS
524875;524876;HAS_ADDRESS
524880;524881;HAS_ADDRESS
524885;524886;HAS_ADDRESS
524890;524891;HAS_ADDRESS
524895;524896;HAS_ADDRESS
524900;524901;HAS_ADDRESS
524905;524906;HAS_ADDRESS
524910;524911;HAS_ADDRESS
524915;524916;HAS_ADDRESS
524920;524921;HAS_ADDRESS
524925;524926;HAS_ADDRESS
524930;524931;HAS_ADDRESS
524935;524936;HAS_ADDRESS
524940;524941;HAS_ADDRESS
524945;524946;HAS_ADDRESS
524950;524951;HAS_ADDRESS
524955;524956;HAS_ADDRESS
524960;524961;HAS_ADDRESS
524965;524966;HAS_ADDRESS
524970;524971;HAS_ADDRESS
524975;524976;HAS_ADDRESS
524980;524981;HAS_ADDRESS
524985;524986;HAS_ADDRESS
524990;524991;HAS_ADDRESS
524995;524996;HAS_ADDRESS
525000;525001;HAS_ADDRESS
525005;525006;HAS_ADDRESS
525010;525011;HAS_ADDRESS
525015;525016;HAS_ADDRESS
525020;525021;HAS_ADDRESS
525025;525026;HAS_ADDRESS
525030;525031;HAS_ADDRESS
525035;525036;HAS_ADDRESS
525040;525041;HAS_ADDRESS
525045;525046;HAS_ADDRESS
525050;525051;HAS_ADDRESS
525055;525056;HAS_ADDRESS
525060;525061;HAS_ADDRESS
525065;525066;HAS_ADDRESS
525070;525071;HAS_ADDRESS
525075;525076;HAS_ADDRESS
525080;525081;HAS_ADDRESS
525085;525086;HAS_ADDRESS
525090;525091;HAS_ADDRESS
525095;525096;HAS_ADDRESS
525100;525101;HAS_ADDRESS
525105;525106;HAS_ADDRESS
525110;525111;HAS_ADDRESS
525115;525116;HAS_ADDRESS
525120;525121;HAS_ADDRESS
525125;525126;HAS_ADDRESS
525130;525131;HAS_ADDRESS
525135;525136;HAS_ADDRESS
525140;525141;HAS_ADDRESS
525145;525146;HAS_ADDRESS
525150;525151;HAS_ADDRESS
525155;525156;HAS_ADDRESS
525160;525161;HAS_ADDRESS
525165;525166;HAS_ADDRESS
525170;525171;HAS_ADDRESS
525175;525176;HAS_ADDRESS
525180;525181;HAS_ADDRESS
525185;525186;HAS_ADDRESS
525190;525191;HAS_ADDRESS
525195;525196;HAS_ADDRESS
525200;525201;HAS_ADDRESS
525205;525206;HAS_ADDRESS
525210;525211;HAS_ADDRESS
525215;525216;HAS_ADDRESS
525220;525221;HAS_ADDRESS
525225;525226;HAS_ADDRESS
525230;525231;HAS_ADDRESS
525235;525236;HAS_ADDRESS
525240;525241;HAS_ADDRESS
525245;525246;HAS_ADDRESS
525250;525251;HAS_ADDRESS
525255;525256;HAS_ADDRESS
525260;525261;HAS_ADDRESS
525265;525266;HAS_ADDRESS
525270;525271;HAS_ADDRESS
525275;525276;HAS_ADDRESS
525280;525281;HAS_ADDRESS
525285;525286;HAS_ADDRESS
525290;525291;HAS_ADDRESS
525295;525296;HAS_ADDRESS
525300;525301;HAS_ADDRESS
525305;525306;HAS_ADDRESS
525310;525311;HAS_ADDRESS
525315;525316;HAS_ADDRESS
525320;525321;HAS_ADDRESS
525325;525326;HAS_ADDRESS
525330;525331;HAS_ADDRESS
525335;525336;HAS_ADDRESS
525340;525341;HAS_ADDRESS
525345;525346;HAS_ADDRESS
525350;525351;HAS_ADDRESS
525355;525356;HAS_ADDRESS
525360;525361;HAS_ADDRESS
525365;525366;HAS_ADDRESS
525370;525371;HAS_ADDRESS
525375;525376;HAS_ADDRESS
525380;525381;HAS_ADDRESS
525385;525386;HAS_ADDRESS
525390;525391;HAS_ADDRESS
525395;525396;HAS_ADDRESS
525400;525401;HAS_ADDRESS
525405;525406;HAS_ADDRESS
525410;525411;HAS_ADDRESS
525415;525416;HAS_ADDRESS
525420;525421;HAS_ADDRESS
525425;525426;HAS_ADDRESS
525430;525431;HAS_ADDRESS
525435;525436;HAS_ADDRESS
525440;525441;HAS_ADDRESS
525445;525446;HAS_ADDRESS
525450;525451;HAS_ADDRESS
525455;525456;HAS_ADDRESS
525460;525461;HAS_ADDRESS
525465;525466;HAS_ADDRESS
525470;525471;HAS_ADDRESS
525475;525476;HAS_ADDRESS
525480;525481;HAS_ADDRESS
525485;525486;HAS_ADDRESS
525490;525491;HAS_ADDRESS
525495;525496;HAS_ADDRESS
525500;525501;HAS_ADDRESS
525505;525506;HAS_ADDRESS
525510;525511;HAS_ADDRESS
525515;525516;HAS_ADDRESS
525520;525521;HAS_ADDRESS
525525;525526;HAS_ADDRESS
525530;525531;HAS_ADDRESS
525535;525536;HAS_ADDRESS
525540;525541;HAS_ADDRESS
525545;525546;HAS_ADDRESS
525550;525551;HAS_ADDRESS
525555;525556;HAS_ADDRESS
525560;525561;HAS_ADDRESS
525565;525566;HAS_ADDRESS
525570;525571;HAS_ADDRESS
525575;525576;HAS_ADDRESS
525580;525581;HAS_ADDRESS
525585;525586;HAS_ADDRESS
525590;525591;HAS_ADDRESS
525595;525596;HAS_ADDRESS
525600;525601;HAS_ADDRESS
525605;525606;HAS_ADDRESS
525610;525611;HAS_ADDRESS
525615;525616;HAS_ADDRESS
525620;525621;HAS_ADDRESS
525625;525626;HAS_ADDRESS
525630;525631;HAS_ADDRESS
525635;525636;HAS_ADDRESS
525640;525641;HAS_ADDRESS
525645;525646;HAS_ADDRESS
525650;525651;HAS_ADDRESS
525655;525656;HAS_ADDRESS
525660;525661;HAS_ADDRESS
525665;525666;HAS_ADDRESS
525670;525671;HAS_ADDRESS
525675;525676;HAS_ADDRESS
525680;525681;HAS_ADDRESS
525685;525686;HAS_ADDRESS
525690;525691;HAS_ADDRESS
525695;525696;HAS_ADDRESS
525700;525701;HAS_ADDRESS
525705;525706;HAS_ADDRESS
525710;525711;HAS_ADDRESS
525715;525716;HAS_ADDRESS
525720;525721;HAS_ADDRESS
525725;525726;HAS_ADDRESS
525730;525731;HAS_ADDRESS
525735;525736;HAS_ADDRESS
525740;525741;HAS_ADDRESS
525745;525746;HAS_ADDRESS
525750;525751;HAS_ADDRESS
525755;525756;HAS_ADDRESS
525760;525761;HAS_ADDRESS
525765;525766;HAS_ADDRESS
525770;525771;HAS_ADDRESS
525775;525776;HAS_ADDRESS
525780;525781;HAS_ADDRESS
525785;525786;HAS_ADDRESS
525790;525791;HAS_ADDRESS
525795;525796;HAS_ADDRESS
525800;525801;HAS_ADDRESS
525805;525806;HAS_ADDRESS
525810;525811;HAS_ADDRESS
525815;525816;HAS_ADDRESS
525820;525821;HAS_ADDRESS
525825;525826;HAS_ADDRESS
525830;525831;HAS_ADDRESS
525835;525836;HAS_ADDRESS
525840;525841;HAS_ADDRESS
525845;525846;HAS_ADDRESS
525850;525851;HAS_ADDRESS
525855;525856;HAS_ADDRESS
525860;525861;HAS_ADDRESS
525865;525866;HAS_ADDRESS
525870;525871;HAS_ADDRESS
525875;525876;HAS_ADDRESS
525880;525881;HAS_ADDRESS
525885;525886;HAS_ADDRESS
525890;525891;HAS_ADDRESS
525895;525896;HAS_ADDRESS
525900;525901;HAS_ADDRESS
525905;525906;HAS_ADDRESS
525910;525911;HAS_ADDRESS
525915;525916;HAS_ADDRESS
525920;525921;HAS_ADDRESS
525925;525926;HAS_ADDRESS
525930;525931;HAS_ADDRESS
525935;525936;HAS_ADDRESS
525940;525941;HAS_ADDRESS
525945;525946;HAS_ADDRESS
525950;525951;HAS_ADDRESS
525955;525956;HAS_ADDRESS
525960;525961;HAS_ADDRESS
525965;525966;HAS_ADDRESS
525970;525971;HAS_ADDRESS
525975;525976;HAS_ADDRESS
525980;525981;HAS_ADDRESS
525985;525986;HAS_ADDRESS
525990;525991;HAS_ADDRESS
525995;525996;HAS_ADDRESS
526000;526001;HAS_ADDRESS
526005;526006;HAS_ADDRESS
526010;526011;HAS_ADDRESS
526015;526016;HAS_ADDRESS
526020;526021;HAS_ADDRESS
526025;526026;HAS_ADDRESS
526030;526031;HAS_ADDRESS
526035;526036;HAS_ADDRESS
526040;526041;HAS_ADDRESS
526045;526046;HAS_ADDRESS
526050;526051;HAS_ADDRESS
526055;526056;HAS_ADDRESS
526060;526061;HAS_ADDRESS
526065;526066;HAS_ADDRESS
526070;526071;HAS_ADDRESS
526075;526076;HAS_ADDRESS
526080;526081;HAS_ADDRESS
526085;526086;HAS_ADDRESS
526090;526091;HAS_ADDRESS
526095;526096;HAS_ADDRESS
526100;526101;HAS_ADDRESS
526105;526106;HAS_ADDRESS
526110;526111;HAS_ADDRESS
526115;526116;HAS_ADDRESS
526120;526121;HAS_ADDRESS
526125;526126;HAS_ADDRESS
526130;526131;HAS_ADDRESS
526135;526136;HAS_ADDRESS
526140;526141;HAS_ADDRESS
526145;526146;HAS_ADDRESS
526150;526151;HAS_ADDRESS
526155;526156;HAS_ADDRESS
526160;526161;HAS_ADDRESS
526165;526166;HAS_ADDRESS
526170;526171;HAS_ADDRESS
526175;526176;HAS_ADDRESS
526180;526181;HAS_ADDRESS
526185;526186;HAS_ADDRESS
526190;526191;HAS_ADDRESS
526195;526196;HAS_ADDRESS
526200;526201;HAS_ADDRESS
526205;526206;HAS_ADDRESS
526210;526211;HAS_ADDRESS
526215;526216;HAS_ADDRESS
526220;526221;HAS_ADDRESS
526225;526226;HAS_ADDRESS
526230;526231;HAS_ADDRESS
526235;526236;HAS_ADDRESS
526240;526241;HAS_ADDRESS
526245;526246;HAS_ADDRESS
526250;526251;HAS_ADDRESS
526255;526256;HAS_ADDRESS
526260;526261;HAS_ADDRESS
526265;526266;HAS_ADDRESS
526270;526271;HAS_ADDRESS
526275;526276;HAS_ADDRESS
526280;526281;HAS_ADDRESS
526285;526286;HAS_ADDRESS
526290;526291;HAS_ADDRESS
526295;526296;HAS_ADDRESS
526300;526301;HAS_ADDRESS
526305;526306;HAS_ADDRESS
526310;526311;HAS_ADDRESS
526315;526316;HAS_ADDRESS
526320;526321;HAS_ADDRESS
526325;526326;HAS_ADDRESS
526330;526331;HAS_ADDRESS
526335;526336;HAS_ADDRESS
526340;526341;HAS_ADDRESS
526345;526346;HAS_ADDRESS
526350;526351;HAS_ADDRESS
526355;526356;HAS_ADDRESS
526360;526361;HAS_ADDRESS
526365;526366;HAS_ADDRESS
526370;526371;HAS_ADDRESS
526375;526376;HAS_ADDRESS
526380;526381;HAS_ADDRESS
526385;526386;HAS_ADDRESS
526390;526391;HAS_ADDRESS
526395;526396;HAS_ADDRESS
526400;526401;HAS_ADDRESS
526405;526406;HAS_ADDRESS
526410;526411;HAS_ADDRESS
526415;526416;HAS_ADDRESS
526420;526421;HAS_ADDRESS
526425;526426;HAS_ADDRESS
526430;526431;HAS_ADDRESS
526435;526436;HAS_ADDRESS
526440;526441;HAS_ADDRESS
526445;526446;HAS_ADDRESS
526450;526451;HAS_ADDRESS
526455;526456;HAS_ADDRESS
526460;526461;HAS_ADDRESS
526465;526466;HAS_ADDRESS
526470;526471;HAS_ADDRESS
526475;526476;HAS_ADDRESS
526480;526481;HAS_ADDRESS
526485;526486;HAS_ADDRESS
526490;526491;HAS_ADDRESS
526495;526496;HAS_ADDRESS
526500;526501;HAS_ADDRESS
526505;526506;HAS_ADDRESS
526510;526511;HAS_ADDRESS
526515;526516;HAS_ADDRESS
526520;526521;HAS_ADDRESS
526525;526526;HAS_ADDRESS
526530;526531;HAS_ADDRESS
526535;526536;HAS_ADDRESS
526540;526541;HAS_ADDRESS
526545;526546;HAS_ADDRESS
526550;526551;HAS_ADDRESS
526555;526556;HAS_ADDRESS
526560;526561;HAS_ADDRESS
526565;526566;HAS_ADDRESS
526570;526571;HAS_ADDRESS
526575;526576;HAS_ADDRESS
526580;526581;HAS_ADDRESS
526585;526586;HAS_ADDRESS
526590;526591;HAS_ADDRESS
526595;526596;HAS_ADDRESS
526600;526601;HAS_ADDRESS
526605;526606;HAS_ADDRESS
526610;526611;HAS_ADDRESS
526615;526616;HAS_ADDRESS
526620;526621;HAS_ADDRESS
526625;526626;HAS_ADDRESS
526630;526631;HAS_ADDRESS
526635;526636;HAS_ADDRESS
526640;526641;HAS_ADDRESS
526645;526646;HAS_ADDRESS
526650;526651;HAS_ADDRESS
526655;526656;HAS_ADDRESS
526660;526661;HAS_ADDRESS
526665;526666;HAS_ADDRESS
526670;526671;HAS_ADDRESS
526675;526676;HAS_ADDRESS
526680;526681;HAS_ADDRESS
526685;526686;HAS_ADDRESS
526690;526691;HAS_ADDRESS
526695;526696;HAS_ADDRESS
526700;526701;HAS_ADDRESS
526705;526706;HAS_ADDRESS
526710;526711;HAS_ADDRESS
526715;526716;HAS_ADDRESS
526720;526721;HAS_ADDRESS
526725;526726;HAS_ADDRESS
526730;526731;HAS_ADDRESS
526735;526736;HAS_ADDRESS
526740;526741;HAS_ADDRESS
526745;526746;HAS_ADDRESS
526750;526751;HAS_ADDRESS
526755;526756;HAS_ADDRESS
526760;526761;HAS_ADDRESS
526765;526766;HAS_ADDRESS
526770;526771;HAS_ADDRESS
526775;526776;HAS_ADDRESS
526780;526781;HAS_ADDRESS
526785;526786;HAS_ADDRESS
526790;526791;HAS_ADDRESS
526795;526796;HAS_ADDRESS
526800;526801;HAS_ADDRESS
526805;526806;HAS_ADDRESS
526810;526811;HAS_ADDRESS
526815;526816;HAS_ADDRESS
526820;526821;HAS_ADDRESS
526825;526826;HAS_ADDRESS
526830;526831;HAS_ADDRESS
526835;526836;HAS_ADDRESS
526840;526841;HAS_ADDRESS
526845;526846;HAS_ADDRESS
526850;526851;HAS_ADDRESS
526855;526856;HAS_ADDRESS
526860;526861;HAS_ADDRESS
526865;526866;HAS_ADDRESS
526870;526871;HAS_ADDRESS
526875;526876;HAS_ADDRESS
526880;526881;HAS_ADDRESS
526885;526886;HAS_ADDRESS
526890;526891;HAS_ADDRESS
526895;526896;HAS_ADDRESS
526900;526901;HAS_ADDRESS
526905;526906;HAS_ADDRESS
526910;526911;HAS_ADDRESS
526915;526916;HAS_ADDRESS
526920;526921;HAS_ADDRESS
526925;526926;HAS_ADDRESS
526930;526931;HAS_ADDRESS
526935;526936;HAS_ADDRESS
526940;526941;HAS_ADDRESS
526945;526946;HAS_ADDRESS
526950;526951;HAS_ADDRESS
526955;526956;HAS_ADDRESS
526960;526961;HAS_ADDRESS
526965;526966;HAS_ADDRESS
526970;526971;HAS_ADDRESS
526975;526976;HAS_ADDRESS
526980;526981;HAS_ADDRESS
526985;526986;HAS_ADDRESS
526990;526991;HAS_ADDRESS
526995;526996;HAS_ADDRESS
527000;527001;HAS_ADDRESS
527005;527006;HAS_ADDRESS
527010;527011;HAS_ADDRESS
527015;527016;HAS_ADDRESS
527020;527021;HAS_ADDRESS
527025;527026;HAS_ADDRESS
527030;527031;HAS_ADDRESS
527035;527036;HAS_ADDRESS
527040;527041;HAS_ADDRESS
527045;527046;HAS_ADDRESS
527050;527051;HAS_ADDRESS
527055;527056;HAS_ADDRESS
527060;527061;HAS_ADDRESS
527065;527066;HAS_ADDRESS
527070;527071;HAS_ADDRESS
527075;527076;HAS_ADDRESS
527080;527081;HAS_ADDRESS
527085;527086;HAS_ADDRESS
527090;527091;HAS_ADDRESS
527095;527096;HAS_ADDRESS
527100;527101;HAS_ADDRESS
527105;527106;HAS_ADDRESS
527110;527111;HAS_ADDRESS
527115;527116;HAS_ADDRESS
527120;527121;HAS_ADDRESS
527125;527126;HAS_ADDRESS
527130;527131;HAS_ADDRESS
527135;527136;HAS_ADDRESS
527140;527141;HAS_ADDRESS
527145;527146;HAS_ADDRESS
527150;527151;HAS_ADDRESS
527155;527156;HAS_ADDRESS
527160;527161;HAS_ADDRESS
527165;527166;HAS_ADDRESS
527170;527171;HAS_ADDRESS
527175;527176;HAS_ADDRESS
527180;527181;HAS_ADDRESS
527185;527186;HAS_ADDRESS
527190;527191;HAS_ADDRESS
527195;527196;HAS_ADDRESS
527200;527201;HAS_ADDRESS
527205;527206;HAS_ADDRESS
527210;527211;HAS_ADDRESS
527215;527216;HAS_ADDRESS
527220;527221;HAS_ADDRESS
527225;527226;HAS_ADDRESS
527230;527231;HAS_ADDRESS
527235;527236;HAS_ADDRESS
527240;527241;HAS_ADDRESS
527245;527246;HAS_ADDRESS
527250;527251;HAS_ADDRESS
527255;527256;HAS_ADDRESS
527260;527261;HAS_ADDRESS
527265;527266;HAS_ADDRESS
527270;527271;HAS_ADDRESS
527275;527276;HAS_ADDRESS
527280;527281;HAS_ADDRESS
527285;527286;HAS_ADDRESS
527290;527291;HAS_ADDRESS
527295;527296;HAS_ADDRESS
527300;527301;HAS_ADDRESS
527305;527306;HAS_ADDRESS
527310;527311;HAS_ADDRESS
527315;527316;HAS_ADDRESS
527320;527321;HAS_ADDRESS
527325;527326;HAS_ADDRESS
527330;527331;HAS_ADDRESS
527335;527336;HAS_ADDRESS
527340;527341;HAS_ADDRESS
527345;527346;HAS_ADDRESS
527350;527351;HAS_ADDRESS
527355;527356;HAS_ADDRESS
527360;527361;HAS_ADDRESS
527365;527366;HAS_ADDRESS
527370;527371;HAS_ADDRESS
527375;527376;HAS_ADDRESS
527380;527381;HAS_ADDRESS
527385;527386;HAS_ADDRESS
527390;527391;HAS_ADDRESS
527395;527396;HAS_ADDRESS
527400;527401;HAS_ADDRESS
527405;527406;HAS_ADDRESS
527410;527411;HAS_ADDRESS
527415;527416;HAS_ADDRESS
527420;527421;HAS_ADDRESS
527425;527426;HAS_ADDRESS
527430;527431;HAS_ADDRESS
527435;527436;HAS_ADDRESS
527440;527441;HAS_ADDRESS
527445;527446;HAS_ADDRESS
527450;527451;HAS_ADDRESS
527455;527456;HAS_ADDRESS
527460;527461;HAS_ADDRESS
527465;527466;HAS_ADDRESS
527470;527471;HAS_ADDRESS
527475;527476;HAS_ADDRESS
527480;527481;HAS_ADDRESS
527485;527486;HAS_ADDRESS
527490;527491;HAS_ADDRESS
527495;527496;HAS_ADDRESS
527500;527501;HAS_ADDRESS
527505;527506;HAS_ADDRESS
527510;527511;HAS_ADDRESS
527515;527516;HAS_ADDRESS
527520;527521;HAS_ADDRESS
527525;527526;HAS_ADDRESS
527530;527531;HAS_ADDRESS
527535;527536;HAS_ADDRESS
527540;527541;HAS_ADDRESS
527545;527546;HAS_ADDRESS
527550;527551;HAS_ADDRESS
527555;527556;HAS_ADDRESS
527560;527561;HAS_ADDRESS
527565;527566;HAS_ADDRESS
527570;527571;HAS_ADDRESS
527575;527576;HAS_ADDRESS
527580;527581;HAS_ADDRESS
527585;527586;HAS_ADDRESS
527590;527591;HAS_ADDRESS
527595;527596;HAS_ADDRESS
527600;527601;HAS_ADDRESS
527605;527606;HAS_ADDRESS
527610;527611;HAS_ADDRESS
527615;527616;HAS_ADDRESS
527620;527621;HAS_ADDRESS
527625;527626;HAS_ADDRESS
527630;527631;HAS_ADDRESS
527635;527636;HAS_ADDRESS
527640;527641;HAS_ADDRESS
527645;527646;HAS_ADDRESS
527650;527651;HAS_ADDRESS
527655;527656;HAS_ADDRESS
527660;527661;HAS_ADDRESS
527665;527666;HAS_ADDRESS
527670;527671;HAS_ADDRESS
527675;527676;HAS_ADDRESS
527680;527681;HAS_ADDRESS
527685;527686;HAS_ADDRESS
527690;527691;HAS_ADDRESS
527695;527696;HAS_ADDRESS
527700;527701;HAS_ADDRESS
527705;527706;HAS_ADDRESS
527710;527711;HAS_ADDRESS
527715;527716;HAS_ADDRESS
527720;527721;HAS_ADDRESS
527725;527726;HAS_ADDRESS
527730;527731;HAS_ADDRESS
527735;527736;HAS_ADDRESS
527740;527741;HAS_ADDRESS
527745;527746;HAS_ADDRESS
527750;527751;HAS_ADDRESS
527755;527756;HAS_ADDRESS
527760;527761;HAS_ADDRESS
527765;527766;HAS_ADDRESS
527770;527771;HAS_ADDRESS
527775;527776;HAS_ADDRESS
527780;527781;HAS_ADDRESS
527785;527786;HAS_ADDRESS
527790;527791;HAS_ADDRESS
527795;527796;HAS_ADDRESS
527800;527801;HAS_ADDRESS
527805;527806;HAS_ADDRESS
527810;527811;HAS_ADDRESS
527815;527816;HAS_ADDRESS
527820;527821;HAS_ADDRESS
527825;527826;HAS_ADDRESS
527830;527831;HAS_ADDRESS
527835;527836;HAS_ADDRESS
527840;527841;HAS_ADDRESS
527845;527846;HAS_ADDRESS
527850;527851;HAS_ADDRESS
527855;527856;HAS_ADDRESS
527860;527861;HAS_ADDRESS
527865;527866;HAS_ADDRESS
527870;527871;HAS_ADDRESS
527875;527876;HAS_ADDRESS
527880;527881;HAS_ADDRESS
527885;527886;HAS_ADDRESS
527890;527891;HAS_ADDRESS
527895;527896;HAS_ADDRESS
527900;527901;HAS_ADDRESS
527905;527906;HAS_ADDRESS
527910;527911;HAS_ADDRESS
527915;527916;HAS_ADDRESS
527920;527921;HAS_ADDRESS
527925;527926;HAS_ADDRESS
527930;527931;HAS_ADDRESS
527935;527936;HAS_ADDRESS
527940;527941;HAS_ADDRESS
527945;527946;HAS_ADDRESS
527950;527951;HAS_ADDRESS
527955;527956;HAS_ADDRESS
527960;527961;HAS_ADDRESS
527965;527966;HAS_ADDRESS
527970;527971;HAS_ADDRESS
527975;527976;HAS_ADDRESS
527980;527981;HAS_ADDRESS
527985;527986;HAS_ADDRESS
527990;527991;HAS_ADDRESS
527995;527996;HAS_ADDRESS
528000;528001;HAS_ADDRESS
528005;528006;HAS_ADDRESS
528010;528011;HAS_ADDRESS
528015;528016;HAS_ADDRESS
528020;528021;HAS_ADDRESS
528025;528026;HAS_ADDRESS
528030;528031;HAS_ADDRESS
528035;528036;HAS_ADDRESS
528040;528041;HAS_ADDRESS
528045;528046;HAS_ADDRESS
528050;528051;HAS_ADDRESS
528055;528056;HAS_ADDRESS
528060;528061;HAS_ADDRESS
528065;528066;HAS_ADDRESS
528070;528071;HAS_ADDRESS
528075;528076;HAS_ADDRESS
528080;528081;HAS_ADDRESS
528085;528086;HAS_ADDRESS
528090;528091;HAS_ADDRESS
528095;528096;HAS_ADDRESS
528100;528101;HAS_ADDRESS
528105;528106;HAS_ADDRESS
528110;528111;HAS_ADDRESS
528115;528116;HAS_ADDRESS
528120;528121;HAS_ADDRESS
528125;528126;HAS_ADDRESS
528130;528131;HAS_ADDRESS
528135;528136;HAS_ADDRESS
528140;528141;HAS_ADDRESS
528145;528146;HAS_ADDRESS
528150;528151;HAS_ADDRESS
528155;528156;HAS_ADDRESS
528160;528161;HAS_ADDRESS
528165;528166;HAS_ADDRESS
528170;528171;HAS_ADDRESS
528175;528176;HAS_ADDRESS
528180;528181;HAS_ADDRESS
528185;528186;HAS_ADDRESS
528190;528191;HAS_ADDRESS
528195;528196;HAS_ADDRESS
528200;528201;HAS_ADDRESS
528205;528206;HAS_ADDRESS
528210;528211;HAS_ADDRESS
528215;528216;HAS_ADDRESS
528220;528221;HAS_ADDRESS
528225;528226;HAS_ADDRESS
528230;528231;HAS_ADDRESS
528235;528236;HAS_ADDRESS
528240;528241;HAS_ADDRESS
528245;528246;HAS_ADDRESS
528250;528251;HAS_ADDRESS
528255;528256;HAS_ADDRESS
528260;528261;HAS_ADDRESS
528265;528266;HAS_ADDRESS
528270;528271;HAS_ADDRESS
528275;528276;HAS_ADDRESS
528280;528281;HAS_ADDRESS
528285;528286;HAS_ADDRESS
528290;528291;HAS_ADDRESS
528295;528296;HAS_ADDRESS
528300;528301;HAS_ADDRESS
528305;528306;HAS_ADDRESS
528310;528311;HAS_ADDRESS
528315;528316;HAS_ADDRESS
528320;528321;HAS_ADDRESS
528325;528326;HAS_ADDRESS
528330;528331;HAS_ADDRESS
528335;528336;HAS_ADDRESS
528340;528341;HAS_ADDRESS
528345;528346;HAS_ADDRESS
528350;528351;HAS_ADDRESS
528355;528356;HAS_ADDRESS
528360;528361;HAS_ADDRESS
528365;528366;HAS_ADDRESS
528370;528371;HAS_ADDRESS
528375;528376;HAS_ADDRESS
528380;528381;HAS_ADDRESS
528385;528386;HAS_ADDRESS
528390;528391;HAS_ADDRESS
528395;528396;HAS_ADDRESS
528400;528401;HAS_ADDRESS
528405;528406;HAS_ADDRESS
528410;528411;HAS_ADDRESS
528415;528416;HAS_ADDRESS
528420;528421;HAS_ADDRESS
528425;528426;HAS_ADDRESS
528430;528431;HAS_ADDRESS
528435;528436;HAS_ADDRESS
528440;528441;HAS_ADDRESS
528445;528446;HAS_ADDRESS
528450;528451;HAS_ADDRESS
528455;528456;HAS_ADDRESS
528460;528461;HAS_ADDRESS
528465;528466;HAS_ADDRESS
528470;528471;HAS_ADDRESS
528475;528476;HAS_ADDRESS
528480;528481;HAS_ADDRESS
528485;528486;HAS_ADDRESS
528490;528491;HAS_ADDRESS
528495;528496;HAS_ADDRESS
528500;528501;HAS_ADDRESS
528505;528506;HAS_ADDRESS
528510;528511;HAS_ADDRESS
528515;528516;HAS_ADDRESS
528520;528521;HAS_ADDRESS
528525;528526;HAS_ADDRESS
528530;528531;HAS_ADDRESS
528535;528536;HAS_ADDRESS
528540;528541;HAS_ADDRESS
528545;528546;HAS_ADDRESS
528550;528551;HAS_ADDRESS
528555;528556;HAS_ADDRESS
528560;528561;HAS_ADDRESS
528565;528566;HAS_ADDRESS
528570;528571;HAS_ADDRESS
528575;528576;HAS_ADDRESS
528580;528581;HAS_ADDRESS
528585;528586;HAS_ADDRESS
528590;528591;HAS_ADDRESS
528595;528596;HAS_ADDRESS
528600;528601;HAS_ADDRESS
528605;528606;HAS_ADDRESS
528610;528611;HAS_ADDRESS
528615;528616;HAS_ADDRESS
528620;528621;HAS_ADDRESS
528625;528626;HAS_ADDRESS
528630;528631;HAS_ADDRESS
528635;528636;HAS_ADDRESS
528640;528641;HAS_ADDRESS
528645;528646;HAS_ADDRESS
528650;528651;HAS_ADDRESS
528655;528656;HAS_ADDRESS
528660;528661;HAS_ADDRESS
528665;528666;HAS_ADDRESS
528670;528671;HAS_ADDRESS
528675;528676;HAS_ADDRESS
528680;528681;HAS_ADDRESS
528685;528686;HAS_ADDRESS
528690;528691;HAS_ADDRESS
528695;528696;HAS_ADDRESS
528700;528701;HAS_ADDRESS
528705;528706;HAS_ADDRESS
528710;528711;HAS_ADDRESS
528715;528716;HAS_ADDRESS
528720;528721;HAS_ADDRESS
528725;528726;HAS_ADDRESS
528730;528731;HAS_ADDRESS
528735;528736;HAS_ADDRESS
528740;528741;HAS_ADDRESS
528745;528746;HAS_ADDRESS
528750;528751;HAS_ADDRESS
528755;528756;HAS_ADDRESS
528760;528761;HAS_ADDRESS
528765;528766;HAS_ADDRESS
528770;528771;HAS_ADDRESS
528775;528776;HAS_ADDRESS
528780;528781;HAS_ADDRESS
528785;528786;HAS_ADDRESS
528790;528791;HAS_ADDRESS
528795;528796;HAS_ADDRESS
528800;528801;HAS_ADDRESS
528805;528806;HAS_ADDRESS
528810;528811;HAS_ADDRESS
528815;528816;HAS_ADDRESS
528820;528821;HAS_ADDRESS
528825;528826;HAS_ADDRESS
528830;528831;HAS_ADDRESS
528835;528836;HAS_ADDRESS
528840;528841;HAS_ADDRESS
528845;528846;HAS_ADDRESS
528850;528851;HAS_ADDRESS
528855;528856;HAS_ADDRESS
528860;528861;HAS_ADDRESS
528865;528866;HAS_ADDRESS
528870;528871;HAS_ADDRESS
528875;528876;HAS_ADDRESS
528880;528881;HAS_ADDRESS
528885;528886;HAS_ADDRESS
528890;528891;HAS_ADDRESS
528895;528896;HAS_ADDRESS
528900;528901;HAS_ADDRESS
528905;528906;HAS_ADDRESS
528910;528911;HAS_ADDRESS
528915;528916;HAS_ADDRESS
528920;528921;HAS_ADDRESS
528925;528926;HAS_ADDRESS
528930;528931;HAS_ADDRESS
528935;528936;HAS_ADDRESS
528940;528941;HAS_ADDRESS
528945;528946;HAS_ADDRESS
528950;528951;HAS_ADDRESS
528955;528956;HAS_ADDRESS
528960;528961;HAS_ADDRESS
528965;528966;HAS_ADDRESS
528970;528971;HAS_ADDRESS
528975;528976;HAS_ADDRESS
528980;528981;HAS_ADDRESS
528985;528986;HAS_ADDRESS
528990;528991;HAS_ADDRESS
528995;528996;HAS_ADDRESS
529000;529001;HAS_ADDRESS
529005;529006;HAS_ADDRESS
529010;529011;HAS_ADDRESS
529015;529016;HAS_ADDRESS
529020;529021;HAS_ADDRESS
529025;529026;HAS_ADDRESS
529030;529031;HAS_ADDRESS
529035;529036;HAS_ADDRESS
529040;529041;HAS_ADDRESS
529045;529046;HAS_ADDRESS
529050;529051;HAS_ADDRESS
529055;529056;HAS_ADDRESS
529060;529061;HAS_ADDRESS
529065;529066;HAS_ADDRESS
529070;529071;HAS_ADDRESS
529075;529076;HAS_ADDRESS
529080;529081;HAS_ADDRESS
529085;529086;HAS_ADDRESS
529090;529091;HAS_ADDRESS
529095;529096;HAS_ADDRESS
529100;529101;HAS_ADDRESS
529105;529106;HAS_ADDRESS
529110;529111;HAS_ADDRESS
529115;529116;HAS_ADDRESS
529120;529121;HAS_ADDRESS
529125;529126;HAS_ADDRESS
529130;529131;HAS_ADDRESS
529135;529136;HAS_ADDRESS
529140;529141;HAS_ADDRESS
529145;529146;HAS_ADDRESS
529150;529151;HAS_ADDRESS
529155;529156;HAS_ADDRESS
529160;529161;HAS_ADDRESS
529165;529166;HAS_ADDRESS
529170;529171;HAS_ADDRESS
529175;529176;HAS_ADDRESS
529180;529181;HAS_ADDRESS
529185;529186;HAS_ADDRESS
529190;529191;HAS_ADDRESS
529195;529196;HAS_ADDRESS
529200;529201;HAS_ADDRESS
529205;529206;HAS_ADDRESS
529210;529211;HAS_ADDRESS
529215;529216;HAS_ADDRESS
529220;529221;HAS_ADDRESS
529225;529226;HAS_ADDRESS
529230;529231;HAS_ADDRESS
529235;529236;HAS_ADDRESS
529240;529241;HAS_ADDRESS
529245;529246;HAS_ADDRESS
529250;529251;HAS_ADDRESS
529255;529256;HAS_ADDRESS
529260;529261;HAS_ADDRESS
529265;529266;HAS_ADDRESS
529270;529271;HAS_ADDRESS
529275;529276;HAS_ADDRESS
529280;529281;HAS_ADDRESS
529285;529286;HAS_ADDRESS
529290;529291;HAS_ADDRESS
529295;529296;HAS_ADDRESS
529300;529301;HAS_ADDRESS
529305;529306;HAS_ADDRESS
529310;529311;HAS_ADDRESS
529315;529316;HAS_ADDRESS
529320;529321;HAS_ADDRESS
529325;529326;HAS_ADDRESS
529330;529331;HAS_ADDRESS
529335;529336;HAS_ADDRESS
529340;529341;HAS_ADDRESS
529345;529346;HAS_ADDRESS
529350;529351;HAS_ADDRESS
529355;529356;HAS_ADDRESS
529360;529361;HAS_ADDRESS
529365;529366;HAS_ADDRESS
529370;529371;HAS_ADDRESS
529375;529376;HAS_ADDRESS
529380;529381;HAS_ADDRESS
529385;529386;HAS_ADDRESS
529390;529391;HAS_ADDRESS
529395;529396;HAS_ADDRESS
529400;529401;HAS_ADDRESS
529405;529406;HAS_ADDRESS
529410;529411;HAS_ADDRESS
529415;529416;HAS_ADDRESS
529420;529421;HAS_ADDRESS
529425;529426;HAS_ADDRESS
529430;529431;HAS_ADDRESS
529435;529436;HAS_ADDRESS
529440;529441;HAS_ADDRESS
529445;529446;HAS_ADDRESS
529450;529451;HAS_ADDRESS
529455;529456;HAS_ADDRESS
529460;529461;HAS_ADDRESS
529465;529466;HAS_ADDRESS
529470;529471;HAS_ADDRESS
529475;529476;HAS_ADDRESS
529480;529481;HAS_ADDRESS
529485;529486;HAS_ADDRESS
529490;529491;HAS_ADDRESS
529495;529496;HAS_ADDRESS
529500;529501;HAS_ADDRESS
529505;529506;HAS_ADDRESS
529510;529511;HAS_ADDRESS
529515;529516;HAS_ADDRESS
529520;529521;HAS_ADDRESS
529525;529526;HAS_ADDRESS
529530;529531;HAS_ADDRESS
529535;529536;HAS_ADDRESS
529540;529541;HAS_ADDRESS
529545;529546;HAS_ADDRESS
529550;529551;HAS_ADDRESS
529555;529556;HAS_ADDRESS
529560;529561;HAS_ADDRESS
529565;529566;HAS_ADDRESS
529570;529571;HAS_ADDRESS
529575;529576;HAS_ADDRESS
529580;529581;HAS_ADDRESS
529585;529586;HAS_ADDRESS
529590;529591;HAS_ADDRESS
529595;529596;HAS_ADDRESS
529600;529601;HAS_ADDRESS
529605;529606;HAS_ADDRESS
529610;529611;HAS_ADDRESS
529615;529616;HAS_ADDRESS
529620;529621;HAS_ADDRESS
529625;529626;HAS_ADDRESS
529630;529631;HAS_ADDRESS
529635;529636;HAS_ADDRESS
529640;529641;HAS_ADDRESS
529645;529646;HAS_ADDRESS
529650;529651;HAS_ADDRESS
529655;529656;HAS_ADDRESS
529660;529661;HAS_ADDRESS
529665;529666;HAS_ADDRESS
529670;529671;HAS_ADDRESS
529675;529676;HAS_ADDRESS
529680;529681;HAS_ADDRESS
529685;529686;HAS_ADDRESS
529690;529691;HAS_ADDRESS
529695;529696;HAS_ADDRESS
529700;529701;HAS_ADDRESS
529705;529706;HAS_ADDRESS
529710;529711;HAS_ADDRESS
529715;529716;HAS_ADDRESS
529720;529721;HAS_ADDRESS
529725;529726;HAS_ADDRESS
529730;529731;HAS_ADDRESS
529735;529736;HAS_ADDRESS
529740;529741;HAS_ADDRESS
529745;529746;HAS_ADDRESS
529750;529751;HAS_ADDRESS
529755;529756;HAS_ADDRESS
529760;529761;HAS_ADDRESS
529765;529766;HAS_ADDRESS
529770;529771;HAS_ADDRESS
529775;529776;HAS_ADDRESS
529780;529781;HAS_ADDRESS
529785;529786;HAS_ADDRESS
529790;529791;HAS_ADDRESS
529795;529796;HAS_ADDRESS
529800;529801;HAS_ADDRESS
529805;529806;HAS_ADDRESS
529810;529811;HAS_ADDRESS
529815;529816;HAS_ADDRESS
529820;529821;HAS_ADDRESS
529825;529826;HAS_ADDRESS
529830;529831;HAS_ADDRESS
529835;529836;HAS_ADDRESS
529840;529841;HAS_ADDRESS
529845;529846;HAS_ADDRESS
529850;529851;HAS_ADDRESS
529855;529856;HAS_ADDRESS
529860;529861;HAS_ADDRESS
529865;529866;HAS_ADDRESS
529870;529871;HAS_ADDRESS
529875;529876;HAS_ADDRESS
529880;529881;HAS_ADDRESS
529885;529886;HAS_ADDRESS
529890;529891;HAS_ADDRESS
529895;529896;HAS_ADDRESS
529900;529901;HAS_ADDRESS
529905;529906;HAS_ADDRESS
529910;529911;HAS_ADDRESS
529915;529916;HAS_ADDRESS
529920;529921;HAS_ADDRESS
529925;529926;HAS_ADDRESS
529930;529931;HAS_ADDRESS
529935;529936;HAS_ADDRESS
529940;529941;HAS_ADDRESS
529945;529946;HAS_ADDRESS
529950;529951;HAS_ADDRESS
529955;529956;HAS_ADDRESS
529960;529961;HAS_ADDRESS
529965;529966;HAS_ADDRESS
529970;529971;HAS_ADDRESS
529975;529976;HAS_ADDRESS
529980;529981;HAS_ADDRESS
529985;529986;HAS_ADDRESS
529990;529991;HAS_ADDRESS
529995;529996;HAS_ADDRESS
530000;530001;HAS_ADDRESS
530005;530006;HAS_ADDRESS
530010;530011;HAS_ADDRESS
530015;530016;HAS_ADDRESS
530020;530021;HAS_ADDRESS
530025;530026;HAS_ADDRESS
530030;530031;HAS_ADDRESS
530035;530036;HAS_ADDRESS
530040;530041;HAS_ADDRESS
530045;530046;HAS_ADDRESS
530050;530051;HAS_ADDRESS
530055;530056;HAS_ADDRESS
530060;530061;HAS_ADDRESS
530065;530066;HAS_ADDRESS
530070;530071;HAS_ADDRESS
530075;530076;HAS_ADDRESS
530080;530081;HAS_ADDRESS
530085;530086;HAS_ADDRESS
530090;530091;HAS_ADDRESS
530095;530096;HAS_ADDRESS
530100;530101;HAS_ADDRESS
530105;530106;HAS_ADDRESS
530110;530111;HAS_ADDRESS
530115;530116;HAS_ADDRESS
530120;530121;HAS_ADDRESS
530125;530126;HAS_ADDRESS
530130;530131;HAS_ADDRESS
530135;530136;HAS_ADDRESS
530140;530141;HAS_ADDRESS
530145;530146;HAS_ADDRESS
530150;530151;HAS_ADDRESS
530155;530156;HAS_ADDRESS
530160;530161;HAS_ADDRESS
530165;530166;HAS_ADDRESS
530170;530171;HAS_ADDRESS
530175;530176;HAS_ADDRESS
530180;530181;HAS_ADDRESS
530185;530186;HAS_ADDRESS
530190;530191;HAS_ADDRESS
530195;530196;HAS_ADDRESS
530200;530201;HAS_ADDRESS
530205;530206;HAS_ADDRESS
530210;530211;HAS_ADDRESS
530215;530216;HAS_ADDRESS
530220;530221;HAS_ADDRESS
530225;530226;HAS_ADDRESS
530230;530231;HAS_ADDRESS
530235;530236;HAS_ADDRESS
530240;530241;HAS_ADDRESS
530245;530246;HAS_ADDRESS
530250;530251;HAS_ADDRESS
530255;530256;HAS_ADDRESS
530260;530261;HAS_ADDRESS
530265;530266;HAS_ADDRESS
530270;530271;HAS_ADDRESS
530275;530276;HAS_ADDRESS
530280;530281;HAS_ADDRESS
530285;530286;HAS_ADDRESS
530290;530291;HAS_ADDRESS
530295;530296;HAS_ADDRESS
530300;530301;HAS_ADDRESS
530305;530306;HAS_ADDRESS
530310;530311;HAS_ADDRESS
530315;530316;HAS_ADDRESS
530320;530321;HAS_ADDRESS
530325;530326;HAS_ADDRESS
530330;530331;HAS_ADDRESS
530335;530336;HAS_ADDRESS
530340;530341;HAS_ADDRESS
530345;530346;HAS_ADDRESS
530350;530351;HAS_ADDRESS
530355;530356;HAS_ADDRESS
530360;530361;HAS_ADDRESS
530365;530366;HAS_ADDRESS
530370;530371;HAS_ADDRESS
530375;530376;HAS_ADDRESS
530380;530381;HAS_ADDRESS
530385;530386;HAS_ADDRESS
530390;530391;HAS_ADDRESS
530395;530396;HAS_ADDRESS
530400;530401;HAS_ADDRESS
530405;530406;HAS_ADDRESS
530410;530411;HAS_ADDRESS
530415;530416;HAS_ADDRESS
530420;530421;HAS_ADDRESS
530425;530426;HAS_ADDRESS
530430;530431;HAS_ADDRESS
530435;530436;HAS_ADDRESS
530440;530441;HAS_ADDRESS
530445;530446;HAS_ADDRESS
530450;530451;HAS_ADDRESS
530455;530456;HAS_ADDRESS
530460;530461;HAS_ADDRESS
530465;530466;HAS_ADDRESS
530470;530471;HAS_ADDRESS
530475;530476;HAS_ADDRESS
530480;530481;HAS_ADDRESS
530485;530486;HAS_ADDRESS
530490;530491;HAS_ADDRESS
530495;530496;HAS_ADDRESS
530500;530501;HAS_ADDRESS
530505;530506;HAS_ADDRESS
530510;530511;HAS_ADDRESS
530515;530516;HAS_ADDRESS
530520;530521;HAS_ADDRESS
530525;530526;HAS_ADDRESS
530530;530531;HAS_ADDRESS
530535;530536;HAS_ADDRESS
530540;530541;HAS_ADDRESS
530545;530546;HAS_ADDRESS
530550;530551;HAS_ADDRESS
530555;530556;HAS_ADDRESS
530560;530561;HAS_ADDRESS
530565;530566;HAS_ADDRESS
530570;530571;HAS_ADDRESS
530575;530576;HAS_ADDRESS
530580;530581;HAS_ADDRESS
530585;530586;HAS_ADDRESS
530590;530591;HAS_ADDRESS
530595;530596;HAS_ADDRESS
530600;530601;HAS_ADDRESS
530605;530606;HAS_ADDRESS
530610;530611;HAS_ADDRESS
530615;530616;HAS_ADDRESS
530620;530621;HAS_ADDRESS
530625;530626;HAS_ADDRESS
530630;530631;HAS_ADDRESS
530635;530636;HAS_ADDRESS
530640;530641;HAS_ADDRESS
530645;530646;HAS_ADDRESS
530650;530651;HAS_ADDRESS
530655;530656;HAS_ADDRESS
530660;530661;HAS_ADDRESS
530665;530666;HAS_ADDRESS
530670;530671;HAS_ADDRESS
530675;530676;HAS_ADDRESS
530680;530681;HAS_ADDRESS
530685;530686;HAS_ADDRESS
530690;530691;HAS_ADDRESS
530695;530696;HAS_ADDRESS
530700;530701;HAS_ADDRESS
530705;530706;HAS_ADDRESS
530710;530711;HAS_ADDRESS
530715;530716;HAS_ADDRESS
530720;530721;HAS_ADDRESS
530725;530726;HAS_ADDRESS
530730;530731;HAS_ADDRESS
530735;530736;HAS_ADDRESS
530740;530741;HAS_ADDRESS
530745;530746;HAS_ADDRESS
530750;530751;HAS_ADDRESS
530755;530756;HAS_ADDRESS
530760;530761;HAS_ADDRESS
530765;530766;HAS_ADDRESS
530770;530771;HAS_ADDRESS
530775;530776;HAS_ADDRESS
530780;530781;HAS_ADDRESS
530785;530786;HAS_ADDRESS
530790;530791;HAS_ADDRESS
530795;530796;HAS_ADDRESS
530800;530801;HAS_ADDRESS
530805;530806;HAS_ADDRESS
530810;530811;HAS_ADDRESS
530815;530816;HAS_ADDRESS
530820;530821;HAS_ADDRESS
530825;530826;HAS_ADDRESS
530830;530831;HAS_ADDRESS
530835;530836;HAS_ADDRESS
530840;530841;HAS_ADDRESS
530845;530846;HAS_ADDRESS
530850;530851;HAS_ADDRESS
530855;530856;HAS_ADDRESS
530860;530861;HAS_ADDRESS
530865;530866;HAS_ADDRESS
530870;530871;HAS_ADDRESS
530875;530876;HAS_ADDRESS
530880;530881;HAS_ADDRESS
530885;530886;HAS_ADDRESS
530890;530891;HAS_ADDRESS
530895;530896;HAS_ADDRESS
530900;530901;HAS_ADDRESS
530905;530906;HAS_ADDRESS
530910;530911;HAS_ADDRESS
530915;530916;HAS_ADDRESS
530920;530921;HAS_ADDRESS
530925;530926;HAS_ADDRESS
530930;530931;HAS_ADDRESS
530935;530936;HAS_ADDRESS
530940;530941;HAS_ADDRESS
530945;530946;HAS_ADDRESS
530950;530951;HAS_ADDRESS
530955;530956;HAS_ADDRESS
530960;530961;HAS_ADDRESS
530965;530966;HAS_ADDRESS
530970;530971;HAS_ADDRESS
530975;530976;HAS_ADDRESS
530980;530981;HAS_ADDRESS
530985;530986;HAS_ADDRESS
530990;530991;HAS_ADDRESS
530995;530996;HAS_ADDRESS
531000;531001;HAS_ADDRESS
531005;531006;HAS_ADDRESS
531010;531011;HAS_ADDRESS
531015;531016;HAS_ADDRESS
531020;531021;HAS_ADDRESS
531025;531026;HAS_ADDRESS
531030;531031;HAS_ADDRESS
531035;531036;HAS_ADDRESS
531040;531041;HAS_ADDRESS
531045;531046;HAS_ADDRESS
531050;531051;HAS_ADDRESS
531055;531056;HAS_ADDRESS
531060;531061;HAS_ADDRESS
531065;531066;HAS_ADDRESS
531070;531071;HAS_ADDRESS
531075;531076;HAS_ADDRESS
531080;531081;HAS_ADDRESS
531085;531086;HAS_ADDRESS
531090;531091;HAS_ADDRESS
531095;531096;HAS_ADDRESS
531100;531101;HAS_ADDRESS
531105;531106;HAS_ADDRESS
531110;531111;HAS_ADDRESS
531115;531116;HAS_ADDRESS
531120;531121;HAS_ADDRESS
531125;531126;HAS_ADDRESS
531130;531131;HAS_ADDRESS
531135;531136;HAS_ADDRESS
531140;531141;HAS_ADDRESS
531145;531146;HAS_ADDRESS
531150;531151;HAS_ADDRESS
531155;531156;HAS_ADDRESS
531160;531161;HAS_ADDRESS
531165;531166;HAS_ADDRESS
531170;531171;HAS_ADDRESS
531175;531176;HAS_ADDRESS
531180;531181;HAS_ADDRESS
531185;531186;HAS_ADDRESS
531190;531191;HAS_ADDRESS
531195;531196;HAS_ADDRESS
531200;531201;HAS_ADDRESS
531205;531206;HAS_ADDRESS
531210;531211;HAS_ADDRESS
531215;531216;HAS_ADDRESS
531220;531221;HAS_ADDRESS
531225;531226;HAS_ADDRESS
531230;531231;HAS_ADDRESS
531235;531236;HAS_ADDRESS
531240;531241;HAS_ADDRESS
531245;531246;HAS_ADDRESS
531250;531251;HAS_ADDRESS
531255;531256;HAS_ADDRESS
531260;531261;HAS_ADDRESS
531265;531266;HAS_ADDRESS
531270;531271;HAS_ADDRESS
531275;531276;HAS_ADDRESS
531280;531281;HAS_ADDRESS
531285;531286;HAS_ADDRESS
531290;531291;HAS_ADDRESS
531295;531296;HAS_ADDRESS
531300;531301;HAS_ADDRESS
531305;531306;HAS_ADDRESS
531310;531311;HAS_ADDRESS
531315;531316;HAS_ADDRESS
531320;531321;HAS_ADDRESS
531325;531326;HAS_ADDRESS
531330;531331;HAS_ADDRESS
531335;531336;HAS_ADDRESS
531340;531341;HAS_ADDRESS
531345;531346;HAS_ADDRESS
531350;531351;HAS_ADDRESS
531355;531356;HAS_ADDRESS
531360;531361;HAS_ADDRESS
531365;531366;HAS_ADDRESS
531370;531371;HAS_ADDRESS
531375;531376;HAS_ADDRESS
531380;531381;HAS_ADDRESS
531385;531386;HAS_ADDRESS
531390;531391;HAS_ADDRESS
531395;531396;HAS_ADDRESS
531400;531401;HAS_ADDRESS
531405;531406;HAS_ADDRESS
531410;531411;HAS_ADDRESS
531415;531416;HAS_ADDRESS
531420;531421;HAS_ADDRESS
531425;531426;HAS_ADDRESS
531430;531431;HAS_ADDRESS
531435;531436;HAS_ADDRESS
531440;531441;HAS_ADDRESS
531445;531446;HAS_ADDRESS
531450;531451;HAS_ADDRESS
531455;531456;HAS_ADDRESS
531460;531461;HAS_ADDRESS
531465;531466;HAS_ADDRESS
531470;531471;HAS_ADDRESS
531475;531476;HAS_ADDRESS
531480;531481;HAS_ADDRESS
531485;531486;HAS_ADDRESS
531490;531491;HAS_ADDRESS
531495;531496;HAS_ADDRESS
531500;531501;HAS_ADDRESS
531505;531506;HAS_ADDRESS
531510;531511;HAS_ADDRESS
531515;531516;HAS_ADDRESS
531520;531521;HAS_ADDRESS
531525;531526;HAS_ADDRESS
531530;531531;HAS_ADDRESS
531535;531536;HAS_ADDRESS
531540;531541;HAS_ADDRESS
531545;531546;HAS_ADDRESS
531550;531551;HAS_ADDRESS
531555;531556;HAS_ADDRESS
531560;531561;HAS_ADDRESS
531565;531566;HAS_ADDRESS
531570;531571;HAS_ADDRESS
531575;531576;HAS_ADDRESS
531580;531581;HAS_ADDRESS
531585;531586;HAS_ADDRESS
531590;531591;HAS_ADDRESS
531595;531596;HAS_ADDRESS
531600;531601;HAS_ADDRESS
531605;531606;HAS_ADDRESS
531610;531611;HAS_ADDRESS
531615;531616;HAS_ADDRESS
531620;531621;HAS_ADDRESS
531625;531626;HAS_ADDRESS
531630;531631;HAS_ADDRESS
531635;531636;HAS_ADDRESS
531640;531641;HAS_ADDRESS
531645;531646;HAS_ADDRESS
531650;531651;HAS_ADDRESS
531655;531656;HAS_ADDRESS
531660;531661;HAS_ADDRESS
531665;531666;HAS_ADDRESS
531670;531671;HAS_ADDRESS
531675;531676;HAS_ADDRESS
531680;531681;HAS_ADDRESS
531685;531686;HAS_ADDRESS
531690;531691;HAS_ADDRESS
531695;531696;HAS_ADDRESS
531700;531701;HAS_ADDRESS
531705;531706;HAS_ADDRESS
531710;531711;HAS_ADDRESS
531715;531716;HAS_ADDRESS
531720;531721;HAS_ADDRESS
531725;531726;HAS_ADDRESS
531730;531731;HAS_ADDRESS
531735;531736;HAS_ADDRESS
531740;531741;HAS_ADDRESS
531745;531746;HAS_ADDRESS
531750;531751;HAS_ADDRESS
531755;531756;HAS_ADDRESS
531760;531761;HAS_ADDRESS
531765;531766;HAS_ADDRESS
531770;531771;HAS_ADDRESS
531775;531776;HAS_ADDRESS
531780;531781;HAS_ADDRESS
531785;531786;HAS_ADDRESS
531790;531791;HAS_ADDRESS
531795;531796;HAS_ADDRESS
531800;531801;HAS_ADDRESS
531805;531806;HAS_ADDRESS
531810;531811;HAS_ADDRESS
531815;531816;HAS_ADDRESS
531820;531821;HAS_ADDRESS
531825;531826;HAS_ADDRESS
531830;531831;HAS_ADDRESS
531835;531836;HAS_ADDRESS
531840;531841;HAS_ADDRESS
531845;531846;HAS_ADDRESS
531850;531851;HAS_ADDRESS
531855;531856;HAS_ADDRESS
531860;531861;HAS_ADDRESS
531865;531866;HAS_ADDRESS
531870;531871;HAS_ADDRESS
531875;531876;HAS_ADDRESS
531880;531881;HAS_ADDRESS
531885;531886;HAS_ADDRESS
531890;531891;HAS_ADDRESS
531895;531896;HAS_ADDRESS
531900;531901;HAS_ADDRESS
531905;531906;HAS_ADDRESS
531910;531911;HAS_ADDRESS
531915;531916;HAS_ADDRESS
531920;531921;HAS_ADDRESS
531925;531926;HAS_ADDRESS
531930;531931;HAS_ADDRESS
531935;531936;HAS_ADDRESS
531940;531941;HAS_ADDRESS
531945;531946;HAS_ADDRESS
531950;531951;HAS_ADDRESS
531955;531956;HAS_ADDRESS
531960;531961;HAS_ADDRESS
531965;531966;HAS_ADDRESS
531970;531971;HAS_ADDRESS
531975;531976;HAS_ADDRESS
531980;531981;HAS_ADDRESS
531985;531986;HAS_ADDRESS
531990;531991;HAS_ADDRESS
531995;531996;HAS_ADDRESS
532000;532001;HAS_ADDRESS
532005;532006;HAS_ADDRESS
532010;532011;HAS_ADDRESS
532015;532016;HAS_ADDRESS
532020;532021;HAS_ADDRESS
532025;532026;HAS_ADDRESS
532030;532031;HAS_ADDRESS
532035;532036;HAS_ADDRESS
532040;532041;HAS_ADDRESS
532045;532046;HAS_ADDRESS
532050;532051;HAS_ADDRESS
532055;532056;HAS_ADDRESS
532060;532061;HAS_ADDRESS
532065;532066;HAS_ADDRESS
532070;532071;HAS_ADDRESS
532075;532076;HAS_ADDRESS
532080;532081;HAS_ADDRESS
532085;532086;HAS_ADDRESS
532090;532091;HAS_ADDRESS
532095;532096;HAS_ADDRESS
532100;532101;HAS_ADDRESS
532105;532106;HAS_ADDRESS
532110;532111;HAS_ADDRESS
532115;532116;HAS_ADDRESS
532120;532121;HAS_ADDRESS
532125;532126;HAS_ADDRESS
532130;532131;HAS_ADDRESS
532135;532136;HAS_ADDRESS
532140;532141;HAS_ADDRESS
532145;532146;HAS_ADDRESS
532150;532151;HAS_ADDRESS
532155;532156;HAS_ADDRESS
532160;532161;HAS_ADDRESS
532165;532166;HAS_ADDRESS
532170;532171;HAS_ADDRESS
532175;532176;HAS_ADDRESS
532180;532181;HAS_ADDRESS
532185;532186;HAS_ADDRESS
532190;532191;HAS_ADDRESS
532195;532196;HAS_ADDRESS
532200;532201;HAS_ADDRESS
532205;532206;HAS_ADDRESS
532210;532211;HAS_ADDRESS
532215;532216;HAS_ADDRESS
532220;532221;HAS_ADDRESS
532225;532226;HAS_ADDRESS
532230;532231;HAS_ADDRESS
532235;532236;HAS_ADDRESS
532240;532241;HAS_ADDRESS
532245;532246;HAS_ADDRESS
532250;532251;HAS_ADDRESS
532255;532256;HAS_ADDRESS
532260;532261;HAS_ADDRESS
532265;532266;HAS_ADDRESS
532270;532271;HAS_ADDRESS
532275;532276;HAS_ADDRESS
532280;532281;HAS_ADDRESS
532285;532286;HAS_ADDRESS
532290;532291;HAS_ADDRESS
532295;532296;HAS_ADDRESS
532300;532301;HAS_ADDRESS
532305;532306;HAS_ADDRESS
532310;532311;HAS_ADDRESS
532315;532316;HAS_ADDRESS
532320;532321;HAS_ADDRESS
532325;532326;HAS_ADDRESS
532330;532331;HAS_ADDRESS
532335;532336;HAS_ADDRESS
532340;532341;HAS_ADDRESS
532345;532346;HAS_ADDRESS
532350;532351;HAS_ADDRESS
532355;532356;HAS_ADDRESS
532360;532361;HAS_ADDRESS
532365;532366;HAS_ADDRESS
532370;532371;HAS_ADDRESS
532375;532376;HAS_ADDRESS
532380;532381;HAS_ADDRESS
532385;532386;HAS_ADDRESS
532390;532391;HAS_ADDRESS
532395;532396;HAS_ADDRESS
532400;532401;HAS_ADDRESS
532405;532406;HAS_ADDRESS
532410;532411;HAS_ADDRESS
532415;532416;HAS_ADDRESS
532420;532421;HAS_ADDRESS
532425;532426;HAS_ADDRESS
532430;532431;HAS_ADDRESS
532435;532436;HAS_ADDRESS
532440;532441;HAS_ADDRESS
532445;532446;HAS_ADDRESS
532450;532451;HAS_ADDRESS
532455;532456;HAS_ADDRESS
532460;532461;HAS_ADDRESS
532465;532466;HAS_ADDRESS
532470;532471;HAS_ADDRESS
532475;532476;HAS_ADDRESS
532480;532481;HAS_ADDRESS
532485;532486;HAS_ADDRESS
532490;532491;HAS_ADDRESS
532495;532496;HAS_ADDRESS
532500;532501;HAS_ADDRESS
532505;532506;HAS_ADDRESS
532510;532511;HAS_ADDRESS
532515;532516;HAS_ADDRESS
532520;532521;HAS_ADDRESS
532525;532526;HAS_ADDRESS
532530;532531;HAS_ADDRESS
532535;532536;HAS_ADDRESS
532540;532541;HAS_ADDRESS
532545;532546;HAS_ADDRESS
532550;532551;HAS_ADDRESS
532555;532556;HAS_ADDRESS
532560;532561;HAS_ADDRESS
532565;532566;HAS_ADDRESS
532570;532571;HAS_ADDRESS
532575;532576;HAS_ADDRESS
532580;532581;HAS_ADDRESS
532585;532586;HAS_ADDRESS
532590;532591;HAS_ADDRESS
532595;532596;HAS_ADDRESS
532600;532601;HAS_ADDRESS
532605;532606;HAS_ADDRESS
532610;532611;HAS_ADDRESS
532615;532616;HAS_ADDRESS
532620;532621;HAS_ADDRESS
532625;532626;HAS_ADDRESS
532630;532631;HAS_ADDRESS
532635;532636;HAS_ADDRESS
532640;532641;HAS_ADDRESS
532645;532646;HAS_ADDRESS
532650;532651;HAS_ADDRESS
532655;532656;HAS_ADDRESS
532660;532661;HAS_ADDRESS
532665;532666;HAS_ADDRESS
532670;532671;HAS_ADDRESS
532675;532676;HAS_ADDRESS
532680;532681;HAS_ADDRESS
532685;532686;HAS_ADDRESS
532690;532691;HAS_ADDRESS
532695;532696;HAS_ADDRESS
532700;532701;HAS_ADDRESS
532705;532706;HAS_ADDRESS
532710;532711;HAS_ADDRESS
532715;532716;HAS_ADDRESS
532720;532721;HAS_ADDRESS
532725;532726;HAS_ADDRESS
532730;532731;HAS_ADDRESS
532735;532736;HAS_ADDRESS
532740;532741;HAS_ADDRESS
532745;532746;HAS_ADDRESS
532750;532751;HAS_ADDRESS
532755;532756;HAS_ADDRESS
532760;532761;HAS_ADDRESS
532765;532766;HAS_ADDRESS
532770;532771;HAS_ADDRESS
532775;532776;HAS_ADDRESS
532780;532781;HAS_ADDRESS
532785;532786;HAS_ADDRESS
532790;532791;HAS_ADDRESS
532795;532796;HAS_ADDRESS
532800;532801;HAS_ADDRESS
532805;532806;HAS_ADDRESS
532810;532811;HAS_ADDRESS
532815;532816;HAS_ADDRESS
532820;532821;HAS_ADDRESS
532825;532826;HAS_ADDRESS
532830;532831;HAS_ADDRESS
532835;532836;HAS_ADDRESS
532840;532841;HAS_ADDRESS
532845;532846;HAS_ADDRESS
532850;532851;HAS_ADDRESS
532855;532856;HAS_ADDRESS
532860;532861;HAS_ADDRESS
532865;532866;HAS_ADDRESS
532870;532871;HAS_ADDRESS
532875;532876;HAS_ADDRESS
532880;532881;HAS_ADDRESS
532885;532886;HAS_ADDRESS
532890;532891;HAS_ADDRESS
532895;532896;HAS_ADDRESS
532900;532901;HAS_ADDRESS
532905;532906;HAS_ADDRESS
532910;532911;HAS_ADDRESS
532915;532916;HAS_ADDRESS
532920;532921;HAS_ADDRESS
532925;532926;HAS_ADDRESS
532930;532931;HAS_ADDRESS
532935;532936;HAS_ADDRESS
532940;532941;HAS_ADDRESS
532945;532946;HAS_ADDRESS
532950;532951;HAS_ADDRESS
532955;532956;HAS_ADDRESS
532960;532961;HAS_ADDRESS
532965;532966;HAS_ADDRESS
532970;532971;HAS_ADDRESS
532975;532976;HAS_ADDRESS
532980;532981;HAS_ADDRESS
532985;532986;HAS_ADDRESS
532990;532991;HAS_ADDRESS
532995;532996;HAS_ADDRESS
533000;533001;HAS_ADDRESS
533005;533006;HAS_ADDRESS
533010;533011;HAS_ADDRESS
533015;533016;HAS_ADDRESS
533020;533021;HAS_ADDRESS
533025;533026;HAS_ADDRESS
533030;533031;HAS_ADDRESS
533035;533036;HAS_ADDRESS
533040;533041;HAS_ADDRESS
533045;533046;HAS_ADDRESS
533050;533051;HAS_ADDRESS
533055;533056;HAS_ADDRESS
533060;533061;HAS_ADDRESS
533065;533066;HAS_ADDRESS
533070;533071;HAS_ADDRESS
533075;533076;HAS_ADDRESS
533080;533081;HAS_ADDRESS
533085;533086;HAS_ADDRESS
533090;533091;HAS_ADDRESS
533095;533096;HAS_ADDRESS
533100;533101;HAS_ADDRESS
533105;533106;HAS_ADDRESS
533110;533111;HAS_ADDRESS
533115;533116;HAS_ADDRESS
533120;533121;HAS_ADDRESS
533125;533126;HAS_ADDRESS
533130;533131;HAS_ADDRESS
533135;533136;HAS_ADDRESS
533140;533141;HAS_ADDRESS
533145;533146;HAS_ADDRESS
533150;533151;HAS_ADDRESS
533155;533156;HAS_ADDRESS
533160;533161;HAS_ADDRESS
533165;533166;HAS_ADDRESS
533170;533171;HAS_ADDRESS
533175;533176;HAS_ADDRESS
533180;533181;HAS_ADDRESS
533185;533186;HAS_ADDRESS
533190;533191;HAS_ADDRESS
533195;533196;HAS_ADDRESS
533200;533201;HAS_ADDRESS
533205;533206;HAS_ADDRESS
533210;533211;HAS_ADDRESS
533215;533216;HAS_ADDRESS
533220;533221;HAS_ADDRESS
533225;533226;HAS_ADDRESS
533230;533231;HAS_ADDRESS
533235;533236;HAS_ADDRESS
533240;533241;HAS_ADDRESS
533245;533246;HAS_ADDRESS
533250;533251;HAS_ADDRESS
533255;533256;HAS_ADDRESS
533260;533261;HAS_ADDRESS
533265;533266;HAS_ADDRESS
533270;533271;HAS_ADDRESS
533275;533276;HAS_ADDRESS
533280;533281;HAS_ADDRESS
533285;533286;HAS_ADDRESS
533290;533291;HAS_ADDRESS
533295;533296;HAS_ADDRESS
533300;533301;HAS_ADDRESS
533305;533306;HAS_ADDRESS
533310;533311;HAS_ADDRESS
533315;533316;HAS_ADDRESS
533320;533321;HAS_ADDRESS
533325;533326;HAS_ADDRESS
533330;533331;HAS_ADDRESS
533335;533336;HAS_ADDRESS
533340;533341;HAS_ADDRESS
533345;533346;HAS_ADDRESS
533350;533351;HAS_ADDRESS
533355;533356;HAS_ADDRESS
533360;533361;HAS_ADDRESS
533365;533366;HAS_ADDRESS
533370;533371;HAS_ADDRESS
533375;533376;HAS_ADDRESS
533380;533381;HAS_ADDRESS
533385;533386;HAS_ADDRESS
533390;533391;HAS_ADDRESS
533395;533396;HAS_ADDRESS
533400;533401;HAS_ADDRESS
533405;533406;HAS_ADDRESS
533410;533411;HAS_ADDRESS
533415;533416;HAS_ADDRESS
533420;533421;HAS_ADDRESS
533425;533426;HAS_ADDRESS
533430;533431;HAS_ADDRESS
533435;533436;HAS_ADDRESS
533440;533441;HAS_ADDRESS
533445;533446;HAS_ADDRESS
533450;533451;HAS_ADDRESS
533455;533456;HAS_ADDRESS
533460;533461;HAS_ADDRESS
533465;533466;HAS_ADDRESS
533470;533471;HAS_ADDRESS
533475;533476;HAS_ADDRESS
533480;533481;HAS_ADDRESS
533485;533486;HAS_ADDRESS
533490;533491;HAS_ADDRESS
533495;533496;HAS_ADDRESS
533500;533501;HAS_ADDRESS
533505;533506;HAS_ADDRESS
533510;533511;HAS_ADDRESS
533515;533516;HAS_ADDRESS
533520;533521;HAS_ADDRESS
533525;533526;HAS_ADDRESS
533530;533531;HAS_ADDRESS
533535;533536;HAS_ADDRESS
533540;533541;HAS_ADDRESS
533545;533546;HAS_ADDRESS
533550;533551;HAS_ADDRESS
533555;533556;HAS_ADDRESS
533560;533561;HAS_ADDRESS
533565;533566;HAS_ADDRESS
533570;533571;HAS_ADDRESS
533575;533576;HAS_ADDRESS
533580;533581;HAS_ADDRESS
533585;533586;HAS_ADDRESS
533590;533591;HAS_ADDRESS
533595;533596;HAS_ADDRESS
533600;533601;HAS_ADDRESS
533605;533606;HAS_ADDRESS
533610;533611;HAS_ADDRESS
533615;533616;HAS_ADDRESS
533620;533621;HAS_ADDRESS
533625;533626;HAS_ADDRESS
533630;533631;HAS_ADDRESS
533635;533636;HAS_ADDRESS
533640;533641;HAS_ADDRESS
533645;533646;HAS_ADDRESS
533650;533651;HAS_ADDRESS
533655;533656;HAS_ADDRESS
533660;533661;HAS_ADDRESS
533665;533666;HAS_ADDRESS
533670;533671;HAS_ADDRESS
533675;533676;HAS_ADDRESS
533680;533681;HAS_ADDRESS
533685;533686;HAS_ADDRESS
533690;533691;HAS_ADDRESS
533695;533696;HAS_ADDRESS
533700;533701;HAS_ADDRESS
533705;533706;HAS_ADDRESS
533710;533711;HAS_ADDRESS
533715;533716;HAS_ADDRESS
533720;533721;HAS_ADDRESS
533725;533726;HAS_ADDRESS
533730;533731;HAS_ADDRESS
533735;533736;HAS_ADDRESS
533740;533741;HAS_ADDRESS
533745;533746;HAS_ADDRESS
533750;533751;HAS_ADDRESS
533755;533756;HAS_ADDRESS
533760;533761;HAS_ADDRESS
533765;533766;HAS_ADDRESS
533770;533771;HAS_ADDRESS
533775;533776;HAS_ADDRESS
533780;533781;HAS_ADDRESS
533785;533786;HAS_ADDRESS
533790;533791;HAS_ADDRESS
533795;533796;HAS_ADDRESS
533800;533801;HAS_ADDRESS
533805;533806;HAS_ADDRESS
533810;533811;HAS_ADDRESS
533815;533816;HAS_ADDRESS
533820;533821;HAS_ADDRESS
533825;533826;HAS_ADDRESS
533830;533831;HAS_ADDRESS
533835;533836;HAS_ADDRESS
533840;533841;HAS_ADDRESS
533845;533846;HAS_ADDRESS
533850;533851;HAS_ADDRESS
533855;533856;HAS_ADDRESS
533860;533861;HAS_ADDRESS
533865;533866;HAS_ADDRESS
533870;533871;HAS_ADDRESS
533875;533876;HAS_ADDRESS
533880;533881;HAS_ADDRESS
533885;533886;HAS_ADDRESS
533890;533891;HAS_ADDRESS
533895;533896;HAS_ADDRESS
533900;533901;HAS_ADDRESS
533905;533906;HAS_ADDRESS
533910;533911;HAS_ADDRESS
533915;533916;HAS_ADDRESS
533920;533921;HAS_ADDRESS
533925;533926;HAS_ADDRESS
533930;533931;HAS_ADDRESS
533935;533936;HAS_ADDRESS
533940;533941;HAS_ADDRESS
533945;533946;HAS_ADDRESS
533950;533951;HAS_ADDRESS
533955;533956;HAS_ADDRESS
533960;533961;HAS_ADDRESS
533965;533966;HAS_ADDRESS
533970;533971;HAS_ADDRESS
533975;533976;HAS_ADDRESS
533980;533981;HAS_ADDRESS
533985;533986;HAS_ADDRESS
533990;533991;HAS_ADDRESS
533995;533996;HAS_ADDRESS
534000;534001;HAS_ADDRESS
534005;534006;HAS_ADDRESS
534010;534011;HAS_ADDRESS
534015;534016;HAS_ADDRESS
534020;534021;HAS_ADDRESS
534025;534026;HAS_ADDRESS
534030;534031;HAS_ADDRESS
534035;534036;HAS_ADDRESS
534040;534041;HAS_ADDRESS
534045;534046;HAS_ADDRESS
534050;534051;HAS_ADDRESS
534055;534056;HAS_ADDRESS
534060;534061;HAS_ADDRESS
534065;534066;HAS_ADDRESS
534070;534071;HAS_ADDRESS
534075;534076;HAS_ADDRESS
534080;534081;HAS_ADDRESS
534085;534086;HAS_ADDRESS
534090;534091;HAS_ADDRESS
534095;534096;HAS_ADDRESS
534100;534101;HAS_ADDRESS
534105;534106;HAS_ADDRESS
534110;534111;HAS_ADDRESS
534115;534116;HAS_ADDRESS
534120;534121;HAS_ADDRESS
534125;534126;HAS_ADDRESS
534130;534131;HAS_ADDRESS
534135;534136;HAS_ADDRESS
534140;534141;HAS_ADDRESS
534145;534146;HAS_ADDRESS
534150;534151;HAS_ADDRESS
534155;534156;HAS_ADDRESS
534160;534161;HAS_ADDRESS
534165;534166;HAS_ADDRESS
534170;534171;HAS_ADDRESS
534175;534176;HAS_ADDRESS
534180;534181;HAS_ADDRESS
534185;534186;HAS_ADDRESS
534190;534191;HAS_ADDRESS
534195;534196;HAS_ADDRESS
534200;534201;HAS_ADDRESS
534205;534206;HAS_ADDRESS
534210;534211;HAS_ADDRESS
534215;534216;HAS_ADDRESS
534220;534221;HAS_ADDRESS
534225;534226;HAS_ADDRESS
534230;534231;HAS_ADDRESS
534235;534236;HAS_ADDRESS
534240;534241;HAS_ADDRESS
534245;534246;HAS_ADDRESS
534250;534251;HAS_ADDRESS
534255;534256;HAS_ADDRESS
534260;534261;HAS_ADDRESS
534265;534266;HAS_ADDRESS
534270;534271;HAS_ADDRESS
534275;534276;HAS_ADDRESS
534280;534281;HAS_ADDRESS
534285;534286;HAS_ADDRESS
534290;534291;HAS_ADDRESS
534295;534296;HAS_ADDRESS
534300;534301;HAS_ADDRESS
534305;534306;HAS_ADDRESS
534310;534311;HAS_ADDRESS
534315;534316;HAS_ADDRESS
534320;534321;HAS_ADDRESS
534325;534326;HAS_ADDRESS
534330;534331;HAS_ADDRESS
534335;534336;HAS_ADDRESS
534340;534341;HAS_ADDRESS
534345;534346;HAS_ADDRESS
534350;534351;HAS_ADDRESS
534355;534356;HAS_ADDRESS
534360;534361;HAS_ADDRESS
534365;534366;HAS_ADDRESS
534370;534371;HAS_ADDRESS
534375;534376;HAS_ADDRESS
534380;534381;HAS_ADDRESS
534385;534386;HAS_ADDRESS
534390;534391;HAS_ADDRESS
534395;534396;HAS_ADDRESS
534400;534401;HAS_ADDRESS
534405;534406;HAS_ADDRESS
534410;534411;HAS_ADDRESS
534415;534416;HAS_ADDRESS
534420;534421;HAS_ADDRESS
534425;534426;HAS_ADDRESS
534430;534431;HAS_ADDRESS
534435;534436;HAS_ADDRESS
534440;534441;HAS_ADDRESS
534445;534446;HAS_ADDRESS
534450;534451;HAS_ADDRESS
534455;534456;HAS_ADDRESS
534460;534461;HAS_ADDRESS
534465;534466;HAS_ADDRESS
534470;534471;HAS_ADDRESS
534475;534476;HAS_ADDRESS
534480;534481;HAS_ADDRESS
534485;534486;HAS_ADDRESS
534490;534491;HAS_ADDRESS
534495;534496;HAS_ADDRESS
534500;534501;HAS_ADDRESS
534505;534506;HAS_ADDRESS
534510;534511;HAS_ADDRESS
534515;534516;HAS_ADDRESS
534520;534521;HAS_ADDRESS
534525;534526;HAS_ADDRESS
534530;534531;HAS_ADDRESS
534535;534536;HAS_ADDRESS
534540;534541;HAS_ADDRESS
534545;534546;HAS_ADDRESS
534550;534551;HAS_ADDRESS
534555;534556;HAS_ADDRESS
534560;534561;HAS_ADDRESS
534565;534566;HAS_ADDRESS
534570;534571;HAS_ADDRESS
534575;534576;HAS_ADDRESS
534580;534581;HAS_ADDRESS
534585;534586;HAS_ADDRESS
534590;534591;HAS_ADDRESS
534595;534596;HAS_ADDRESS
534600;534601;HAS_ADDRESS
534605;534606;HAS_ADDRESS
534610;534611;HAS_ADDRESS
534615;534616;HAS_ADDRESS
534620;534621;HAS_ADDRESS
534625;534626;HAS_ADDRESS
534630;534631;HAS_ADDRESS
534635;534636;HAS_ADDRESS
534640;534641;HAS_ADDRESS
534645;534646;HAS_ADDRESS
534650;534651;HAS_ADDRESS
534655;534656;HAS_ADDRESS
534660;534661;HAS_ADDRESS
534665;534666;HAS_ADDRESS
534670;534671;HAS_ADDRESS
534675;534676;HAS_ADDRESS
534680;534681;HAS_ADDRESS
534685;534686;HAS_ADDRESS
534690;534691;HAS_ADDRESS
534695;534696;HAS_ADDRESS
534700;534701;HAS_ADDRESS
534705;534706;HAS_ADDRESS
534710;534711;HAS_ADDRESS
534715;534716;HAS_ADDRESS
534720;534721;HAS_ADDRESS
534725;534726;HAS_ADDRESS
534730;534731;HAS_ADDRESS
534735;534736;HAS_ADDRESS
534740;534741;HAS_ADDRESS
534745;534746;HAS_ADDRESS
534750;534751;HAS_ADDRESS
534755;534756;HAS_ADDRESS
534760;534761;HAS_ADDRESS
534765;534766;HAS_ADDRESS
534770;534771;HAS_ADDRESS
534775;534776;HAS_ADDRESS
534780;534781;HAS_ADDRESS
534785;534786;HAS_ADDRESS
534790;534791;HAS_ADDRESS
534795;534796;HAS_ADDRESS
534800;534801;HAS_ADDRESS
534805;534806;HAS_ADDRESS
534810;534811;HAS_ADDRESS
534815;534816;HAS_ADDRESS
534820;534821;HAS_ADDRESS
534825;534826;HAS_ADDRESS
534830;534831;HAS_ADDRESS
534835;534836;HAS_ADDRESS
534840;534841;HAS_ADDRESS
534845;534846;HAS_ADDRESS
534850;534851;HAS_ADDRESS
534855;534856;HAS_ADDRESS
534860;534861;HAS_ADDRESS
534865;534866;HAS_ADDRESS
534870;534871;HAS_ADDRESS
534875;534876;HAS_ADDRESS
534880;534881;HAS_ADDRESS
534885;534886;HAS_ADDRESS
534890;534891;HAS_ADDRESS
534895;534896;HAS_ADDRESS
534900;534901;HAS_ADDRESS
534905;534906;HAS_ADDRESS
534910;534911;HAS_ADDRESS
534915;534916;HAS_ADDRESS
534920;534921;HAS_ADDRESS
534925;534926;HAS_ADDRESS
534930;534931;HAS_ADDRESS
534935;534936;HAS_ADDRESS
534940;534941;HAS_ADDRESS
534945;534946;HAS_ADDRESS
534950;534951;HAS_ADDRESS
534955;534956;HAS_ADDRESS
534960;534961;HAS_ADDRESS
534965;534966;HAS_ADDRESS
534970;534971;HAS_ADDRESS
534975;534976;HAS_ADDRESS
534980;534981;HAS_ADDRESS
534985;534986;HAS_ADDRESS
534990;534991;HAS_ADDRESS
534995;534996;HAS_ADDRESS
535000;535001;HAS_ADDRESS
535005;535006;HAS_ADDRESS
535010;535011;HAS_ADDRESS
535015;535016;HAS_ADDRESS
535020;535021;HAS_ADDRESS
535025;535026;HAS_ADDRESS
535030;535031;HAS_ADDRESS
535035;535036;HAS_ADDRESS
535040;535041;HAS_ADDRESS
535045;535046;HAS_ADDRESS
535050;535051;HAS_ADDRESS
535055;535056;HAS_ADDRESS
535060;535061;HAS_ADDRESS
535065;535066;HAS_ADDRESS
535070;535071;HAS_ADDRESS
535075;535076;HAS_ADDRESS
535080;535081;HAS_ADDRESS
535085;535086;HAS_ADDRESS
535090;535091;HAS_ADDRESS
535095;535096;HAS_ADDRESS
535100;535101;HAS_ADDRESS
535105;535106;HAS_ADDRESS
535110;535111;HAS_ADDRESS
535115;535116;HAS_ADDRESS
535120;535121;HAS_ADDRESS
535125;535126;HAS_ADDRESS
535130;535131;HAS_ADDRESS
535135;535136;HAS_ADDRESS
535140;535141;HAS_ADDRESS
535145;535146;HAS_ADDRESS
535150;535151;HAS_ADDRESS
535155;535156;HAS_ADDRESS
535160;535161;HAS_ADDRESS
535165;535166;HAS_ADDRESS
535170;535171;HAS_ADDRESS
535175;535176;HAS_ADDRESS
535180;535181;HAS_ADDRESS
535185;535186;HAS_ADDRESS
535190;535191;HAS_ADDRESS
535195;535196;HAS_ADDRESS
535200;535201;HAS_ADDRESS
535205;535206;HAS_ADDRESS
535210;535211;HAS_ADDRESS
535215;535216;HAS_ADDRESS
535220;535221;HAS_ADDRESS
535225;535226;HAS_ADDRESS
535230;535231;HAS_ADDRESS
535235;535236;HAS_ADDRESS
535240;535241;HAS_ADDRESS
535245;535246;HAS_ADDRESS
535250;535251;HAS_ADDRESS
535255;535256;HAS_ADDRESS
535260;535261;HAS_ADDRESS
535265;535266;HAS_ADDRESS
535270;535271;HAS_ADDRESS
535275;535276;HAS_ADDRESS
535280;535281;HAS_ADDRESS
535285;535286;HAS_ADDRESS
535290;535291;HAS_ADDRESS
535295;535296;HAS_ADDRESS
535300;535301;HAS_ADDRESS
535305;535306;HAS_ADDRESS
535310;535311;HAS_ADDRESS
535315;535316;HAS_ADDRESS
535320;535321;HAS_ADDRESS
535325;535326;HAS_ADDRESS
535330;535331;HAS_ADDRESS
535335;535336;HAS_ADDRESS
535340;535341;HAS_ADDRESS
535345;535346;HAS_ADDRESS
535350;535351;HAS_ADDRESS
535355;535356;HAS_ADDRESS
535360;535361;HAS_ADDRESS
535365;535366;HAS_ADDRESS
535370;535371;HAS_ADDRESS
535375;535376;HAS_ADDRESS
535380;535381;HAS_ADDRESS
535385;535386;HAS_ADDRESS
535390;535391;HAS_ADDRESS
535395;535396;HAS_ADDRESS
535400;535401;HAS_ADDRESS
535405;535406;HAS_ADDRESS
535410;535411;HAS_ADDRESS
535415;535416;HAS_ADDRESS
535420;535421;HAS_ADDRESS
535425;535426;HAS_ADDRESS
535430;535431;HAS_ADDRESS
535435;535436;HAS_ADDRESS
535440;535441;HAS_ADDRESS
535445;535446;HAS_ADDRESS
535450;535451;HAS_ADDRESS
535455;535456;HAS_ADDRESS
535460;535461;HAS_ADDRESS
535465;535466;HAS_ADDRESS
535470;535471;HAS_ADDRESS
535475;535476;HAS_ADDRESS
535480;535481;HAS_ADDRESS
535485;535486;HAS_ADDRESS
535490;535491;HAS_ADDRESS
535495;535496;HAS_ADDRESS
535500;535501;HAS_ADDRESS
535505;535506;HAS_ADDRESS
535510;535511;HAS_ADDRESS
535515;535516;HAS_ADDRESS
535520;535521;HAS_ADDRESS
535525;535526;HAS_ADDRESS
535530;535531;HAS_ADDRESS
535535;535536;HAS_ADDRESS
535540;535541;HAS_ADDRESS
535545;535546;HAS_ADDRESS
535550;535551;HAS_ADDRESS
535555;535556;HAS_ADDRESS
535560;535561;HAS_ADDRESS
535565;535566;HAS_ADDRESS
535570;535571;HAS_ADDRESS
535575;535576;HAS_ADDRESS
535580;535581;HAS_ADDRESS
535585;535586;HAS_ADDRESS
535590;535591;HAS_ADDRESS
535595;535596;HAS_ADDRESS
535600;535601;HAS_ADDRESS
535605;535606;HAS_ADDRESS
535610;535611;HAS_ADDRESS
535615;535616;HAS_ADDRESS
535620;535621;HAS_ADDRESS
535625;535626;HAS_ADDRESS
535630;535631;HAS_ADDRESS
535635;535636;HAS_ADDRESS
535640;535641;HAS_ADDRESS
535645;535646;HAS_ADDRESS
535650;535651;HAS_ADDRESS
535655;535656;HAS_ADDRESS
535660;535661;HAS_ADDRESS
535665;535666;HAS_ADDRESS
535670;535671;HAS_ADDRESS
535675;535676;HAS_ADDRESS
535680;535681;HAS_ADDRESS
535685;535686;HAS_ADDRESS
535690;535691;HAS_ADDRESS
535695;535696;HAS_ADDRESS
535700;535701;HAS_ADDRESS
535705;535706;HAS_ADDRESS
535710;535711;HAS_ADDRESS
535715;535716;HAS_ADDRESS
535720;535721;HAS_ADDRESS
535725;535726;HAS_ADDRESS
535730;535731;HAS_ADDRESS
535735;535736;HAS_ADDRESS
535740;535741;HAS_ADDRESS
535745;535746;HAS_ADDRESS
535750;535751;HAS_ADDRESS
535755;535756;HAS_ADDRESS
535760;535761;HAS_ADDRESS
535765;535766;HAS_ADDRESS
535770;535771;HAS_ADDRESS
535775;535776;HAS_ADDRESS
535780;535781;HAS_ADDRESS
535785;535786;HAS_ADDRESS
535790;535791;HAS_ADDRESS
535795;535796;HAS_ADDRESS
535800;535801;HAS_ADDRESS
535805;535806;HAS_ADDRESS
535810;535811;HAS_ADDRESS
535815;535816;HAS_ADDRESS
535820;535821;HAS_ADDRESS
535825;535826;HAS_ADDRESS
535830;535831;HAS_ADDRESS
535835;535836;HAS_ADDRESS
535840;535841;HAS_ADDRESS
535845;535846;HAS_ADDRESS
535850;535851;HAS_ADDRESS
535855;535856;HAS_ADDRESS
535860;535861;HAS_ADDRESS
535865;535866;HAS_ADDRESS
535870;535871;HAS_ADDRESS
535875;535876;HAS_ADDRESS
535880;535881;HAS_ADDRESS
535885;535886;HAS_ADDRESS
535890;535891;HAS_ADDRESS
535895;535896;HAS_ADDRESS
535900;535901;HAS_ADDRESS
535905;535906;HAS_ADDRESS
535910;535911;HAS_ADDRESS
535915;535916;HAS_ADDRESS
535920;535921;HAS_ADDRESS
535925;535926;HAS_ADDRESS
535930;535931;HAS_ADDRESS
535935;535936;HAS_ADDRESS
535940;535941;HAS_ADDRESS
535945;535946;HAS_ADDRESS
535950;535951;HAS_ADDRESS
535955;535956;HAS_ADDRESS
535960;535961;HAS_ADDRESS
535965;535966;HAS_ADDRESS
535970;535971;HAS_ADDRESS
535975;535976;HAS_ADDRESS
535980;535981;HAS_ADDRESS
535985;535986;HAS_ADDRESS
535990;535991;HAS_ADDRESS
535995;535996;HAS_ADDRESS
536000;536001;HAS_ADDRESS
536005;536006;HAS_ADDRESS
536010;536011;HAS_ADDRESS
536015;536016;HAS_ADDRESS
536020;536021;HAS_ADDRESS
536025;536026;HAS_ADDRESS
536030;536031;HAS_ADDRESS
536035;536036;HAS_ADDRESS
536040;536041;HAS_ADDRESS
536045;536046;HAS_ADDRESS
536050;536051;HAS_ADDRESS
536055;536056;HAS_ADDRESS
536060;536061;HAS_ADDRESS
536065;536066;HAS_ADDRESS
536070;536071;HAS_ADDRESS
536075;536076;HAS_ADDRESS
536080;536081;HAS_ADDRESS
536085;536086;HAS_ADDRESS
536090;536091;HAS_ADDRESS
536095;536096;HAS_ADDRESS
536100;536101;HAS_ADDRESS
536105;536106;HAS_ADDRESS
536110;536111;HAS_ADDRESS
536115;536116;HAS_ADDRESS
536120;536121;HAS_ADDRESS
536125;536126;HAS_ADDRESS
536130;536131;HAS_ADDRESS
536135;536136;HAS_ADDRESS
536140;536141;HAS_ADDRESS
536145;536146;HAS_ADDRESS
536150;536151;HAS_ADDRESS
536155;536156;HAS_ADDRESS
536160;536161;HAS_ADDRESS
536165;536166;HAS_ADDRESS
536170;536171;HAS_ADDRESS
536175;536176;HAS_ADDRESS
536180;536181;HAS_ADDRESS
536185;536186;HAS_ADDRESS
536190;536191;HAS_ADDRESS
536195;536196;HAS_ADDRESS
536200;536201;HAS_ADDRESS
536205;536206;HAS_ADDRESS
536210;536211;HAS_ADDRESS
536215;536216;HAS_ADDRESS
536220;536221;HAS_ADDRESS
536225;536226;HAS_ADDRESS
536230;536231;HAS_ADDRESS
536235;536236;HAS_ADDRESS
536240;536241;HAS_ADDRESS
536245;536246;HAS_ADDRESS
536250;536251;HAS_ADDRESS
536255;536256;HAS_ADDRESS
536260;536261;HAS_ADDRESS
536265;536266;HAS_ADDRESS
536270;536271;HAS_ADDRESS
536275;536276;HAS_ADDRESS
536280;536281;HAS_ADDRESS
536285;536286;HAS_ADDRESS
536290;536291;HAS_ADDRESS
536295;536296;HAS_ADDRESS
536300;536301;HAS_ADDRESS
536305;536306;HAS_ADDRESS
536310;536311;HAS_ADDRESS
536315;536316;HAS_ADDRESS
536320;536321;HAS_ADDRESS
536325;536326;HAS_ADDRESS
536330;536331;HAS_ADDRESS
536335;536336;HAS_ADDRESS
536340;536341;HAS_ADDRESS
536345;536346;HAS_ADDRESS
536350;536351;HAS_ADDRESS
536355;536356;HAS_ADDRESS
536360;536361;HAS_ADDRESS
536365;536366;HAS_ADDRESS
536370;536371;HAS_ADDRESS
536375;536376;HAS_ADDRESS
536380;536381;HAS_ADDRESS
536385;536386;HAS_ADDRESS
536390;536391;HAS_ADDRESS
536395;536396;HAS_ADDRESS
536400;536401;HAS_ADDRESS
536405;536406;HAS_ADDRESS
536410;536411;HAS_ADDRESS
536415;536416;HAS_ADDRESS
536420;536421;HAS_ADDRESS
536425;536426;HAS_ADDRESS
536430;536431;HAS_ADDRESS
536435;536436;HAS_ADDRESS
536440;536441;HAS_ADDRESS
536445;536446;HAS_ADDRESS
536450;536451;HAS_ADDRESS
536455;536456;HAS_ADDRESS
536460;536461;HAS_ADDRESS
536465;536466;HAS_ADDRESS
536470;536471;HAS_ADDRESS
536475;536476;HAS_ADDRESS
536480;536481;HAS_ADDRESS
536485;536486;HAS_ADDRESS
536490;536491;HAS_ADDRESS
536495;536496;HAS_ADDRESS
536500;536501;HAS_ADDRESS
536505;536506;HAS_ADDRESS
536510;536511;HAS_ADDRESS
536515;536516;HAS_ADDRESS
536520;536521;HAS_ADDRESS
536525;536526;HAS_ADDRESS
536530;536531;HAS_ADDRESS
536535;536536;HAS_ADDRESS
536540;536541;HAS_ADDRESS
536545;536546;HAS_ADDRESS
536550;536551;HAS_ADDRESS
536555;536556;HAS_ADDRESS
536560;536561;HAS_ADDRESS
536565;536566;HAS_ADDRESS
536570;536571;HAS_ADDRESS
536575;536576;HAS_ADDRESS
536580;536581;HAS_ADDRESS
536585;536586;HAS_ADDRESS
536590;536591;HAS_ADDRESS
536595;536596;HAS_ADDRESS
536600;536601;HAS_ADDRESS
536605;536606;HAS_ADDRESS
536610;536611;HAS_ADDRESS
536615;536616;HAS_ADDRESS
536620;536621;HAS_ADDRESS
536625;536626;HAS_ADDRESS
536630;536631;HAS_ADDRESS
536635;536636;HAS_ADDRESS
536640;536641;HAS_ADDRESS
536645;536646;HAS_ADDRESS
536650;536651;HAS_ADDRESS
536655;536656;HAS_ADDRESS
536660;536661;HAS_ADDRESS
536665;536666;HAS_ADDRESS
536670;536671;HAS_ADDRESS
536675;536676;HAS_ADDRESS
536680;536681;HAS_ADDRESS
536685;536686;HAS_ADDRESS
536690;536691;HAS_ADDRESS
536695;536696;HAS_ADDRESS
536700;536701;HAS_ADDRESS
536705;536706;HAS_ADDRESS
536710;536711;HAS_ADDRESS
536715;536716;HAS_ADDRESS
536720;536721;HAS_ADDRESS
536725;536726;HAS_ADDRESS
536730;536731;HAS_ADDRESS
536735;536736;HAS_ADDRESS
536740;536741;HAS_ADDRESS
536745;536746;HAS_ADDRESS
536750;536751;HAS_ADDRESS
536755;536756;HAS_ADDRESS
536760;536761;HAS_ADDRESS
536765;536766;HAS_ADDRESS
536770;536771;HAS_ADDRESS
536775;536776;HAS_ADDRESS
536780;536781;HAS_ADDRESS
536785;536786;HAS_ADDRESS
536790;536791;HAS_ADDRESS
536795;536796;HAS_ADDRESS
536800;536801;HAS_ADDRESS
536805;536806;HAS_ADDRESS
536810;536811;HAS_ADDRESS
536815;536816;HAS_ADDRESS
536820;536821;HAS_ADDRESS
536825;536826;HAS_ADDRESS
536830;536831;HAS_ADDRESS
536835;536836;HAS_ADDRESS
536840;536841;HAS_ADDRESS
536845;536846;HAS_ADDRESS
536850;536851;HAS_ADDRESS
536855;536856;HAS_ADDRESS
536860;536861;HAS_ADDRESS
536865;536866;HAS_ADDRESS
536870;536871;HAS_ADDRESS
536875;536876;HAS_ADDRESS
536880;536881;HAS_ADDRESS
536885;536886;HAS_ADDRESS
536890;536891;HAS_ADDRESS
536895;536896;HAS_ADDRESS
536900;536901;HAS_ADDRESS
536905;536906;HAS_ADDRESS
536910;536911;HAS_ADDRESS
536915;536916;HAS_ADDRESS
536920;536921;HAS_ADDRESS
536925;536926;HAS_ADDRESS
536930;536931;HAS_ADDRESS
536935;536936;HAS_ADDRESS
536940;536941;HAS_ADDRESS
536945;536946;HAS_ADDRESS
536950;536951;HAS_ADDRESS
536955;536956;HAS_ADDRESS
536960;536961;HAS_ADDRESS
536965;536966;HAS_ADDRESS
536970;536971;HAS_ADDRESS
536975;536976;HAS_ADDRESS
536980;536981;HAS_ADDRESS
536985;536986;HAS_ADDRESS
536990;536991;HAS_ADDRESS
536995;536996;HAS_ADDRESS
537000;537001;HAS_ADDRESS
537005;537006;HAS_ADDRESS
537010;537011;HAS_ADDRESS
537015;537016;HAS_ADDRESS
537020;537021;HAS_ADDRESS
537025;537026;HAS_ADDRESS
537030;537031;HAS_ADDRESS
537035;537036;HAS_ADDRESS
537040;537041;HAS_ADDRESS
537045;537046;HAS_ADDRESS
537050;537051;HAS_ADDRESS
537055;537056;HAS_ADDRESS
537060;537061;HAS_ADDRESS
537065;537066;HAS_ADDRESS
537070;537071;HAS_ADDRESS
537075;537076;HAS_ADDRESS
537080;537081;HAS_ADDRESS
537085;537086;HAS_ADDRESS
537090;537091;HAS_ADDRESS
537095;537096;HAS_ADDRESS
537100;537101;HAS_ADDRESS
537105;537106;HAS_ADDRESS
537110;537111;HAS_ADDRESS
537115;537116;HAS_ADDRESS
537120;537121;HAS_ADDRESS
537125;537126;HAS_ADDRESS
537130;537131;HAS_ADDRESS
537135;537136;HAS_ADDRESS
537140;537141;HAS_ADDRESS
537145;537146;HAS_ADDRESS
537150;537151;HAS_ADDRESS
537155;537156;HAS_ADDRESS
537160;537161;HAS_ADDRESS
537165;537166;HAS_ADDRESS
537170;537171;HAS_ADDRESS
537175;537176;HAS_ADDRESS
537180;537181;HAS_ADDRESS
537185;537186;HAS_ADDRESS
537190;537191;HAS_ADDRESS
537195;537196;HAS_ADDRESS
537200;537201;HAS_ADDRESS
537205;537206;HAS_ADDRESS
537210;537211;HAS_ADDRESS
537215;537216;HAS_ADDRESS
537220;537221;HAS_ADDRESS
537225;537226;HAS_ADDRESS
537230;537231;HAS_ADDRESS
537235;537236;HAS_ADDRESS
537240;537241;HAS_ADDRESS
537245;537246;HAS_ADDRESS
537250;537251;HAS_ADDRESS
537255;537256;HAS_ADDRESS
537260;537261;HAS_ADDRESS
537265;537266;HAS_ADDRESS
537270;537271;HAS_ADDRESS
537275;537276;HAS_ADDRESS
537280;537281;HAS_ADDRESS
537285;537286;HAS_ADDRESS
537290;537291;HAS_ADDRESS
537295;537296;HAS_ADDRESS
537300;537301;HAS_ADDRESS
537305;537306;HAS_ADDRESS
537310;537311;HAS_ADDRESS
537315;537316;HAS_ADDRESS
537320;537321;HAS_ADDRESS
537325;537326;HAS_ADDRESS
537330;537331;HAS_ADDRESS
537335;537336;HAS_ADDRESS
537340;537341;HAS_ADDRESS
537345;537346;HAS_ADDRESS
537350;537351;HAS_ADDRESS
537355;537356;HAS_ADDRESS
537360;537361;HAS_ADDRESS
537365;537366;HAS_ADDRESS
537370;537371;HAS_ADDRESS
537375;537376;HAS_ADDRESS
537380;537381;HAS_ADDRESS
537385;537386;HAS_ADDRESS
537390;537391;HAS_ADDRESS
537395;537396;HAS_ADDRESS
537400;537401;HAS_ADDRESS
537405;537406;HAS_ADDRESS
537410;537411;HAS_ADDRESS
537415;537416;HAS_ADDRESS
537420;537421;HAS_ADDRESS
537425;537426;HAS_ADDRESS
537430;537431;HAS_ADDRESS
537435;537436;HAS_ADDRESS
537440;537441;HAS_ADDRESS
537445;537446;HAS_ADDRESS
537450;537451;HAS_ADDRESS
537455;537456;HAS_ADDRESS
537460;537461;HAS_ADDRESS
537465;537466;HAS_ADDRESS
537470;537471;HAS_ADDRESS
537475;537476;HAS_ADDRESS
537480;537481;HAS_ADDRESS
537485;537486;HAS_ADDRESS
537490;537491;HAS_ADDRESS
537495;537496;HAS_ADDRESS
537500;537501;HAS_ADDRESS
537505;537506;HAS_ADDRESS
537510;537511;HAS_ADDRESS
537515;537516;HAS_ADDRESS
537520;537521;HAS_ADDRESS
537525;537526;HAS_ADDRESS
537530;537531;HAS_ADDRESS
537535;537536;HAS_ADDRESS
537540;537541;HAS_ADDRESS
537545;537546;HAS_ADDRESS
537550;537551;HAS_ADDRESS
537555;537556;HAS_ADDRESS
537560;537561;HAS_ADDRESS
537565;537566;HAS_ADDRESS
537570;537571;HAS_ADDRESS
537575;537576;HAS_ADDRESS
537580;537581;HAS_ADDRESS
537585;537586;HAS_ADDRESS
537590;537591;HAS_ADDRESS
537595;537596;HAS_ADDRESS
537600;537601;HAS_ADDRESS
537605;537606;HAS_ADDRESS
537610;537611;HAS_ADDRESS
537615;537616;HAS_ADDRESS
537620;537621;HAS_ADDRESS
537625;537626;HAS_ADDRESS
537630;537631;HAS_ADDRESS
537635;537636;HAS_ADDRESS
537640;537641;HAS_ADDRESS
537645;537646;HAS_ADDRESS
537650;537651;HAS_ADDRESS
537655;537656;HAS_ADDRESS
537660;537661;HAS_ADDRESS
537665;537666;HAS_ADDRESS
537670;537671;HAS_ADDRESS
537675;537676;HAS_ADDRESS
537680;537681;HAS_ADDRESS
537685;537686;HAS_ADDRESS
537690;537691;HAS_ADDRESS
537695;537696;HAS_ADDRESS
537700;537701;HAS_ADDRESS
537705;537706;HAS_ADDRESS
537710;537711;HAS_ADDRESS
537715;537716;HAS_ADDRESS
537720;537721;HAS_ADDRESS
537725;537726;HAS_ADDRESS
537730;537731;HAS_ADDRESS
537735;537736;HAS_ADDRESS
537740;537741;HAS_ADDRESS
537745;537746;HAS_ADDRESS
537750;537751;HAS_ADDRESS
537755;537756;HAS_ADDRESS
537760;537761;HAS_ADDRESS
537765;537766;HAS_ADDRESS
537770;537771;HAS_ADDRESS
537775;537776;HAS_ADDRESS
537780;537781;HAS_ADDRESS
537785;537786;HAS_ADDRESS
537790;537791;HAS_ADDRESS
537795;537796;HAS_ADDRESS
537800;537801;HAS_ADDRESS
537805;537806;HAS_ADDRESS
537810;537811;HAS_ADDRESS
537815;537816;HAS_ADDRESS
537820;537821;HAS_ADDRESS
537825;537826;HAS_ADDRESS
537830;537831;HAS_ADDRESS
537835;537836;HAS_ADDRESS
537840;537841;HAS_ADDRESS
537845;537846;HAS_ADDRESS
537850;537851;HAS_ADDRESS
537855;537856;HAS_ADDRESS
537860;537861;HAS_ADDRESS
537865;537866;HAS_ADDRESS
537870;537871;HAS_ADDRESS
537875;537876;HAS_ADDRESS
537880;537881;HAS_ADDRESS
537885;537886;HAS_ADDRESS
537890;537891;HAS_ADDRESS
537895;537896;HAS_ADDRESS
537900;537901;HAS_ADDRESS
537905;537906;HAS_ADDRESS
537910;537911;HAS_ADDRESS
537915;537916;HAS_ADDRESS
537920;537921;HAS_ADDRESS
537925;537926;HAS_ADDRESS
537930;537931;HAS_ADDRESS
537935;537936;HAS_ADDRESS
537940;537941;HAS_ADDRESS
537945;537946;HAS_ADDRESS
537950;537951;HAS_ADDRESS
537955;537956;HAS_ADDRESS
537960;537961;HAS_ADDRESS
537965;537966;HAS_ADDRESS
537970;537971;HAS_ADDRESS
537975;537976;HAS_ADDRESS
537980;537981;HAS_ADDRESS
537985;537986;HAS_ADDRESS
537990;537991;HAS_ADDRESS
537995;537996;HAS_ADDRESS
538000;538001;HAS_ADDRESS
538005;538006;HAS_ADDRESS
538010;538011;HAS_ADDRESS
538015;538016;HAS_ADDRESS
538020;538021;HAS_ADDRESS
538025;538026;HAS_ADDRESS
538030;538031;HAS_ADDRESS
538035;538036;HAS_ADDRESS
538040;538041;HAS_ADDRESS
538045;538046;HAS_ADDRESS
538050;538051;HAS_ADDRESS
538055;538056;HAS_ADDRESS
538060;538061;HAS_ADDRESS
538065;538066;HAS_ADDRESS
538070;538071;HAS_ADDRESS
538075;538076;HAS_ADDRESS
538080;538081;HAS_ADDRESS
538085;538086;HAS_ADDRESS
538090;538091;HAS_ADDRESS
538095;538096;HAS_ADDRESS
538100;538101;HAS_ADDRESS
538105;538106;HAS_ADDRESS
538110;538111;HAS_ADDRESS
538115;538116;HAS_ADDRESS
538120;538121;HAS_ADDRESS
538125;538126;HAS_ADDRESS
538130;538131;HAS_ADDRESS
538135;538136;HAS_ADDRESS
538140;538141;HAS_ADDRESS
538145;538146;HAS_ADDRESS
538150;538151;HAS_ADDRESS
538155;538156;HAS_ADDRESS
538160;538161;HAS_ADDRESS
538165;538166;HAS_ADDRESS
538170;538171;HAS_ADDRESS
538175;538176;HAS_ADDRESS
538180;538181;HAS_ADDRESS
538185;538186;HAS_ADDRESS
538190;538191;HAS_ADDRESS
538195;538196;HAS_ADDRESS
538200;538201;HAS_ADDRESS
538205;538206;HAS_ADDRESS
538210;538211;HAS_ADDRESS
538215;538216;HAS_ADDRESS
538220;538221;HAS_ADDRESS
538225;538226;HAS_ADDRESS
538230;538231;HAS_ADDRESS
538235;538236;HAS_ADDRESS
538240;538241;HAS_ADDRESS
538245;538246;HAS_ADDRESS
538250;538251;HAS_ADDRESS
538255;538256;HAS_ADDRESS
538260;538261;HAS_ADDRESS
538265;538266;HAS_ADDRESS
538270;538271;HAS_ADDRESS
538275;538276;HAS_ADDRESS
538280;538281;HAS_ADDRESS
538285;538286;HAS_ADDRESS
538290;538291;HAS_ADDRESS
538295;538296;HAS_ADDRESS
538300;538301;HAS_ADDRESS
538305;538306;HAS_ADDRESS
538310;538311;HAS_ADDRESS
538315;538316;HAS_ADDRESS
538320;538321;HAS_ADDRESS
538325;538326;HAS_ADDRESS
538330;538331;HAS_ADDRESS
538335;538336;HAS_ADDRESS
538340;538341;HAS_ADDRESS
538345;538346;HAS_ADDRESS
538350;538351;HAS_ADDRESS
538355;538356;HAS_ADDRESS
538360;538361;HAS_ADDRESS
538365;538366;HAS_ADDRESS
538370;538371;HAS_ADDRESS
538375;538376;HAS_ADDRESS
538380;538381;HAS_ADDRESS
538385;538386;HAS_ADDRESS
538390;538391;HAS_ADDRESS
538395;538396;HAS_ADDRESS
538400;538401;HAS_ADDRESS
538405;538406;HAS_ADDRESS
538410;538411;HAS_ADDRESS
538415;538416;HAS_ADDRESS
538420;538421;HAS_ADDRESS
538425;538426;HAS_ADDRESS
538430;538431;HAS_ADDRESS
538435;538436;HAS_ADDRESS
538440;538441;HAS_ADDRESS
538445;538446;HAS_ADDRESS
538450;538451;HAS_ADDRESS
538455;538456;HAS_ADDRESS
538460;538461;HAS_ADDRESS
538465;538466;HAS_ADDRESS
538470;538471;HAS_ADDRESS
538475;538476;HAS_ADDRESS
538480;538481;HAS_ADDRESS
538485;538486;HAS_ADDRESS
538490;538491;HAS_ADDRESS
538495;538496;HAS_ADDRESS
538500;538501;HAS_ADDRESS
538505;538506;HAS_ADDRESS
538510;538511;HAS_ADDRESS
538515;538516;HAS_ADDRESS
538520;538521;HAS_ADDRESS
538525;538526;HAS_ADDRESS
538530;538531;HAS_ADDRESS
538535;538536;HAS_ADDRESS
538540;538541;HAS_ADDRESS
538545;538546;HAS_ADDRESS
538550;538551;HAS_ADDRESS
538555;538556;HAS_ADDRESS
538560;538561;HAS_ADDRESS
538565;538566;HAS_ADDRESS
538570;538571;HAS_ADDRESS
538575;538576;HAS_ADDRESS
538580;538581;HAS_ADDRESS
538585;538586;HAS_ADDRESS
538590;538591;HAS_ADDRESS
538595;538596;HAS_ADDRESS
538600;538601;HAS_ADDRESS
538605;538606;HAS_ADDRESS
538610;538611;HAS_ADDRESS
538615;538616;HAS_ADDRESS
538620;538621;HAS_ADDRESS
538625;538626;HAS_ADDRESS
538630;538631;HAS_ADDRESS
538635;538636;HAS_ADDRESS
538640;538641;HAS_ADDRESS
538645;538646;HAS_ADDRESS
538650;538651;HAS_ADDRESS
538655;538656;HAS_ADDRESS
538660;538661;HAS_ADDRESS
538665;538666;HAS_ADDRESS
538670;538671;HAS_ADDRESS
538675;538676;HAS_ADDRESS
538680;538681;HAS_ADDRESS
538685;538686;HAS_ADDRESS
538690;538691;HAS_ADDRESS
538695;538696;HAS_ADDRESS
538700;538701;HAS_ADDRESS
538705;538706;HAS_ADDRESS
538710;538711;HAS_ADDRESS
538715;538716;HAS_ADDRESS
538720;538721;HAS_ADDRESS
538725;538726;HAS_ADDRESS
538730;538731;HAS_ADDRESS
538735;538736;HAS_ADDRESS
538740;538741;HAS_ADDRESS
538745;538746;HAS_ADDRESS
538750;538751;HAS_ADDRESS
538755;538756;HAS_ADDRESS
538760;538761;HAS_ADDRESS
538765;538766;HAS_ADDRESS
538770;538771;HAS_ADDRESS
538775;538776;HAS_ADDRESS
538780;538781;HAS_ADDRESS
538785;538786;HAS_ADDRESS
538790;538791;HAS_ADDRESS
538795;538796;HAS_ADDRESS
538800;538801;HAS_ADDRESS
538805;538806;HAS_ADDRESS
538810;538811;HAS_ADDRESS
538815;538816;HAS_ADDRESS
538820;538821;HAS_ADDRESS
538825;538826;HAS_ADDRESS
538830;538831;HAS_ADDRESS
538835;538836;HAS_ADDRESS
538840;538841;HAS_ADDRESS
538845;538846;HAS_ADDRESS
538850;538851;HAS_ADDRESS
538855;538856;HAS_ADDRESS
538860;538861;HAS_ADDRESS
538865;538866;HAS_ADDRESS
538870;538871;HAS_ADDRESS
538875;538876;HAS_ADDRESS
538880;538881;HAS_ADDRESS
538885;538886;HAS_ADDRESS
538890;538891;HAS_ADDRESS
538895;538896;HAS_ADDRESS
538900;538901;HAS_ADDRESS
538905;538906;HAS_ADDRESS
538910;538911;HAS_ADDRESS
538915;538916;HAS_ADDRESS
538920;538921;HAS_ADDRESS
538925;538926;HAS_ADDRESS
538930;538931;HAS_ADDRESS
538935;538936;HAS_ADDRESS
538940;538941;HAS_ADDRESS
538945;538946;HAS_ADDRESS
538950;538951;HAS_ADDRESS
538955;538956;HAS_ADDRESS
538960;538961;HAS_ADDRESS
538965;538966;HAS_ADDRESS
538970;538971;HAS_ADDRESS
538975;538976;HAS_ADDRESS
538980;538981;HAS_ADDRESS
538985;538986;HAS_ADDRESS
538990;538991;HAS_ADDRESS
538995;538996;HAS_ADDRESS
539000;539001;HAS_ADDRESS
539005;539006;HAS_ADDRESS
539010;539011;HAS_ADDRESS
539015;539016;HAS_ADDRESS
539020;539021;HAS_ADDRESS
539025;539026;HAS_ADDRESS
539030;539031;HAS_ADDRESS
539035;539036;HAS_ADDRESS
539040;539041;HAS_ADDRESS
539045;539046;HAS_ADDRESS
539050;539051;HAS_ADDRESS
539055;539056;HAS_ADDRESS
539060;539061;HAS_ADDRESS
539065;539066;HAS_ADDRESS
539070;539071;HAS_ADDRESS
539075;539076;HAS_ADDRESS
539080;539081;HAS_ADDRESS
539085;539086;HAS_ADDRESS
539090;539091;HAS_ADDRESS
539095;539096;HAS_ADDRESS
539100;539101;HAS_ADDRESS
539105;539106;HAS_ADDRESS
539110;539111;HAS_ADDRESS
539115;539116;HAS_ADDRESS
539120;539121;HAS_ADDRESS
539125;539126;HAS_ADDRESS
539130;539131;HAS_ADDRESS
539135;539136;HAS_ADDRESS
539140;539141;HAS_ADDRESS
539145;539146;HAS_ADDRESS
539150;539151;HAS_ADDRESS
539155;539156;HAS_ADDRESS
539160;539161;HAS_ADDRESS
539165;539166;HAS_ADDRESS
539170;539171;HAS_ADDRESS
539175;539176;HAS_ADDRESS
539180;539181;HAS_ADDRESS
539185;539186;HAS_ADDRESS
539190;539191;HAS_ADDRESS
539195;539196;HAS_ADDRESS
539200;539201;HAS_ADDRESS
539205;539206;HAS_ADDRESS
539210;539211;HAS_ADDRESS
539215;539216;HAS_ADDRESS
539220;539221;HAS_ADDRESS
539225;539226;HAS_ADDRESS
539230;539231;HAS_ADDRESS
539235;539236;HAS_ADDRESS
539240;539241;HAS_ADDRESS
539245;539246;HAS_ADDRESS
539250;539251;HAS_ADDRESS
539255;539256;HAS_ADDRESS
539260;539261;HAS_ADDRESS
539265;539266;HAS_ADDRESS
539270;539271;HAS_ADDRESS
539275;539276;HAS_ADDRESS
539280;539281;HAS_ADDRESS
539285;539286;HAS_ADDRESS
539290;539291;HAS_ADDRESS
539295;539296;HAS_ADDRESS
539300;539301;HAS_ADDRESS
539305;539306;HAS_ADDRESS
539310;539311;HAS_ADDRESS
539315;539316;HAS_ADDRESS
539320;539321;HAS_ADDRESS
539325;539326;HAS_ADDRESS
539330;539331;HAS_ADDRESS
539335;539336;HAS_ADDRESS
539340;539341;HAS_ADDRESS
539345;539346;HAS_ADDRESS
539350;539351;HAS_ADDRESS
539355;539356;HAS_ADDRESS
539360;539361;HAS_ADDRESS
539365;539366;HAS_ADDRESS
539370;539371;HAS_ADDRESS
539375;539376;HAS_ADDRESS
539380;539381;HAS_ADDRESS
539385;539386;HAS_ADDRESS
539390;539391;HAS_ADDRESS
539395;539396;HAS_ADDRESS
539400;539401;HAS_ADDRESS
539405;539406;HAS_ADDRESS
539410;539411;HAS_ADDRESS
539415;539416;HAS_ADDRESS
539420;539421;HAS_ADDRESS
539425;539426;HAS_ADDRESS
539430;539431;HAS_ADDRESS
539435;539436;HAS_ADDRESS
539440;539441;HAS_ADDRESS
539445;539446;HAS_ADDRESS
539450;539451;HAS_ADDRESS
539455;539456;HAS_ADDRESS
539460;539461;HAS_ADDRESS
539465;539466;HAS_ADDRESS
539470;539471;HAS_ADDRESS
539475;539476;HAS_ADDRESS
539480;539481;HAS_ADDRESS
539485;539486;HAS_ADDRESS
539490;539491;HAS_ADDRESS
539495;539496;HAS_ADDRESS
539500;539501;HAS_ADDRESS
539505;539506;HAS_ADDRESS
539510;539511;HAS_ADDRESS
539515;539516;HAS_ADDRESS
539520;539521;HAS_ADDRESS
539525;539526;HAS_ADDRESS
539530;539531;HAS_ADDRESS
539535;539536;HAS_ADDRESS
539540;539541;HAS_ADDRESS
539545;539546;HAS_ADDRESS
539550;539551;HAS_ADDRESS
539555;539556;HAS_ADDRESS
539560;539561;HAS_ADDRESS
539565;539566;HAS_ADDRESS
539570;539571;HAS_ADDRESS
539575;539576;HAS_ADDRESS
539580;539581;HAS_ADDRESS
539585;539586;HAS_ADDRESS
539590;539591;HAS_ADDRESS
539595;539596;HAS_ADDRESS
539600;539601;HAS_ADDRESS
539605;539606;HAS_ADDRESS
539610;539611;HAS_ADDRESS
539615;539616;HAS_ADDRESS
539620;539621;HAS_ADDRESS
539625;539626;HAS_ADDRESS
539630;539631;HAS_ADDRESS
539635;539636;HAS_ADDRESS
539640;539641;HAS_ADDRESS
539645;539646;HAS_ADDRESS
539650;539651;HAS_ADDRESS
539655;539656;HAS_ADDRESS
539660;539661;HAS_ADDRESS
539665;539666;HAS_ADDRESS
539670;539671;HAS_ADDRESS
539675;539676;HAS_ADDRESS
539680;539681;HAS_ADDRESS
539685;539686;HAS_ADDRESS
539690;539691;HAS_ADDRESS
539695;539696;HAS_ADDRESS
539700;539701;HAS_ADDRESS
539705;539706;HAS_ADDRESS
539710;539711;HAS_ADDRESS
539715;539716;HAS_ADDRESS
539720;539721;HAS_ADDRESS
539725;539726;HAS_ADDRESS
539730;539731;HAS_ADDRESS
539735;539736;HAS_ADDRESS
539740;539741;HAS_ADDRESS
539745;539746;HAS_ADDRESS
539750;539751;HAS_ADDRESS
539755;539756;HAS_ADDRESS
539760;539761;HAS_ADDRESS
539765;539766;HAS_ADDRESS
539770;539771;HAS_ADDRESS
539775;539776;HAS_ADDRESS
539780;539781;HAS_ADDRESS
539785;539786;HAS_ADDRESS
539790;539791;HAS_ADDRESS
539795;539796;HAS_ADDRESS
539800;539801;HAS_ADDRESS
539805;539806;HAS_ADDRESS
539810;539811;HAS_ADDRESS
539815;539816;HAS_ADDRESS
539820;539821;HAS_ADDRESS
539825;539826;HAS_ADDRESS
539830;539831;HAS_ADDRESS
539835;539836;HAS_ADDRESS
539840;539841;HAS_ADDRESS
539845;539846;HAS_ADDRESS
539850;539851;HAS_ADDRESS
539855;539856;HAS_ADDRESS
539860;539861;HAS_ADDRESS
539865;539866;HAS_ADDRESS
539870;539871;HAS_ADDRESS
539875;539876;HAS_ADDRESS
539880;539881;HAS_ADDRESS
539885;539886;HAS_ADDRESS
539890;539891;HAS_ADDRESS
539895;539896;HAS_ADDRESS
539900;539901;HAS_ADDRESS
539905;539906;HAS_ADDRESS
539910;539911;HAS_ADDRESS
539915;539916;HAS_ADDRESS
539920;539921;HAS_ADDRESS
539925;539926;HAS_ADDRESS
539930;539931;HAS_ADDRESS
539935;539936;HAS_ADDRESS
539940;539941;HAS_ADDRESS
539945;539946;HAS_ADDRESS
539950;539951;HAS_ADDRESS
539955;539956;HAS_ADDRESS
539960;539961;HAS_ADDRESS
539965;539966;HAS_ADDRESS
539970;539971;HAS_ADDRESS
539975;539976;HAS_ADDRESS
539980;539981;HAS_ADDRESS
539985;539986;HAS_ADDRESS
539990;539991;HAS_ADDRESS
539995;539996;HAS_ADDRESS
540000;540001;HAS_ADDRESS
540005;540006;HAS_ADDRESS
540010;540011;HAS_ADDRESS
540015;540016;HAS_ADDRESS
540020;540021;HAS_ADDRESS
540025;540026;HAS_ADDRESS
540030;540031;HAS_ADDRESS
540035;540036;HAS_ADDRESS
540040;540041;HAS_ADDRESS
540045;540046;HAS_ADDRESS
540050;540051;HAS_ADDRESS
540055;540056;HAS_ADDRESS
540060;540061;HAS_ADDRESS
540065;540066;HAS_ADDRESS
540070;540071;HAS_ADDRESS
540075;540076;HAS_ADDRESS
540080;540081;HAS_ADDRESS
540085;540086;HAS_ADDRESS
540090;540091;HAS_ADDRESS
540095;540096;HAS_ADDRESS
540100;540101;HAS_ADDRESS
540105;540106;HAS_ADDRESS
540110;540111;HAS_ADDRESS
540115;540116;HAS_ADDRESS
540120;540121;HAS_ADDRESS
540125;540126;HAS_ADDRESS
540130;540131;HAS_ADDRESS
540135;540136;HAS_ADDRESS
540140;540141;HAS_ADDRESS
540145;540146;HAS_ADDRESS
540150;540151;HAS_ADDRESS
540155;540156;HAS_ADDRESS
540160;540161;HAS_ADDRESS
540165;540166;HAS_ADDRESS
540170;540171;HAS_ADDRESS
540175;540176;HAS_ADDRESS
540180;540181;HAS_ADDRESS
540185;540186;HAS_ADDRESS
540190;540191;HAS_ADDRESS
540195;540196;HAS_ADDRESS
540200;540201;HAS_ADDRESS
540205;540206;HAS_ADDRESS
540210;540211;HAS_ADDRESS
540215;540216;HAS_ADDRESS
540220;540221;HAS_ADDRESS
540225;540226;HAS_ADDRESS
540230;540231;HAS_ADDRESS
540235;540236;HAS_ADDRESS
540240;540241;HAS_ADDRESS
540245;540246;HAS_ADDRESS
540250;540251;HAS_ADDRESS
540255;540256;HAS_ADDRESS
540260;540261;HAS_ADDRESS
540265;540266;HAS_ADDRESS
540270;540271;HAS_ADDRESS
540275;540276;HAS_ADDRESS
540280;540281;HAS_ADDRESS
540285;540286;HAS_ADDRESS
540290;540291;HAS_ADDRESS
540295;540296;HAS_ADDRESS
540300;540301;HAS_ADDRESS
540305;540306;HAS_ADDRESS
540310;540311;HAS_ADDRESS
540315;540316;HAS_ADDRESS
540320;540321;HAS_ADDRESS
540325;540326;HAS_ADDRESS
540330;540331;HAS_ADDRESS
540335;540336;HAS_ADDRESS
540340;540341;HAS_ADDRESS
540345;540346;HAS_ADDRESS
540350;540351;HAS_ADDRESS
540355;540356;HAS_ADDRESS
540360;540361;HAS_ADDRESS
540365;540366;HAS_ADDRESS
540370;540371;HAS_ADDRESS
540375;540376;HAS_ADDRESS
540380;540381;HAS_ADDRESS
540385;540386;HAS_ADDRESS
540390;540391;HAS_ADDRESS
540395;540396;HAS_ADDRESS
540400;540401;HAS_ADDRESS
540405;540406;HAS_ADDRESS
540410;540411;HAS_ADDRESS
540415;540416;HAS_ADDRESS
540420;540421;HAS_ADDRESS
540425;540426;HAS_ADDRESS
540430;540431;HAS_ADDRESS
540435;540436;HAS_ADDRESS
540440;540441;HAS_ADDRESS
540445;540446;HAS_ADDRESS
540450;540451;HAS_ADDRESS
540455;540456;HAS_ADDRESS
540460;540461;HAS_ADDRESS
540465;540466;HAS_ADDRESS
540470;540471;HAS_ADDRESS
540475;540476;HAS_ADDRESS
540480;540481;HAS_ADDRESS
540485;540486;HAS_ADDRESS
540490;540491;HAS_ADDRESS
540495;540496;HAS_ADDRESS
540500;540501;HAS_ADDRESS
540505;540506;HAS_ADDRESS
540510;540511;HAS_ADDRESS
540515;540516;HAS_ADDRESS
540520;540521;HAS_ADDRESS
540525;540526;HAS_ADDRESS
540530;540531;HAS_ADDRESS
540535;540536;HAS_ADDRESS
540540;540541;HAS_ADDRESS
540545;540546;HAS_ADDRESS
540550;540551;HAS_ADDRESS
540555;540556;HAS_ADDRESS
540560;540561;HAS_ADDRESS
540565;540566;HAS_ADDRESS
540570;540571;HAS_ADDRESS
540575;540576;HAS_ADDRESS
540580;540581;HAS_ADDRESS
540585;540586;HAS_ADDRESS
540590;540591;HAS_ADDRESS
540595;540596;HAS_ADDRESS
540600;540601;HAS_ADDRESS
540605;540606;HAS_ADDRESS
540610;540611;HAS_ADDRESS
540615;540616;HAS_ADDRESS
540620;540621;HAS_ADDRESS
540625;540626;HAS_ADDRESS
540630;540631;HAS_ADDRESS
540635;540636;HAS_ADDRESS
540640;540641;HAS_ADDRESS
540645;540646;HAS_ADDRESS
540650;540651;HAS_ADDRESS
540655;540656;HAS_ADDRESS
540660;540661;HAS_ADDRESS
540665;540666;HAS_ADDRESS
540670;540671;HAS_ADDRESS
540675;540676;HAS_ADDRESS
540680;540681;HAS_ADDRESS
540685;540686;HAS_ADDRESS
540690;540691;HAS_ADDRESS
540695;540696;HAS_ADDRESS
540700;540701;HAS_ADDRESS
540705;540706;HAS_ADDRESS
540710;540711;HAS_ADDRESS
540715;540716;HAS_ADDRESS
540720;540721;HAS_ADDRESS
540725;540726;HAS_ADDRESS
540730;540731;HAS_ADDRESS
540735;540736;HAS_ADDRESS
540740;540741;HAS_ADDRESS
540745;540746;HAS_ADDRESS
540750;540751;HAS_ADDRESS
540755;540756;HAS_ADDRESS
540760;540761;HAS_ADDRESS
540765;540766;HAS_ADDRESS
540770;540771;HAS_ADDRESS
540775;540776;HAS_ADDRESS
540780;540781;HAS_ADDRESS
540785;540786;HAS_ADDRESS
540790;540791;HAS_ADDRESS
540795;540796;HAS_ADDRESS
540800;540801;HAS_ADDRESS
540805;540806;HAS_ADDRESS
540810;540811;HAS_ADDRESS
540815;540816;HAS_ADDRESS
540820;540821;HAS_ADDRESS
540825;540826;HAS_ADDRESS
540830;540831;HAS_ADDRESS
540835;540836;HAS_ADDRESS
540840;540841;HAS_ADDRESS
540845;540846;HAS_ADDRESS
540850;540851;HAS_ADDRESS
540855;540856;HAS_ADDRESS
540860;540861;HAS_ADDRESS
540865;540866;HAS_ADDRESS
540870;540871;HAS_ADDRESS
540875;540876;HAS_ADDRESS
540880;540881;HAS_ADDRESS
540885;540886;HAS_ADDRESS
540890;540891;HAS_ADDRESS
540895;540896;HAS_ADDRESS
540900;540901;HAS_ADDRESS
540905;540906;HAS_ADDRESS
540910;540911;HAS_ADDRESS
540915;540916;HAS_ADDRESS
540920;540921;HAS_ADDRESS
540925;540926;HAS_ADDRESS
540930;540931;HAS_ADDRESS
540935;540936;HAS_ADDRESS
540940;540941;HAS_ADDRESS
540945;540946;HAS_ADDRESS
540950;540951;HAS_ADDRESS
540955;540956;HAS_ADDRESS
540960;540961;HAS_ADDRESS
540965;540966;HAS_ADDRESS
540970;540971;HAS_ADDRESS
540975;540976;HAS_ADDRESS
540980;540981;HAS_ADDRESS
540985;540986;HAS_ADDRESS
540990;540991;HAS_ADDRESS
540995;540996;HAS_ADDRESS
541000;541001;HAS_ADDRESS
541005;541006;HAS_ADDRESS
541010;541011;HAS_ADDRESS
541015;541016;HAS_ADDRESS
541020;541021;HAS_ADDRESS
541025;541026;HAS_ADDRESS
541030;541031;HAS_ADDRESS
541035;541036;HAS_ADDRESS
541040;541041;HAS_ADDRESS
541045;541046;HAS_ADDRESS
541050;541051;HAS_ADDRESS
541055;541056;HAS_ADDRESS
541060;541061;HAS_ADDRESS
541065;541066;HAS_ADDRESS
541070;541071;HAS_ADDRESS
541075;541076;HAS_ADDRESS
541080;541081;HAS_ADDRESS
541085;541086;HAS_ADDRESS
541090;541091;HAS_ADDRESS
541095;541096;HAS_ADDRESS
541100;541101;HAS_ADDRESS
541105;541106;HAS_ADDRESS
541110;541111;HAS_ADDRESS
541115;541116;HAS_ADDRESS
541120;541121;HAS_ADDRESS
541125;541126;HAS_ADDRESS
541130;541131;HAS_ADDRESS
541135;541136;HAS_ADDRESS
541140;541141;HAS_ADDRESS
541145;541146;HAS_ADDRESS
541150;541151;HAS_ADDRESS
541155;541156;HAS_ADDRESS
541160;541161;HAS_ADDRESS
541165;541166;HAS_ADDRESS
541170;541171;HAS_ADDRESS
541175;541176;HAS_ADDRESS
541180;541181;HAS_ADDRESS
541185;541186;HAS_ADDRESS
541190;541191;HAS_ADDRESS
541195;541196;HAS_ADDRESS
541200;541201;HAS_ADDRESS
541205;541206;HAS_ADDRESS
541210;541211;HAS_ADDRESS
541215;541216;HAS_ADDRESS
541220;541221;HAS_ADDRESS
541225;541226;HAS_ADDRESS
541230;541231;HAS_ADDRESS
541235;541236;HAS_ADDRESS
541240;541241;HAS_ADDRESS
541245;541246;HAS_ADDRESS
541250;541251;HAS_ADDRESS
541255;541256;HAS_ADDRESS
541260;541261;HAS_ADDRESS
541265;541266;HAS_ADDRESS
541270;541271;HAS_ADDRESS
541275;541276;HAS_ADDRESS
541280;541281;HAS_ADDRESS
541285;541286;HAS_ADDRESS
541290;541291;HAS_ADDRESS
541295;541296;HAS_ADDRESS
541300;541301;HAS_ADDRESS
541305;541306;HAS_ADDRESS
541310;541311;HAS_ADDRESS
541315;541316;HAS_ADDRESS
541320;541321;HAS_ADDRESS
541325;541326;HAS_ADDRESS
541330;541331;HAS_ADDRESS
541335;541336;HAS_ADDRESS
541340;541341;HAS_ADDRESS
541345;541346;HAS_ADDRESS
541350;541351;HAS_ADDRESS
541355;541356;HAS_ADDRESS
541360;541361;HAS_ADDRESS
541365;541366;HAS_ADDRESS
541370;541371;HAS_ADDRESS
541375;541376;HAS_ADDRESS
541380;541381;HAS_ADDRESS
541385;541386;HAS_ADDRESS
541390;541391;HAS_ADDRESS
541395;541396;HAS_ADDRESS
541400;541401;HAS_ADDRESS
541405;541406;HAS_ADDRESS
541410;541411;HAS_ADDRESS
541415;541416;HAS_ADDRESS
541420;541421;HAS_ADDRESS
541425;541426;HAS_ADDRESS
541430;541431;HAS_ADDRESS
541435;541436;HAS_ADDRESS
541440;541441;HAS_ADDRESS
541445;541446;HAS_ADDRESS
541450;541451;HAS_ADDRESS
541455;541456;HAS_ADDRESS
541460;541461;HAS_ADDRESS
541465;541466;HAS_ADDRESS
541470;541471;HAS_ADDRESS
541475;541476;HAS_ADDRESS
541480;541481;HAS_ADDRESS
541485;541486;HAS_ADDRESS
541490;541491;HAS_ADDRESS
541495;541496;HAS_ADDRESS
541500;541501;HAS_ADDRESS
541505;541506;HAS_ADDRESS
541510;541511;HAS_ADDRESS
541515;541516;HAS_ADDRESS
541520;541521;HAS_ADDRESS
541525;541526;HAS_ADDRESS
541530;541531;HAS_ADDRESS
541535;541536;HAS_ADDRESS
541540;541541;HAS_ADDRESS
541545;541546;HAS_ADDRESS
541550;541551;HAS_ADDRESS
541555;541556;HAS_ADDRESS
541560;541561;HAS_ADDRESS
541565;541566;HAS_ADDRESS
541570;541571;HAS_ADDRESS
541575;541576;HAS_ADDRESS
541580;541581;HAS_ADDRESS
541585;541586;HAS_ADDRESS
541590;541591;HAS_ADDRESS
541595;541596;HAS_ADDRESS
541600;541601;HAS_ADDRESS
541605;541606;HAS_ADDRESS
541610;541611;HAS_ADDRESS
541615;541616;HAS_ADDRESS
541620;541621;HAS_ADDRESS
541625;541626;HAS_ADDRESS
541630;541631;HAS_ADDRESS
541635;541636;HAS_ADDRESS
541640;541641;HAS_ADDRESS
541645;541646;HAS_ADDRESS
541650;541651;HAS_ADDRESS
541655;541656;HAS_ADDRESS
541660;541661;HAS_ADDRESS
541665;541666;HAS_ADDRESS
541670;541671;HAS_ADDRESS
541675;541676;HAS_ADDRESS
541680;541681;HAS_ADDRESS
541685;541686;HAS_ADDRESS
541690;541691;HAS_ADDRESS
541695;541696;HAS_ADDRESS
541700;541701;HAS_ADDRESS
541705;541706;HAS_ADDRESS
541710;541711;HAS_ADDRESS
541715;541716;HAS_ADDRESS
541720;541721;HAS_ADDRESS
541725;541726;HAS_ADDRESS
541730;541731;HAS_ADDRESS
541735;541736;HAS_ADDRESS
541740;541741;HAS_ADDRESS
541745;541746;HAS_ADDRESS
541750;541751;HAS_ADDRESS
541755;541756;HAS_ADDRESS
541760;541761;HAS_ADDRESS
541765;541766;HAS_ADDRESS
541770;541771;HAS_ADDRESS
541775;541776;HAS_ADDRESS
541780;541781;HAS_ADDRESS
541785;541786;HAS_ADDRESS
541790;541791;HAS_ADDRESS
541795;541796;HAS_ADDRESS
541800;541801;HAS_ADDRESS
541805;541806;HAS_ADDRESS
541810;541811;HAS_ADDRESS
541815;541816;HAS_ADDRESS
541820;541821;HAS_ADDRESS
541825;541826;HAS_ADDRESS
541830;541831;HAS_ADDRESS
541835;541836;HAS_ADDRESS
541840;541841;HAS_ADDRESS
541845;541846;HAS_ADDRESS
541850;541851;HAS_ADDRESS
541855;541856;HAS_ADDRESS
541860;541861;HAS_ADDRESS
541865;541866;HAS_ADDRESS
541870;541871;HAS_ADDRESS
541875;541876;HAS_ADDRESS
541880;541881;HAS_ADDRESS
541885;541886;HAS_ADDRESS
541890;541891;HAS_ADDRESS
541895;541896;HAS_ADDRESS
541900;541901;HAS_ADDRESS
541905;541906;HAS_ADDRESS
541910;541911;HAS_ADDRESS
541915;541916;HAS_ADDRESS
541920;541921;HAS_ADDRESS
541925;541926;HAS_ADDRESS
541930;541931;HAS_ADDRESS
541935;541936;HAS_ADDRESS
541940;541941;HAS_ADDRESS
541945;541946;HAS_ADDRESS
541950;541951;HAS_ADDRESS
541955;541956;HAS_ADDRESS
541960;541961;HAS_ADDRESS
541965;541966;HAS_ADDRESS
541970;541971;HAS_ADDRESS
541975;541976;HAS_ADDRESS
541980;541981;HAS_ADDRESS
541985;541986;HAS_ADDRESS
541990;541991;HAS_ADDRESS
541995;541996;HAS_ADDRESS
542000;542001;HAS_ADDRESS
542005;542006;HAS_ADDRESS
542010;542011;HAS_ADDRESS
542015;542016;HAS_ADDRESS
542020;542021;HAS_ADDRESS
542025;542026;HAS_ADDRESS
542030;542031;HAS_ADDRESS
542035;542036;HAS_ADDRESS
542040;542041;HAS_ADDRESS
542045;542046;HAS_ADDRESS
542050;542051;HAS_ADDRESS
542055;542056;HAS_ADDRESS
542060;542061;HAS_ADDRESS
542065;542066;HAS_ADDRESS
542070;542071;HAS_ADDRESS
542075;542076;HAS_ADDRESS
542080;542081;HAS_ADDRESS
542085;542086;HAS_ADDRESS
542090;542091;HAS_ADDRESS
542095;542096;HAS_ADDRESS
542100;542101;HAS_ADDRESS
542105;542106;HAS_ADDRESS
542110;542111;HAS_ADDRESS
542115;542116;HAS_ADDRESS
542120;542121;HAS_ADDRESS
542125;542126;HAS_ADDRESS
542130;542131;HAS_ADDRESS
542135;542136;HAS_ADDRESS
542140;542141;HAS_ADDRESS
542145;542146;HAS_ADDRESS
542150;542151;HAS_ADDRESS
542155;542156;HAS_ADDRESS
542160;542161;HAS_ADDRESS
542165;542166;HAS_ADDRESS
542170;542171;HAS_ADDRESS
542175;542176;HAS_ADDRESS
542180;542181;HAS_ADDRESS
542185;542186;HAS_ADDRESS
542190;542191;HAS_ADDRESS
542195;542196;HAS_ADDRESS
542200;542201;HAS_ADDRESS
542205;542206;HAS_ADDRESS
542210;542211;HAS_ADDRESS
542215;542216;HAS_ADDRESS
542220;542221;HAS_ADDRESS
542225;542226;HAS_ADDRESS
542230;542231;HAS_ADDRESS
542235;542236;HAS_ADDRESS
542240;542241;HAS_ADDRESS
542245;542246;HAS_ADDRESS
542250;542251;HAS_ADDRESS
542255;542256;HAS_ADDRESS
542260;542261;HAS_ADDRESS
542265;542266;HAS_ADDRESS
542270;542271;HAS_ADDRESS
542275;542276;HAS_ADDRESS
542280;542281;HAS_ADDRESS
542285;542286;HAS_ADDRESS
542290;542291;HAS_ADDRESS
542295;542296;HAS_ADDRESS
542300;542301;HAS_ADDRESS
542305;542306;HAS_ADDRESS
542310;542311;HAS_ADDRESS
542315;542316;HAS_ADDRESS
542320;542321;HAS_ADDRESS
542325;542326;HAS_ADDRESS
542330;542331;HAS_ADDRESS
542335;542336;HAS_ADDRESS
542340;542341;HAS_ADDRESS
542345;542346;HAS_ADDRESS
542350;542351;HAS_ADDRESS
542355;542356;HAS_ADDRESS
542360;542361;HAS_ADDRESS
542365;542366;HAS_ADDRESS
542370;542371;HAS_ADDRESS
542375;542376;HAS_ADDRESS
542380;542381;HAS_ADDRESS
542385;542386;HAS_ADDRESS
542390;542391;HAS_ADDRESS
542395;542396;HAS_ADDRESS
542400;542401;HAS_ADDRESS
542405;542406;HAS_ADDRESS
542410;542411;HAS_ADDRESS
542415;542416;HAS_ADDRESS
542420;542421;HAS_ADDRESS
542425;542426;HAS_ADDRESS
542430;542431;HAS_ADDRESS
542435;542436;HAS_ADDRESS
542440;542441;HAS_ADDRESS
542445;542446;HAS_ADDRESS
542450;542451;HAS_ADDRESS
542455;542456;HAS_ADDRESS
542460;542461;HAS_ADDRESS
542465;542466;HAS_ADDRESS
542470;542471;HAS_ADDRESS
542475;542476;HAS_ADDRESS
542480;542481;HAS_ADDRESS
542485;542486;HAS_ADDRESS
542490;542491;HAS_ADDRESS
542495;542496;HAS_ADDRESS
542500;542501;HAS_ADDRESS
542505;542506;HAS_ADDRESS
542510;542511;HAS_ADDRESS
542515;542516;HAS_ADDRESS
542520;542521;HAS_ADDRESS
542525;542526;HAS_ADDRESS
542530;542531;HAS_ADDRESS
542535;542536;HAS_ADDRESS
542540;542541;HAS_ADDRESS
542545;542546;HAS_ADDRESS
542550;542551;HAS_ADDRESS
542555;542556;HAS_ADDRESS
542560;542561;HAS_ADDRESS
542565;542566;HAS_ADDRESS
542570;542571;HAS_ADDRESS
542575;542576;HAS_ADDRESS
542580;542581;HAS_ADDRESS
542585;542586;HAS_ADDRESS
542590;542591;HAS_ADDRESS
542595;542596;HAS_ADDRESS
542600;542601;HAS_ADDRESS
542605;542606;HAS_ADDRESS
542610;542611;HAS_ADDRESS
542615;542616;HAS_ADDRESS
542620;542621;HAS_ADDRESS
542625;542626;HAS_ADDRESS
542630;542631;HAS_ADDRESS
542635;542636;HAS_ADDRESS
542640;542641;HAS_ADDRESS
542645;542646;HAS_ADDRESS
542650;542651;HAS_ADDRESS
542655;542656;HAS_ADDRESS
542660;542661;HAS_ADDRESS
542665;542666;HAS_ADDRESS
542670;542671;HAS_ADDRESS
542675;542676;HAS_ADDRESS
542680;542681;HAS_ADDRESS
542685;542686;HAS_ADDRESS
542690;542691;HAS_ADDRESS
542695;542696;HAS_ADDRESS
542700;542701;HAS_ADDRESS
542705;542706;HAS_ADDRESS
542710;542711;HAS_ADDRESS
542715;542716;HAS_ADDRESS
542720;542721;HAS_ADDRESS
542725;542726;HAS_ADDRESS
542730;542731;HAS_ADDRESS
542735;542736;HAS_ADDRESS
542740;542741;HAS_ADDRESS
542745;542746;HAS_ADDRESS
542750;542751;HAS_ADDRESS
542755;542756;HAS_ADDRESS
542760;542761;HAS_ADDRESS
542765;542766;HAS_ADDRESS
542770;542771;HAS_ADDRESS
542775;542776;HAS_ADDRESS
542780;542781;HAS_ADDRESS
542785;542786;HAS_ADDRESS
542790;542791;HAS_ADDRESS
542795;542796;HAS_ADDRESS
542800;542801;HAS_ADDRESS
542805;542806;HAS_ADDRESS
542810;542811;HAS_ADDRESS
542815;542816;HAS_ADDRESS
542820;542821;HAS_ADDRESS
542825;542826;HAS_ADDRESS
542830;542831;HAS_ADDRESS
542835;542836;HAS_ADDRESS
542840;542841;HAS_ADDRESS
542845;542846;HAS_ADDRESS
542850;542851;HAS_ADDRESS
542855;542856;HAS_ADDRESS
542860;542861;HAS_ADDRESS
542865;542866;HAS_ADDRESS
542870;542871;HAS_ADDRESS
542875;542876;HAS_ADDRESS
542880;542881;HAS_ADDRESS
542885;542886;HAS_ADDRESS
542890;542891;HAS_ADDRESS
542895;542896;HAS_ADDRESS
542900;542901;HAS_ADDRESS
542905;542906;HAS_ADDRESS
542910;542911;HAS_ADDRESS
542915;542916;HAS_ADDRESS
542920;542921;HAS_ADDRESS
542925;542926;HAS_ADDRESS
542930;542931;HAS_ADDRESS
542935;542936;HAS_ADDRESS
542940;542941;HAS_ADDRESS
542945;542946;HAS_ADDRESS
542950;542951;HAS_ADDRESS
542955;542956;HAS_ADDRESS
542960;542961;HAS_ADDRESS
542965;542966;HAS_ADDRESS
542970;542971;HAS_ADDRESS
542975;542976;HAS_ADDRESS
542980;542981;HAS_ADDRESS
542985;542986;HAS_ADDRESS
542990;542991;HAS_ADDRESS
542995;542996;HAS_ADDRESS
543000;543001;HAS_ADDRESS
543005;543006;HAS_ADDRESS
543010;543011;HAS_ADDRESS
543015;543016;HAS_ADDRESS
543020;543021;HAS_ADDRESS
543025;543026;HAS_ADDRESS
543030;543031;HAS_ADDRESS
543035;543036;HAS_ADDRESS
543040;543041;HAS_ADDRESS
543045;543046;HAS_ADDRESS
543050;543051;HAS_ADDRESS
543055;543056;HAS_ADDRESS
543060;543061;HAS_ADDRESS
543065;543066;HAS_ADDRESS
543070;543071;HAS_ADDRESS
543075;543076;HAS_ADDRESS
543080;543081;HAS_ADDRESS
543085;543086;HAS_ADDRESS
543090;543091;HAS_ADDRESS
543095;543096;HAS_ADDRESS
543100;543101;HAS_ADDRESS
543105;543106;HAS_ADDRESS
543110;543111;HAS_ADDRESS
543115;543116;HAS_ADDRESS
543120;543121;HAS_ADDRESS
543125;543126;HAS_ADDRESS
543130;543131;HAS_ADDRESS
543135;543136;HAS_ADDRESS
543140;543141;HAS_ADDRESS
543145;543146;HAS_ADDRESS
543150;543151;HAS_ADDRESS
543155;543156;HAS_ADDRESS
543160;543161;HAS_ADDRESS
543165;543166;HAS_ADDRESS
543170;543171;HAS_ADDRESS
543175;543176;HAS_ADDRESS
543180;543181;HAS_ADDRESS
543185;543186;HAS_ADDRESS
543190;543191;HAS_ADDRESS
543195;543196;HAS_ADDRESS
543200;543201;HAS_ADDRESS
543205;543206;HAS_ADDRESS
543210;543211;HAS_ADDRESS
543215;543216;HAS_ADDRESS
543220;543221;HAS_ADDRESS
543225;543226;HAS_ADDRESS
543230;543231;HAS_ADDRESS
543235;543236;HAS_ADDRESS
543240;543241;HAS_ADDRESS
543245;543246;HAS_ADDRESS
543250;543251;HAS_ADDRESS
543255;543256;HAS_ADDRESS
543260;543261;HAS_ADDRESS
543265;543266;HAS_ADDRESS
543270;543271;HAS_ADDRESS
543275;543276;HAS_ADDRESS
543280;543281;HAS_ADDRESS
543285;543286;HAS_ADDRESS
543290;543291;HAS_ADDRESS
543295;543296;HAS_ADDRESS
543300;543301;HAS_ADDRESS
543305;543306;HAS_ADDRESS
543310;543311;HAS_ADDRESS
543315;543316;HAS_ADDRESS
543320;543321;HAS_ADDRESS
543325;543326;HAS_ADDRESS
543330;543331;HAS_ADDRESS
543335;543336;HAS_ADDRESS
543340;543341;HAS_ADDRESS
543345;543346;HAS_ADDRESS
543350;543351;HAS_ADDRESS
543355;543356;HAS_ADDRESS
543360;543361;HAS_ADDRESS
543365;543366;HAS_ADDRESS
543370;543371;HAS_ADDRESS
543375;543376;HAS_ADDRESS
543380;543381;HAS_ADDRESS
543385;543386;HAS_ADDRESS
543390;543391;HAS_ADDRESS
543395;543396;HAS_ADDRESS
543400;543401;HAS_ADDRESS
543405;543406;HAS_ADDRESS
543410;543411;HAS_ADDRESS
543415;543416;HAS_ADDRESS
543420;543421;HAS_ADDRESS
543425;543426;HAS_ADDRESS
543430;543431;HAS_ADDRESS
543435;543436;HAS_ADDRESS
543440;543441;HAS_ADDRESS
543445;543446;HAS_ADDRESS
543450;543451;HAS_ADDRESS
543455;543456;HAS_ADDRESS
543460;543461;HAS_ADDRESS
543465;543466;HAS_ADDRESS
543470;543471;HAS_ADDRESS
543475;543476;HAS_ADDRESS
543480;543481;HAS_ADDRESS
543485;543486;HAS_ADDRESS
543490;543491;HAS_ADDRESS
543495;543496;HAS_ADDRESS
543500;543501;HAS_ADDRESS
543505;543506;HAS_ADDRESS
543510;543511;HAS_ADDRESS
543515;543516;HAS_ADDRESS
543520;543521;HAS_ADDRESS
543525;543526;HAS_ADDRESS
543530;543531;HAS_ADDRESS
543535;543536;HAS_ADDRESS
543540;543541;HAS_ADDRESS
543545;543546;HAS_ADDRESS
543550;543551;HAS_ADDRESS
543555;543556;HAS_ADDRESS
543560;543561;HAS_ADDRESS
543565;543566;HAS_ADDRESS
543570;543571;HAS_ADDRESS
543575;543576;HAS_ADDRESS
543580;543581;HAS_ADDRESS
543585;543586;HAS_ADDRESS
543590;543591;HAS_ADDRESS
543595;543596;HAS_ADDRESS
543600;543601;HAS_ADDRESS
543605;543606;HAS_ADDRESS
543610;543611;HAS_ADDRESS
543615;543616;HAS_ADDRESS
543620;543621;HAS_ADDRESS
543625;543626;HAS_ADDRESS
543630;543631;HAS_ADDRESS
543635;543636;HAS_ADDRESS
543640;543641;HAS_ADDRESS
543645;543646;HAS_ADDRESS
543650;543651;HAS_ADDRESS
543655;543656;HAS_ADDRESS
543660;543661;HAS_ADDRESS
543665;543666;HAS_ADDRESS
543670;543671;HAS_ADDRESS
543675;543676;HAS_ADDRESS
543680;543681;HAS_ADDRESS
543685;543686;HAS_ADDRESS
543690;543691;HAS_ADDRESS
543695;543696;HAS_ADDRESS
543700;543701;HAS_ADDRESS
543705;543706;HAS_ADDRESS
543710;543711;HAS_ADDRESS
543715;543716;HAS_ADDRESS
543720;543721;HAS_ADDRESS
543725;543726;HAS_ADDRESS
543730;543731;HAS_ADDRESS
543735;543736;HAS_ADDRESS
543740;543741;HAS_ADDRESS
543745;543746;HAS_ADDRESS
543750;543751;HAS_ADDRESS
543755;543756;HAS_ADDRESS
543760;543761;HAS_ADDRESS
543765;543766;HAS_ADDRESS
543770;543771;HAS_ADDRESS
543775;543776;HAS_ADDRESS
543780;543781;HAS_ADDRESS
543785;543786;HAS_ADDRESS
543790;543791;HAS_ADDRESS
543795;543796;HAS_ADDRESS
543800;543801;HAS_ADDRESS
543805;543806;HAS_ADDRESS
543810;543811;HAS_ADDRESS
543815;543816;HAS_ADDRESS
543820;543821;HAS_ADDRESS
543825;543826;HAS_ADDRESS
543830;543831;HAS_ADDRESS
543835;543836;HAS_ADDRESS
543840;543841;HAS_ADDRESS
543845;543846;HAS_ADDRESS
543850;543851;HAS_ADDRESS
543855;543856;HAS_ADDRESS
543860;543861;HAS_ADDRESS
543865;543866;HAS_ADDRESS
543870;543871;HAS_ADDRESS
543875;543876;HAS_ADDRESS
543880;543881;HAS_ADDRESS
543885;543886;HAS_ADDRESS
543890;543891;HAS_ADDRESS
543895;543896;HAS_ADDRESS
543900;543901;HAS_ADDRESS
543905;543906;HAS_ADDRESS
543910;543911;HAS_ADDRESS
543915;543916;HAS_ADDRESS
543920;543921;HAS_ADDRESS
543925;543926;HAS_ADDRESS
543930;543931;HAS_ADDRESS
543935;543936;HAS_ADDRESS
543940;543941;HAS_ADDRESS
543945;543946;HAS_ADDRESS
543950;543951;HAS_ADDRESS
543955;543956;HAS_ADDRESS
543960;543961;HAS_ADDRESS
543965;543966;HAS_ADDRESS
543970;543971;HAS_ADDRESS
543975;543976;HAS_ADDRESS
543980;543981;HAS_ADDRESS
543985;543986;HAS_ADDRESS
543990;543991;HAS_ADDRESS
543995;543996;HAS_ADDRESS
544000;544001;HAS_ADDRESS
544005;544006;HAS_ADDRESS
544010;544011;HAS_ADDRESS
544015;544016;HAS_ADDRESS
544020;544021;HAS_ADDRESS
544025;544026;HAS_ADDRESS
544030;544031;HAS_ADDRESS
544035;544036;HAS_ADDRESS
544040;544041;HAS_ADDRESS
544045;544046;HAS_ADDRESS
544050;544051;HAS_ADDRESS
544055;544056;HAS_ADDRESS
544060;544061;HAS_ADDRESS
544065;544066;HAS_ADDRESS
544070;544071;HAS_ADDRESS
544075;544076;HAS_ADDRESS
544080;544081;HAS_ADDRESS
544085;544086;HAS_ADDRESS
544090;544091;HAS_ADDRESS
544095;544096;HAS_ADDRESS
544100;544101;HAS_ADDRESS
544105;544106;HAS_ADDRESS
544110;544111;HAS_ADDRESS
544115;544116;HAS_ADDRESS
544120;544121;HAS_ADDRESS
544125;544126;HAS_ADDRESS
544130;544131;HAS_ADDRESS
544135;544136;HAS_ADDRESS
544140;544141;HAS_ADDRESS
544145;544146;HAS_ADDRESS
544150;544151;HAS_ADDRESS
544155;544156;HAS_ADDRESS
544160;544161;HAS_ADDRESS
544165;544166;HAS_ADDRESS
544170;544171;HAS_ADDRESS
544175;544176;HAS_ADDRESS
544180;544181;HAS_ADDRESS
544185;544186;HAS_ADDRESS
544190;544191;HAS_ADDRESS
544195;544196;HAS_ADDRESS
544200;544201;HAS_ADDRESS
544205;544206;HAS_ADDRESS
544210;544211;HAS_ADDRESS
544215;544216;HAS_ADDRESS
544220;544221;HAS_ADDRESS
544225;544226;HAS_ADDRESS
544230;544231;HAS_ADDRESS
544235;544236;HAS_ADDRESS
544240;544241;HAS_ADDRESS
544245;544246;HAS_ADDRESS
544250;544251;HAS_ADDRESS
544255;544256;HAS_ADDRESS
544260;544261;HAS_ADDRESS
544265;544266;HAS_ADDRESS
544270;544271;HAS_ADDRESS
544275;544276;HAS_ADDRESS
544280;544281;HAS_ADDRESS
544285;544286;HAS_ADDRESS
544290;544291;HAS_ADDRESS
544295;544296;HAS_ADDRESS
544300;544301;HAS_ADDRESS
544305;544306;HAS_ADDRESS
544310;544311;HAS_ADDRESS
544315;544316;HAS_ADDRESS
544320;544321;HAS_ADDRESS
544325;544326;HAS_ADDRESS
544330;544331;HAS_ADDRESS
544335;544336;HAS_ADDRESS
544340;544341;HAS_ADDRESS
544345;544346;HAS_ADDRESS
544350;544351;HAS_ADDRESS
544355;544356;HAS_ADDRESS
544360;544361;HAS_ADDRESS
544365;544366;HAS_ADDRESS
544370;544371;HAS_ADDRESS
544375;544376;HAS_ADDRESS
544380;544381;HAS_ADDRESS
544385;544386;HAS_ADDRESS
544390;544391;HAS_ADDRESS
544395;544396;HAS_ADDRESS
544400;544401;HAS_ADDRESS
544405;544406;HAS_ADDRESS
544410;544411;HAS_ADDRESS
544415;544416;HAS_ADDRESS
544420;544421;HAS_ADDRESS
544425;544426;HAS_ADDRESS
544430;544431;HAS_ADDRESS
544435;544436;HAS_ADDRESS
544440;544441;HAS_ADDRESS
544445;544446;HAS_ADDRESS
544450;544451;HAS_ADDRESS
544455;544456;HAS_ADDRESS
544460;544461;HAS_ADDRESS
544465;544466;HAS_ADDRESS
544470;544471;HAS_ADDRESS
544475;544476;HAS_ADDRESS
544480;544481;HAS_ADDRESS
544485;544486;HAS_ADDRESS
544490;544491;HAS_ADDRESS
544495;544496;HAS_ADDRESS
544500;544501;HAS_ADDRESS
544505;544506;HAS_ADDRESS
544510;544511;HAS_ADDRESS
544515;544516;HAS_ADDRESS
544520;544521;HAS_ADDRESS
544525;544526;HAS_ADDRESS
544530;544531;HAS_ADDRESS
544535;544536;HAS_ADDRESS
544540;544541;HAS_ADDRESS
544545;544546;HAS_ADDRESS
544550;544551;HAS_ADDRESS
544555;544556;HAS_ADDRESS
544560;544561;HAS_ADDRESS
544565;544566;HAS_ADDRESS
544570;544571;HAS_ADDRESS
544575;544576;HAS_ADDRESS
544580;544581;HAS_ADDRESS
544585;544586;HAS_ADDRESS
544590;544591;HAS_ADDRESS
544595;544596;HAS_ADDRESS
544600;544601;HAS_ADDRESS
544605;544606;HAS_ADDRESS
544610;544611;HAS_ADDRESS
544615;544616;HAS_ADDRESS
544620;544621;HAS_ADDRESS
544625;544626;HAS_ADDRESS
544630;544631;HAS_ADDRESS
544635;544636;HAS_ADDRESS
544640;544641;HAS_ADDRESS
544645;544646;HAS_ADDRESS
544650;544651;HAS_ADDRESS
544655;544656;HAS_ADDRESS
544660;544661;HAS_ADDRESS
544665;544666;HAS_ADDRESS
544670;544671;HAS_ADDRESS
544675;544676;HAS_ADDRESS
544680;544681;HAS_ADDRESS
544685;544686;HAS_ADDRESS
544690;544691;HAS_ADDRESS
544695;544696;HAS_ADDRESS
544700;544701;HAS_ADDRESS
544705;544706;HAS_ADDRESS
544710;544711;HAS_ADDRESS
544715;544716;HAS_ADDRESS
544720;544721;HAS_ADDRESS
544725;544726;HAS_ADDRESS
544730;544731;HAS_ADDRESS
544735;544736;HAS_ADDRESS
544740;544741;HAS_ADDRESS
544745;544746;HAS_ADDRESS
544750;544751;HAS_ADDRESS
544755;544756;HAS_ADDRESS
544760;544761;HAS_ADDRESS
544765;544766;HAS_ADDRESS
544770;544771;HAS_ADDRESS
544775;544776;HAS_ADDRESS
544780;544781;HAS_ADDRESS
544785;544786;HAS_ADDRESS
544790;544791;HAS_ADDRESS
544795;544796;HAS_ADDRESS
544800;544801;HAS_ADDRESS
544805;544806;HAS_ADDRESS
544810;544811;HAS_ADDRESS
544815;544816;HAS_ADDRESS
544820;544821;HAS_ADDRESS
544825;544826;HAS_ADDRESS
544830;544831;HAS_ADDRESS
544835;544836;HAS_ADDRESS
544840;544841;HAS_ADDRESS
544845;544846;HAS_ADDRESS
544850;544851;HAS_ADDRESS
544855;544856;HAS_ADDRESS
544860;544861;HAS_ADDRESS
544865;544866;HAS_ADDRESS
544870;544871;HAS_ADDRESS
544875;544876;HAS_ADDRESS
544880;544881;HAS_ADDRESS
544885;544886;HAS_ADDRESS
544890;544891;HAS_ADDRESS
544895;544896;HAS_ADDRESS
544900;544901;HAS_ADDRESS
544905;544906;HAS_ADDRESS
544910;544911;HAS_ADDRESS
544915;544916;HAS_ADDRESS
544920;544921;HAS_ADDRESS
544925;544926;HAS_ADDRESS
544930;544931;HAS_ADDRESS
544935;544936;HAS_ADDRESS
544940;544941;HAS_ADDRESS
544945;544946;HAS_ADDRESS
544950;544951;HAS_ADDRESS
544955;544956;HAS_ADDRESS
544960;544961;HAS_ADDRESS
544965;544966;HAS_ADDRESS
544970;544971;HAS_ADDRESS
544975;544976;HAS_ADDRESS
544980;544981;HAS_ADDRESS
544985;544986;HAS_ADDRESS
544990;544991;HAS_ADDRESS
544995;544996;HAS_ADDRESS
545000;545001;HAS_ADDRESS
545005;545006;HAS_ADDRESS
545010;545011;HAS_ADDRESS
545015;545016;HAS_ADDRESS
545020;545021;HAS_ADDRESS
545025;545026;HAS_ADDRESS
545030;545031;HAS_ADDRESS
545035;545036;HAS_ADDRESS
545040;545041;HAS_ADDRESS
545045;545046;HAS_ADDRESS
545050;545051;HAS_ADDRESS
545055;545056;HAS_ADDRESS
545060;545061;HAS_ADDRESS
545065;545066;HAS_ADDRESS
545070;545071;HAS_ADDRESS
545075;545076;HAS_ADDRESS
545080;545081;HAS_ADDRESS
545085;545086;HAS_ADDRESS
545090;545091;HAS_ADDRESS
545095;545096;HAS_ADDRESS
545100;545101;HAS_ADDRESS
545105;545106;HAS_ADDRESS
545110;545111;HAS_ADDRESS
545115;545116;HAS_ADDRESS
545120;545121;HAS_ADDRESS
545125;545126;HAS_ADDRESS
545130;545131;HAS_ADDRESS
545135;545136;HAS_ADDRESS
545140;545141;HAS_ADDRESS
545145;545146;HAS_ADDRESS
545150;545151;HAS_ADDRESS
545155;545156;HAS_ADDRESS
545160;545161;HAS_ADDRESS
545165;545166;HAS_ADDRESS
545170;545171;HAS_ADDRESS
545175;545176;HAS_ADDRESS
545180;545181;HAS_ADDRESS
545185;545186;HAS_ADDRESS
545190;545191;HAS_ADDRESS
545195;545196;HAS_ADDRESS
545200;545201;HAS_ADDRESS
545205;545206;HAS_ADDRESS
545210;545211;HAS_ADDRESS
545215;545216;HAS_ADDRESS
545220;545221;HAS_ADDRESS
545225;545226;HAS_ADDRESS
545230;545231;HAS_ADDRESS
545235;545236;HAS_ADDRESS
545240;545241;HAS_ADDRESS
545245;545246;HAS_ADDRESS
545250;545251;HAS_ADDRESS
545255;545256;HAS_ADDRESS
545260;545261;HAS_ADDRESS
545265;545266;HAS_ADDRESS
545270;545271;HAS_ADDRESS
545275;545276;HAS_ADDRESS
545280;545281;HAS_ADDRESS
545285;545286;HAS_ADDRESS
545290;545291;HAS_ADDRESS
545295;545296;HAS_ADDRESS
545300;545301;HAS_ADDRESS
545305;545306;HAS_ADDRESS
545310;545311;HAS_ADDRESS
545315;545316;HAS_ADDRESS
545320;545321;HAS_ADDRESS
545325;545326;HAS_ADDRESS
545330;545331;HAS_ADDRESS
545335;545336;HAS_ADDRESS
545340;545341;HAS_ADDRESS
545345;545346;HAS_ADDRESS
545350;545351;HAS_ADDRESS
545355;545356;HAS_ADDRESS
545360;545361;HAS_ADDRESS
545365;545366;HAS_ADDRESS
545370;545371;HAS_ADDRESS
545375;545376;HAS_ADDRESS
545380;545381;HAS_ADDRESS
545385;545386;HAS_ADDRESS
545390;545391;HAS_ADDRESS
545395;545396;HAS_ADDRESS
545400;545401;HAS_ADDRESS
545405;545406;HAS_ADDRESS
545410;545411;HAS_ADDRESS
545415;545416;HAS_ADDRESS
545420;545421;HAS_ADDRESS
545425;545426;HAS_ADDRESS
545430;545431;HAS_ADDRESS
545435;545436;HAS_ADDRESS
545440;545441;HAS_ADDRESS
545445;545446;HAS_ADDRESS
545450;545451;HAS_ADDRESS
545455;545456;HAS_ADDRESS
545460;545461;HAS_ADDRESS
545465;545466;HAS_ADDRESS
545470;545471;HAS_ADDRESS
545475;545476;HAS_ADDRESS
545480;545481;HAS_ADDRESS
545485;545486;HAS_ADDRESS
545490;545491;HAS_ADDRESS
545495;545496;HAS_ADDRESS
545500;545501;HAS_ADDRESS
545505;545506;HAS_ADDRESS
545510;545511;HAS_ADDRESS
545515;545516;HAS_ADDRESS
545520;545521;HAS_ADDRESS
545525;545526;HAS_ADDRESS
545530;545531;HAS_ADDRESS
545535;545536;HAS_ADDRESS
545540;545541;HAS_ADDRESS
545545;545546;HAS_ADDRESS
545550;545551;HAS_ADDRESS
545555;545556;HAS_ADDRESS
545560;545561;HAS_ADDRESS
545565;545566;HAS_ADDRESS
545570;545571;HAS_ADDRESS
545575;545576;HAS_ADDRESS
545580;545581;HAS_ADDRESS
545585;545586;HAS_ADDRESS
545590;545591;HAS_ADDRESS
545595;545596;HAS_ADDRESS
545600;545601;HAS_ADDRESS
545605;545606;HAS_ADDRESS
545610;545611;HAS_ADDRESS
545615;545616;HAS_ADDRESS
545620;545621;HAS_ADDRESS
545625;545626;HAS_ADDRESS
545630;545631;HAS_ADDRESS
545635;545636;HAS_ADDRESS
545640;545641;HAS_ADDRESS
545645;545646;HAS_ADDRESS
545650;545651;HAS_ADDRESS
545655;545656;HAS_ADDRESS
545660;545661;HAS_ADDRESS
545665;545666;HAS_ADDRESS
545670;545671;HAS_ADDRESS
545675;545676;HAS_ADDRESS
545680;545681;HAS_ADDRESS
545685;545686;HAS_ADDRESS
545690;545691;HAS_ADDRESS
545695;545696;HAS_ADDRESS
545700;545701;HAS_ADDRESS
545705;545706;HAS_ADDRESS
545710;545711;HAS_ADDRESS
545715;545716;HAS_ADDRESS
545720;545721;HAS_ADDRESS
545725;545726;HAS_ADDRESS
545730;545731;HAS_ADDRESS
545735;545736;HAS_ADDRESS
545740;545741;HAS_ADDRESS
545745;545746;HAS_ADDRESS
545750;545751;HAS_ADDRESS
545755;545756;HAS_ADDRESS
545760;545761;HAS_ADDRESS
545765;545766;HAS_ADDRESS
545770;545771;HAS_ADDRESS
545775;545776;HAS_ADDRESS
545780;545781;HAS_ADDRESS
545785;545786;HAS_ADDRESS
545790;545791;HAS_ADDRESS
545795;545796;HAS_ADDRESS
545800;545801;HAS_ADDRESS
545805;545806;HAS_ADDRESS
545810;545811;HAS_ADDRESS
545815;545816;HAS_ADDRESS
545820;545821;HAS_ADDRESS
545825;545826;HAS_ADDRESS
545830;545831;HAS_ADDRESS
545835;545836;HAS_ADDRESS
545840;545841;HAS_ADDRESS
545845;545846;HAS_ADDRESS
545850;545851;HAS_ADDRESS
545855;545856;HAS_ADDRESS
545860;545861;HAS_ADDRESS
545865;545866;HAS_ADDRESS
545870;545871;HAS_ADDRESS
545875;545876;HAS_ADDRESS
545880;545881;HAS_ADDRESS
545885;545886;HAS_ADDRESS
545890;545891;HAS_ADDRESS
545895;545896;HAS_ADDRESS
545900;545901;HAS_ADDRESS
545905;545906;HAS_ADDRESS
545910;545911;HAS_ADDRESS
545915;545916;HAS_ADDRESS
545920;545921;HAS_ADDRESS
545925;545926;HAS_ADDRESS
545930;545931;HAS_ADDRESS
545935;545936;HAS_ADDRESS
545940;545941;HAS_ADDRESS
545945;545946;HAS_ADDRESS
545950;545951;HAS_ADDRESS
545955;545956;HAS_ADDRESS
545960;545961;HAS_ADDRESS
545965;545966;HAS_ADDRESS
545970;545971;HAS_ADDRESS
545975;545976;HAS_ADDRESS
545980;545981;HAS_ADDRESS
545985;545986;HAS_ADDRESS
545990;545991;HAS_ADDRESS
545995;545996;HAS_ADDRESS
546000;546001;HAS_ADDRESS
546005;546006;HAS_ADDRESS
546010;546011;HAS_ADDRESS
546015;546016;HAS_ADDRESS
546020;546021;HAS_ADDRESS
546025;546026;HAS_ADDRESS
546030;546031;HAS_ADDRESS
546035;546036;HAS_ADDRESS
546040;546041;HAS_ADDRESS
546045;546046;HAS_ADDRESS
546050;546051;HAS_ADDRESS
546055;546056;HAS_ADDRESS
546060;546061;HAS_ADDRESS
546065;546066;HAS_ADDRESS
546070;546071;HAS_ADDRESS
546075;546076;HAS_ADDRESS
546080;546081;HAS_ADDRESS
546085;546086;HAS_ADDRESS
546090;546091;HAS_ADDRESS
546095;546096;HAS_ADDRESS
546100;546101;HAS_ADDRESS
546105;546106;HAS_ADDRESS
546110;546111;HAS_ADDRESS
546115;546116;HAS_ADDRESS
546120;546121;HAS_ADDRESS
546125;546126;HAS_ADDRESS
546130;546131;HAS_ADDRESS
546135;546136;HAS_ADDRESS
546140;546141;HAS_ADDRESS
546145;546146;HAS_ADDRESS
546150;546151;HAS_ADDRESS
546155;546156;HAS_ADDRESS
546160;546161;HAS_ADDRESS
546165;546166;HAS_ADDRESS
546170;546171;HAS_ADDRESS
546175;546176;HAS_ADDRESS
546180;546181;HAS_ADDRESS
546185;546186;HAS_ADDRESS
546190;546191;HAS_ADDRESS
546195;546196;HAS_ADDRESS
546200;546201;HAS_ADDRESS
546205;546206;HAS_ADDRESS
546210;546211;HAS_ADDRESS
546215;546216;HAS_ADDRESS
546220;546221;HAS_ADDRESS
546225;546226;HAS_ADDRESS
546230;546231;HAS_ADDRESS
546235;546236;HAS_ADDRESS
546240;546241;HAS_ADDRESS
546245;546246;HAS_ADDRESS
546250;546251;HAS_ADDRESS
546255;546256;HAS_ADDRESS
546260;546261;HAS_ADDRESS
546265;546266;HAS_ADDRESS
546270;546271;HAS_ADDRESS
546275;546276;HAS_ADDRESS
546280;546281;HAS_ADDRESS
546285;546286;HAS_ADDRESS
546290;546291;HAS_ADDRESS
546295;546296;HAS_ADDRESS
546300;546301;HAS_ADDRESS
546305;546306;HAS_ADDRESS
546310;546311;HAS_ADDRESS
546315;546316;HAS_ADDRESS
546320;546321;HAS_ADDRESS
546325;546326;HAS_ADDRESS
546330;546331;HAS_ADDRESS
546335;546336;HAS_ADDRESS
546340;546341;HAS_ADDRESS
546345;546346;HAS_ADDRESS
546350;546351;HAS_ADDRESS
546355;546356;HAS_ADDRESS
546360;546361;HAS_ADDRESS
546365;546366;HAS_ADDRESS
546370;546371;HAS_ADDRESS
546375;546376;HAS_ADDRESS
546380;546381;HAS_ADDRESS
546385;546386;HAS_ADDRESS
546390;546391;HAS_ADDRESS
546395;546396;HAS_ADDRESS
546400;546401;HAS_ADDRESS
546405;546406;HAS_ADDRESS
546410;546411;HAS_ADDRESS
546415;546416;HAS_ADDRESS
546420;546421;HAS_ADDRESS
546425;546426;HAS_ADDRESS
546430;546431;HAS_ADDRESS
546435;546436;HAS_ADDRESS
546440;546441;HAS_ADDRESS
546445;546446;HAS_ADDRESS
546450;546451;HAS_ADDRESS
546455;546456;HAS_ADDRESS
546460;546461;HAS_ADDRESS
546465;546466;HAS_ADDRESS
546470;546471;HAS_ADDRESS
546475;546476;HAS_ADDRESS
546480;546481;HAS_ADDRESS
546485;546486;HAS_ADDRESS
546490;546491;HAS_ADDRESS
546495;546496;HAS_ADDRESS
546500;546501;HAS_ADDRESS
546505;546506;HAS_ADDRESS
546510;546511;HAS_ADDRESS
546515;546516;HAS_ADDRESS
546520;546521;HAS_ADDRESS
546525;546526;HAS_ADDRESS
546530;546531;HAS_ADDRESS
546535;546536;HAS_ADDRESS
546540;546541;HAS_ADDRESS
546545;546546;HAS_ADDRESS
546550;546551;HAS_ADDRESS
546555;546556;HAS_ADDRESS
546560;546561;HAS_ADDRESS
546565;546566;HAS_ADDRESS
546570;546571;HAS_ADDRESS
546575;546576;HAS_ADDRESS
546580;546581;HAS_ADDRESS
546585;546586;HAS_ADDRESS
546590;546591;HAS_ADDRESS
546595;546596;HAS_ADDRESS
546600;546601;HAS_ADDRESS
546605;546606;HAS_ADDRESS
546610;546611;HAS_ADDRESS
546615;546616;HAS_ADDRESS
546620;546621;HAS_ADDRESS
546625;546626;HAS_ADDRESS
546630;546631;HAS_ADDRESS
546635;546636;HAS_ADDRESS
546640;546641;HAS_ADDRESS
546645;546646;HAS_ADDRESS
546650;546651;HAS_ADDRESS
546655;546656;HAS_ADDRESS
546660;546661;HAS_ADDRESS
546665;546666;HAS_ADDRESS
546670;546671;HAS_ADDRESS
546675;546676;HAS_ADDRESS
546680;546681;HAS_ADDRESS
546685;546686;HAS_ADDRESS
546690;546691;HAS_ADDRESS
546695;546696;HAS_ADDRESS
546700;546701;HAS_ADDRESS
546705;546706;HAS_ADDRESS
546710;546711;HAS_ADDRESS
546715;546716;HAS_ADDRESS
546720;546721;HAS_ADDRESS
546725;546726;HAS_ADDRESS
546730;546731;HAS_ADDRESS
546735;546736;HAS_ADDRESS
546740;546741;HAS_ADDRESS
546745;546746;HAS_ADDRESS
546750;546751;HAS_ADDRESS
546755;546756;HAS_ADDRESS
546760;546761;HAS_ADDRESS
546765;546766;HAS_ADDRESS
546770;546771;HAS_ADDRESS
546775;546776;HAS_ADDRESS
546780;546781;HAS_ADDRESS
546785;546786;HAS_ADDRESS
546790;546791;HAS_ADDRESS
546795;546796;HAS_ADDRESS
546800;546801;HAS_ADDRESS
546805;546806;HAS_ADDRESS
546810;546811;HAS_ADDRESS
546815;546816;HAS_ADDRESS
546820;546821;HAS_ADDRESS
546825;546826;HAS_ADDRESS
546830;546831;HAS_ADDRESS
546835;546836;HAS_ADDRESS
546840;546841;HAS_ADDRESS
546845;546846;HAS_ADDRESS
546850;546851;HAS_ADDRESS
546855;546856;HAS_ADDRESS
546860;546861;HAS_ADDRESS
546865;546866;HAS_ADDRESS
546870;546871;HAS_ADDRESS
546875;546876;HAS_ADDRESS
546880;546881;HAS_ADDRESS
546885;546886;HAS_ADDRESS
546890;546891;HAS_ADDRESS
546895;546896;HAS_ADDRESS
546900;546901;HAS_ADDRESS
546905;546906;HAS_ADDRESS
546910;546911;HAS_ADDRESS
546915;546916;HAS_ADDRESS
546920;546921;HAS_ADDRESS
546925;546926;HAS_ADDRESS
546930;546931;HAS_ADDRESS
546935;546936;HAS_ADDRESS
546940;546941;HAS_ADDRESS
546945;546946;HAS_ADDRESS
546950;546951;HAS_ADDRESS
546955;546956;HAS_ADDRESS
546960;546961;HAS_ADDRESS
546965;546966;HAS_ADDRESS
546970;546971;HAS_ADDRESS
546975;546976;HAS_ADDRESS
546980;546981;HAS_ADDRESS
546985;546986;HAS_ADDRESS
546990;546991;HAS_ADDRESS
546995;546996;HAS_ADDRESS
547000;547001;HAS_ADDRESS
547005;547006;HAS_ADDRESS
547010;547011;HAS_ADDRESS
547015;547016;HAS_ADDRESS
547020;547021;HAS_ADDRESS
547025;547026;HAS_ADDRESS
547030;547031;HAS_ADDRESS
547035;547036;HAS_ADDRESS
547040;547041;HAS_ADDRESS
547045;547046;HAS_ADDRESS
547050;547051;HAS_ADDRESS
547055;547056;HAS_ADDRESS
547060;547061;HAS_ADDRESS
547065;547066;HAS_ADDRESS
547070;547071;HAS_ADDRESS
547075;547076;HAS_ADDRESS
547080;547081;HAS_ADDRESS
547085;547086;HAS_ADDRESS
547090;547091;HAS_ADDRESS
547095;547096;HAS_ADDRESS
547100;547101;HAS_ADDRESS
547105;547106;HAS_ADDRESS
547110;547111;HAS_ADDRESS
547115;547116;HAS_ADDRESS
547120;547121;HAS_ADDRESS
547125;547126;HAS_ADDRESS
547130;547131;HAS_ADDRESS
547135;547136;HAS_ADDRESS
547140;547141;HAS_ADDRESS
547145;547146;HAS_ADDRESS
547150;547151;HAS_ADDRESS
547155;547156;HAS_ADDRESS
547160;547161;HAS_ADDRESS
547165;547166;HAS_ADDRESS
547170;547171;HAS_ADDRESS
547175;547176;HAS_ADDRESS
547180;547181;HAS_ADDRESS
547185;547186;HAS_ADDRESS
547190;547191;HAS_ADDRESS
547195;547196;HAS_ADDRESS
547200;547201;HAS_ADDRESS
547205;547206;HAS_ADDRESS
547210;547211;HAS_ADDRESS
547215;547216;HAS_ADDRESS
547220;547221;HAS_ADDRESS
547225;547226;HAS_ADDRESS
547230;547231;HAS_ADDRESS
547235;547236;HAS_ADDRESS
547240;547241;HAS_ADDRESS
547245;547246;HAS_ADDRESS
547250;547251;HAS_ADDRESS
547255;547256;HAS_ADDRESS
547260;547261;HAS_ADDRESS
547265;547266;HAS_ADDRESS
547270;547271;HAS_ADDRESS
547275;547276;HAS_ADDRESS
547280;547281;HAS_ADDRESS
547285;547286;HAS_ADDRESS
547290;547291;HAS_ADDRESS
547295;547296;HAS_ADDRESS
547300;547301;HAS_ADDRESS
547305;547306;HAS_ADDRESS
547310;547311;HAS_ADDRESS
547315;547316;HAS_ADDRESS
547320;547321;HAS_ADDRESS
547325;547326;HAS_ADDRESS
547330;547331;HAS_ADDRESS
547335;547336;HAS_ADDRESS
547340;547341;HAS_ADDRESS
547345;547346;HAS_ADDRESS
547350;547351;HAS_ADDRESS
547355;547356;HAS_ADDRESS
547360;547361;HAS_ADDRESS
547365;547366;HAS_ADDRESS
547370;547371;HAS_ADDRESS
547375;547376;HAS_ADDRESS
547380;547381;HAS_ADDRESS
547385;547386;HAS_ADDRESS
547390;547391;HAS_ADDRESS
547395;547396;HAS_ADDRESS
547400;547401;HAS_ADDRESS
547405;547406;HAS_ADDRESS
547410;547411;HAS_ADDRESS
547415;547416;HAS_ADDRESS
547420;547421;HAS_ADDRESS
547425;547426;HAS_ADDRESS
547430;547431;HAS_ADDRESS
547435;547436;HAS_ADDRESS
547440;547441;HAS_ADDRESS
547445;547446;HAS_ADDRESS
547450;547451;HAS_ADDRESS
547455;547456;HAS_ADDRESS
547460;547461;HAS_ADDRESS
547465;547466;HAS_ADDRESS
547470;547471;HAS_ADDRESS
547475;547476;HAS_ADDRESS
547480;547481;HAS_ADDRESS
547485;547486;HAS_ADDRESS
547490;547491;HAS_ADDRESS
547495;547496;HAS_ADDRESS
547500;547501;HAS_ADDRESS
547505;547506;HAS_ADDRESS
547510;547511;HAS_ADDRESS
547515;547516;HAS_ADDRESS
547520;547521;HAS_ADDRESS
547525;547526;HAS_ADDRESS
547530;547531;HAS_ADDRESS
547535;547536;HAS_ADDRESS
547540;547541;HAS_ADDRESS
547545;547546;HAS_ADDRESS
547550;547551;HAS_ADDRESS
547555;547556;HAS_ADDRESS
547560;547561;HAS_ADDRESS
547565;547566;HAS_ADDRESS
547570;547571;HAS_ADDRESS
547575;547576;HAS_ADDRESS
547580;547581;HAS_ADDRESS
547585;547586;HAS_ADDRESS
547590;547591;HAS_ADDRESS
547595;547596;HAS_ADDRESS
547600;547601;HAS_ADDRESS
547605;547606;HAS_ADDRESS
547610;547611;HAS_ADDRESS
547615;547616;HAS_ADDRESS
547620;547621;HAS_ADDRESS
547625;547626;HAS_ADDRESS
547630;547631;HAS_ADDRESS
547635;547636;HAS_ADDRESS
547640;547641;HAS_ADDRESS
547645;547646;HAS_ADDRESS
547650;547651;HAS_ADDRESS
547655;547656;HAS_ADDRESS
547660;547661;HAS_ADDRESS
547665;547666;HAS_ADDRESS
547670;547671;HAS_ADDRESS
547675;547676;HAS_ADDRESS
547680;547681;HAS_ADDRESS
547685;547686;HAS_ADDRESS
547690;547691;HAS_ADDRESS
547695;547696;HAS_ADDRESS
547700;547701;HAS_ADDRESS
547705;547706;HAS_ADDRESS
547710;547711;HAS_ADDRESS
547715;547716;HAS_ADDRESS
547720;547721;HAS_ADDRESS
547725;547726;HAS_ADDRESS
547730;547731;HAS_ADDRESS
547735;547736;HAS_ADDRESS
547740;547741;HAS_ADDRESS
547745;547746;HAS_ADDRESS
547750;547751;HAS_ADDRESS
547755;547756;HAS_ADDRESS
547760;547761;HAS_ADDRESS
547765;547766;HAS_ADDRESS
547770;547771;HAS_ADDRESS
547775;547776;HAS_ADDRESS
547780;547781;HAS_ADDRESS
547785;547786;HAS_ADDRESS
547790;547791;HAS_ADDRESS
547795;547796;HAS_ADDRESS
547800;547801;HAS_ADDRESS
547805;547806;HAS_ADDRESS
547810;547811;HAS_ADDRESS
547815;547816;HAS_ADDRESS
547820;547821;HAS_ADDRESS
547825;547826;HAS_ADDRESS
547830;547831;HAS_ADDRESS
547835;547836;HAS_ADDRESS
547840;547841;HAS_ADDRESS
547845;547846;HAS_ADDRESS
547850;547851;HAS_ADDRESS
547855;547856;HAS_ADDRESS
547860;547861;HAS_ADDRESS
547865;547866;HAS_ADDRESS
547870;547871;HAS_ADDRESS
547875;547876;HAS_ADDRESS
547880;547881;HAS_ADDRESS
547885;547886;HAS_ADDRESS
547890;547891;HAS_ADDRESS
547895;547896;HAS_ADDRESS
547900;547901;HAS_ADDRESS
547905;547906;HAS_ADDRESS
547910;547911;HAS_ADDRESS
547915;547916;HAS_ADDRESS
547920;547921;HAS_ADDRESS
547925;547926;HAS_ADDRESS
547930;547931;HAS_ADDRESS
547935;547936;HAS_ADDRESS
547940;547941;HAS_ADDRESS
547945;547946;HAS_ADDRESS
547950;547951;HAS_ADDRESS
547955;547956;HAS_ADDRESS
547960;547961;HAS_ADDRESS
547965;547966;HAS_ADDRESS
547970;547971;HAS_ADDRESS
547975;547976;HAS_ADDRESS
547980;547981;HAS_ADDRESS
547985;547986;HAS_ADDRESS
547990;547991;HAS_ADDRESS
547995;547996;HAS_ADDRESS
548000;548001;HAS_ADDRESS
548005;548006;HAS_ADDRESS
548010;548011;HAS_ADDRESS
548015;548016;HAS_ADDRESS
548020;548021;HAS_ADDRESS
548025;548026;HAS_ADDRESS
548030;548031;HAS_ADDRESS
548035;548036;HAS_ADDRESS
548040;548041;HAS_ADDRESS
548045;548046;HAS_ADDRESS
548050;548051;HAS_ADDRESS
548055;548056;HAS_ADDRESS
548060;548061;HAS_ADDRESS
548065;548066;HAS_ADDRESS
548070;548071;HAS_ADDRESS
548075;548076;HAS_ADDRESS
548080;548081;HAS_ADDRESS
548085;548086;HAS_ADDRESS
548090;548091;HAS_ADDRESS
548095;548096;HAS_ADDRESS
548100;548101;HAS_ADDRESS
548105;548106;HAS_ADDRESS
548110;548111;HAS_ADDRESS
548115;548116;HAS_ADDRESS
548120;548121;HAS_ADDRESS
548125;548126;HAS_ADDRESS
548130;548131;HAS_ADDRESS
548135;548136;HAS_ADDRESS
548140;548141;HAS_ADDRESS
548145;548146;HAS_ADDRESS
548150;548151;HAS_ADDRESS
548155;548156;HAS_ADDRESS
548160;548161;HAS_ADDRESS
548165;548166;HAS_ADDRESS
548170;548171;HAS_ADDRESS
548175;548176;HAS_ADDRESS
548180;548181;HAS_ADDRESS
548185;548186;HAS_ADDRESS
548190;548191;HAS_ADDRESS
548195;548196;HAS_ADDRESS
548200;548201;HAS_ADDRESS
548205;548206;HAS_ADDRESS
548210;548211;HAS_ADDRESS
548215;548216;HAS_ADDRESS
548220;548221;HAS_ADDRESS
548225;548226;HAS_ADDRESS
548230;548231;HAS_ADDRESS
548235;548236;HAS_ADDRESS
548240;548241;HAS_ADDRESS
548245;548246;HAS_ADDRESS
548250;548251;HAS_ADDRESS
548255;548256;HAS_ADDRESS
548260;548261;HAS_ADDRESS
548265;548266;HAS_ADDRESS
548270;548271;HAS_ADDRESS
548275;548276;HAS_ADDRESS
548280;548281;HAS_ADDRESS
548285;548286;HAS_ADDRESS
548290;548291;HAS_ADDRESS
548295;548296;HAS_ADDRESS
548300;548301;HAS_ADDRESS
548305;548306;HAS_ADDRESS
548310;548311;HAS_ADDRESS
548315;548316;HAS_ADDRESS
548320;548321;HAS_ADDRESS
548325;548326;HAS_ADDRESS
548330;548331;HAS_ADDRESS
548335;548336;HAS_ADDRESS
548340;548341;HAS_ADDRESS
548345;548346;HAS_ADDRESS
548350;548351;HAS_ADDRESS
548355;548356;HAS_ADDRESS
548360;548361;HAS_ADDRESS
548365;548366;HAS_ADDRESS
548370;548371;HAS_ADDRESS
548375;548376;HAS_ADDRESS
548380;548381;HAS_ADDRESS
548385;548386;HAS_ADDRESS
548390;548391;HAS_ADDRESS
548395;548396;HAS_ADDRESS
548400;548401;HAS_ADDRESS
548405;548406;HAS_ADDRESS
548410;548411;HAS_ADDRESS
548415;548416;HAS_ADDRESS
548420;548421;HAS_ADDRESS
548425;548426;HAS_ADDRESS
548430;548431;HAS_ADDRESS
548435;548436;HAS_ADDRESS
548440;548441;HAS_ADDRESS
548445;548446;HAS_ADDRESS
548450;548451;HAS_ADDRESS
548455;548456;HAS_ADDRESS
548460;548461;HAS_ADDRESS
548465;548466;HAS_ADDRESS
548470;548471;HAS_ADDRESS
548475;548476;HAS_ADDRESS
548480;548481;HAS_ADDRESS
548485;548486;HAS_ADDRESS
548490;548491;HAS_ADDRESS
548495;548496;HAS_ADDRESS
548500;548501;HAS_ADDRESS
548505;548506;HAS_ADDRESS
548510;548511;HAS_ADDRESS
548515;548516;HAS_ADDRESS
548520;548521;HAS_ADDRESS
548525;548526;HAS_ADDRESS
548530;548531;HAS_ADDRESS
548535;548536;HAS_ADDRESS
548540;548541;HAS_ADDRESS
548545;548546;HAS_ADDRESS
548550;548551;HAS_ADDRESS
548555;548556;HAS_ADDRESS
548560;548561;HAS_ADDRESS
548565;548566;HAS_ADDRESS
548570;548571;HAS_ADDRESS
548575;548576;HAS_ADDRESS
548580;548581;HAS_ADDRESS
548585;548586;HAS_ADDRESS
548590;548591;HAS_ADDRESS
548595;548596;HAS_ADDRESS
548600;548601;HAS_ADDRESS
548605;548606;HAS_ADDRESS
548610;548611;HAS_ADDRESS
548615;548616;HAS_ADDRESS
548620;548621;HAS_ADDRESS
548625;548626;HAS_ADDRESS
548630;548631;HAS_ADDRESS
548635;548636;HAS_ADDRESS
548640;548641;HAS_ADDRESS
548645;548646;HAS_ADDRESS
548650;548651;HAS_ADDRESS
548655;548656;HAS_ADDRESS
548660;548661;HAS_ADDRESS
548665;548666;HAS_ADDRESS
548670;548671;HAS_ADDRESS
548675;548676;HAS_ADDRESS
548680;548681;HAS_ADDRESS
548685;548686;HAS_ADDRESS
548690;548691;HAS_ADDRESS
548695;548696;HAS_ADDRESS
548700;548701;HAS_ADDRESS
548705;548706;HAS_ADDRESS
548710;548711;HAS_ADDRESS
548715;548716;HAS_ADDRESS
548720;548721;HAS_ADDRESS
548725;548726;HAS_ADDRESS
548730;548731;HAS_ADDRESS
548735;548736;HAS_ADDRESS
548740;548741;HAS_ADDRESS
548745;548746;HAS_ADDRESS
548750;548751;HAS_ADDRESS
548755;548756;HAS_ADDRESS
548760;548761;HAS_ADDRESS
548765;548766;HAS_ADDRESS
548770;548771;HAS_ADDRESS
548775;548776;HAS_ADDRESS
548780;548781;HAS_ADDRESS
548785;548786;HAS_ADDRESS
548790;548791;HAS_ADDRESS
548795;548796;HAS_ADDRESS
548800;548801;HAS_ADDRESS
548805;548806;HAS_ADDRESS
548810;548811;HAS_ADDRESS
548815;548816;HAS_ADDRESS
548820;548821;HAS_ADDRESS
548825;548826;HAS_ADDRESS
548830;548831;HAS_ADDRESS
548835;548836;HAS_ADDRESS
548840;548841;HAS_ADDRESS
548845;548846;HAS_ADDRESS
548850;548851;HAS_ADDRESS
548855;548856;HAS_ADDRESS
548860;548861;HAS_ADDRESS
548865;548866;HAS_ADDRESS
548870;548871;HAS_ADDRESS
548875;548876;HAS_ADDRESS
548880;548881;HAS_ADDRESS
548885;548886;HAS_ADDRESS
548890;548891;HAS_ADDRESS
548895;548896;HAS_ADDRESS
548900;548901;HAS_ADDRESS
548905;548906;HAS_ADDRESS
548910;548911;HAS_ADDRESS
548915;548916;HAS_ADDRESS
548920;548921;HAS_ADDRESS
548925;548926;HAS_ADDRESS
548930;548931;HAS_ADDRESS
548935;548936;HAS_ADDRESS
548940;548941;HAS_ADDRESS
548945;548946;HAS_ADDRESS
548950;548951;HAS_ADDRESS
548955;548956;HAS_ADDRESS
548960;548961;HAS_ADDRESS
548965;548966;HAS_ADDRESS
548970;548971;HAS_ADDRESS
548975;548976;HAS_ADDRESS
548980;548981;HAS_ADDRESS
548985;548986;HAS_ADDRESS
548990;548991;HAS_ADDRESS
548995;548996;HAS_ADDRESS
549000;549001;HAS_ADDRESS
549005;549006;HAS_ADDRESS
549010;549011;HAS_ADDRESS
549015;549016;HAS_ADDRESS
549020;549021;HAS_ADDRESS
549025;549026;HAS_ADDRESS
549030;549031;HAS_ADDRESS
549035;549036;HAS_ADDRESS
549040;549041;HAS_ADDRESS
549045;549046;HAS_ADDRESS
549050;549051;HAS_ADDRESS
549055;549056;HAS_ADDRESS
549060;549061;HAS_ADDRESS
549065;549066;HAS_ADDRESS
549070;549071;HAS_ADDRESS
549075;549076;HAS_ADDRESS
549080;549081;HAS_ADDRESS
549085;549086;HAS_ADDRESS
549090;549091;HAS_ADDRESS
549095;549096;HAS_ADDRESS
549100;549101;HAS_ADDRESS
549105;549106;HAS_ADDRESS
549110;549111;HAS_ADDRESS
549115;549116;HAS_ADDRESS
549120;549121;HAS_ADDRESS
549125;549126;HAS_ADDRESS
549130;549131;HAS_ADDRESS
549135;549136;HAS_ADDRESS
549140;549141;HAS_ADDRESS
549145;549146;HAS_ADDRESS
549150;549151;HAS_ADDRESS
549155;549156;HAS_ADDRESS
549160;549161;HAS_ADDRESS
549165;549166;HAS_ADDRESS
549170;549171;HAS_ADDRESS
549175;549176;HAS_ADDRESS
549180;549181;HAS_ADDRESS
549185;549186;HAS_ADDRESS
549190;549191;HAS_ADDRESS
549195;549196;HAS_ADDRESS
549200;549201;HAS_ADDRESS
549205;549206;HAS_ADDRESS
549210;549211;HAS_ADDRESS
549215;549216;HAS_ADDRESS
549220;549221;HAS_ADDRESS
549225;549226;HAS_ADDRESS
549230;549231;HAS_ADDRESS
549235;549236;HAS_ADDRESS
549240;549241;HAS_ADDRESS
549245;549246;HAS_ADDRESS
549250;549251;HAS_ADDRESS
549255;549256;HAS_ADDRESS
549260;549261;HAS_ADDRESS
549265;549266;HAS_ADDRESS
549270;549271;HAS_ADDRESS
549275;549276;HAS_ADDRESS
549280;549281;HAS_ADDRESS
549285;549286;HAS_ADDRESS
549290;549291;HAS_ADDRESS
549295;549296;HAS_ADDRESS
549300;549301;HAS_ADDRESS
549305;549306;HAS_ADDRESS
549310;549311;HAS_ADDRESS
549315;549316;HAS_ADDRESS
549320;549321;HAS_ADDRESS
549325;549326;HAS_ADDRESS
549330;549331;HAS_ADDRESS
549335;549336;HAS_ADDRESS
549340;549341;HAS_ADDRESS
549345;549346;HAS_ADDRESS
549350;549351;HAS_ADDRESS
549355;549356;HAS_ADDRESS
549360;549361;HAS_ADDRESS
549365;549366;HAS_ADDRESS
549370;549371;HAS_ADDRESS
549375;549376;HAS_ADDRESS
549380;549381;HAS_ADDRESS
549385;549386;HAS_ADDRESS
549390;549391;HAS_ADDRESS
549395;549396;HAS_ADDRESS
549400;549401;HAS_ADDRESS
549405;549406;HAS_ADDRESS
549410;549411;HAS_ADDRESS
549415;549416;HAS_ADDRESS
549420;549421;HAS_ADDRESS
549425;549426;HAS_ADDRESS
549430;549431;HAS_ADDRESS
549435;549436;HAS_ADDRESS
549440;549441;HAS_ADDRESS
549445;549446;HAS_ADDRESS
549450;549451;HAS_ADDRESS
549455;549456;HAS_ADDRESS
549460;549461;HAS_ADDRESS
549465;549466;HAS_ADDRESS
549470;549471;HAS_ADDRESS
549475;549476;HAS_ADDRESS
549480;549481;HAS_ADDRESS
549485;549486;HAS_ADDRESS
549490;549491;HAS_ADDRESS
549495;549496;HAS_ADDRESS
549500;549501;HAS_ADDRESS
549505;549506;HAS_ADDRESS
549510;549511;HAS_ADDRESS
549515;549516;HAS_ADDRESS
549520;549521;HAS_ADDRESS
549525;549526;HAS_ADDRESS
549530;549531;HAS_ADDRESS
549535;549536;HAS_ADDRESS
549540;549541;HAS_ADDRESS
549545;549546;HAS_ADDRESS
549550;549551;HAS_ADDRESS
549555;549556;HAS_ADDRESS
549560;549561;HAS_ADDRESS
549565;549566;HAS_ADDRESS
549570;549571;HAS_ADDRESS
549575;549576;HAS_ADDRESS
549580;549581;HAS_ADDRESS
549585;549586;HAS_ADDRESS
549590;549591;HAS_ADDRESS
549595;549596;HAS_ADDRESS
549600;549601;HAS_ADDRESS
549605;549606;HAS_ADDRESS
549610;549611;HAS_ADDRESS
549615;549616;HAS_ADDRESS
549620;549621;HAS_ADDRESS
549625;549626;HAS_ADDRESS
549630;549631;HAS_ADDRESS
549635;549636;HAS_ADDRESS
549640;549641;HAS_ADDRESS
549645;549646;HAS_ADDRESS
549650;549651;HAS_ADDRESS
549655;549656;HAS_ADDRESS
549660;549661;HAS_ADDRESS
549665;549666;HAS_ADDRESS
549670;549671;HAS_ADDRESS
549675;549676;HAS_ADDRESS
549680;549681;HAS_ADDRESS
549685;549686;HAS_ADDRESS
549690;549691;HAS_ADDRESS
549695;549696;HAS_ADDRESS
549700;549701;HAS_ADDRESS
549705;549706;HAS_ADDRESS
549710;549711;HAS_ADDRESS
549715;549716;HAS_ADDRESS
549720;549721;HAS_ADDRESS
549725;549726;HAS_ADDRESS
549730;549731;HAS_ADDRESS
549735;549736;HAS_ADDRESS
549740;549741;HAS_ADDRESS
549745;549746;HAS_ADDRESS
549750;549751;HAS_ADDRESS
549755;549756;HAS_ADDRESS
549760;549761;HAS_ADDRESS
549765;549766;HAS_ADDRESS
549770;549771;HAS_ADDRESS
549775;549776;HAS_ADDRESS
549780;549781;HAS_ADDRESS
549785;549786;HAS_ADDRESS
549790;549791;HAS_ADDRESS
549795;549796;HAS_ADDRESS
549800;549801;HAS_ADDRESS
549805;549806;HAS_ADDRESS
549810;549811;HAS_ADDRESS
549815;549816;HAS_ADDRESS
549820;549821;HAS_ADDRESS
549825;549826;HAS_ADDRESS
549830;549831;HAS_ADDRESS
549835;549836;HAS_ADDRESS
549840;549841;HAS_ADDRESS
549845;549846;HAS_ADDRESS
549850;549851;HAS_ADDRESS
549855;549856;HAS_ADDRESS
549860;549861;HAS_ADDRESS
549865;549866;HAS_ADDRESS
549870;549871;HAS_ADDRESS
549875;549876;HAS_ADDRESS
549880;549881;HAS_ADDRESS
549885;549886;HAS_ADDRESS
549890;549891;HAS_ADDRESS
549895;549896;HAS_ADDRESS
549900;549901;HAS_ADDRESS
549905;549906;HAS_ADDRESS
549910;549911;HAS_ADDRESS
549915;549916;HAS_ADDRESS
549920;549921;HAS_ADDRESS
549925;549926;HAS_ADDRESS
549930;549931;HAS_ADDRESS
549935;549936;HAS_ADDRESS
549940;549941;HAS_ADDRESS
549945;549946;HAS_ADDRESS
549950;549951;HAS_ADDRESS
549955;549956;HAS_ADDRESS
549960;549961;HAS_ADDRESS
549965;549966;HAS_ADDRESS
549970;549971;HAS_ADDRESS
549975;549976;HAS_ADDRESS
549980;549981;HAS_ADDRESS
549985;549986;HAS_ADDRESS
549990;549991;HAS_ADDRESS
549995;549996;HAS_ADDRESS
550000;550001;HAS_ADDRESS
550005;550006;HAS_ADDRESS
550010;550011;HAS_ADDRESS
550015;550016;HAS_ADDRESS
550020;550021;HAS_ADDRESS
550025;550026;HAS_ADDRESS
550030;550031;HAS_ADDRESS
550035;550036;HAS_ADDRESS
550040;550041;HAS_ADDRESS
550045;550046;HAS_ADDRESS
550050;550051;HAS_ADDRESS
550055;550056;HAS_ADDRESS
550060;550061;HAS_ADDRESS
550065;550066;HAS_ADDRESS
550070;550071;HAS_ADDRESS
550075;550076;HAS_ADDRESS
550080;550081;HAS_ADDRESS
550085;550086;HAS_ADDRESS
550090;550091;HAS_ADDRESS
550095;550096;HAS_ADDRESS
550100;550101;HAS_ADDRESS
550105;550106;HAS_ADDRESS
550110;550111;HAS_ADDRESS
550115;550116;HAS_ADDRESS
550120;550121;HAS_ADDRESS
550125;550126;HAS_ADDRESS
550130;550131;HAS_ADDRESS
550135;550136;HAS_ADDRESS
550140;550141;HAS_ADDRESS
550145;550146;HAS_ADDRESS
550150;550151;HAS_ADDRESS
550155;550156;HAS_ADDRESS
550160;550161;HAS_ADDRESS
550165;550166;HAS_ADDRESS
550170;550171;HAS_ADDRESS
550175;550176;HAS_ADDRESS
550180;550181;HAS_ADDRESS
550185;550186;HAS_ADDRESS
550190;550191;HAS_ADDRESS
550195;550196;HAS_ADDRESS
550200;550201;HAS_ADDRESS
550205;550206;HAS_ADDRESS
550210;550211;HAS_ADDRESS
550215;550216;HAS_ADDRESS
550220;550221;HAS_ADDRESS
550225;550226;HAS_ADDRESS
550230;550231;HAS_ADDRESS
550235;550236;HAS_ADDRESS
550240;550241;HAS_ADDRESS
550245;550246;HAS_ADDRESS
550250;550251;HAS_ADDRESS
550255;550256;HAS_ADDRESS
550260;550261;HAS_ADDRESS
550265;550266;HAS_ADDRESS
550270;550271;HAS_ADDRESS
550275;550276;HAS_ADDRESS
550280;550281;HAS_ADDRESS
550285;550286;HAS_ADDRESS
550290;550291;HAS_ADDRESS
550295;550296;HAS_ADDRESS
550300;550301;HAS_ADDRESS
550305;550306;HAS_ADDRESS
550310;550311;HAS_ADDRESS
550315;550316;HAS_ADDRESS
550320;550321;HAS_ADDRESS
550325;550326;HAS_ADDRESS
550330;550331;HAS_ADDRESS
550335;550336;HAS_ADDRESS
550340;550341;HAS_ADDRESS
550345;550346;HAS_ADDRESS
550350;550351;HAS_ADDRESS
550355;550356;HAS_ADDRESS
550360;550361;HAS_ADDRESS
550365;550366;HAS_ADDRESS
550370;550371;HAS_ADDRESS
550375;550376;HAS_ADDRESS
550380;550381;HAS_ADDRESS
550385;550386;HAS_ADDRESS
550390;550391;HAS_ADDRESS
550395;550396;HAS_ADDRESS
550400;550401;HAS_ADDRESS
550405;550406;HAS_ADDRESS
550410;550411;HAS_ADDRESS
550415;550416;HAS_ADDRESS
550420;550421;HAS_ADDRESS
550425;550426;HAS_ADDRESS
550430;550431;HAS_ADDRESS
550435;550436;HAS_ADDRESS
550440;550441;HAS_ADDRESS
550445;550446;HAS_ADDRESS
550450;550451;HAS_ADDRESS
550455;550456;HAS_ADDRESS
550460;550461;HAS_ADDRESS
550465;550466;HAS_ADDRESS
550470;550471;HAS_ADDRESS
550475;550476;HAS_ADDRESS
550480;550481;HAS_ADDRESS
550485;550486;HAS_ADDRESS
550490;550491;HAS_ADDRESS
550495;550496;HAS_ADDRESS
550500;550501;HAS_ADDRESS
550505;550506;HAS_ADDRESS
550510;550511;HAS_ADDRESS
550515;550516;HAS_ADDRESS
550520;550521;HAS_ADDRESS
550525;550526;HAS_ADDRESS
550530;550531;HAS_ADDRESS
550535;550536;HAS_ADDRESS
550540;550541;HAS_ADDRESS
550545;550546;HAS_ADDRESS
550550;550551;HAS_ADDRESS
550555;550556;HAS_ADDRESS
550560;550561;HAS_ADDRESS
550565;550566;HAS_ADDRESS
550570;550571;HAS_ADDRESS
550575;550576;HAS_ADDRESS
550580;550581;HAS_ADDRESS
550585;550586;HAS_ADDRESS
550590;550591;HAS_ADDRESS
550595;550596;HAS_ADDRESS
550600;550601;HAS_ADDRESS
550605;550606;HAS_ADDRESS
550610;550611;HAS_ADDRESS
550615;550616;HAS_ADDRESS
550620;550621;HAS_ADDRESS
550625;550626;HAS_ADDRESS
550630;550631;HAS_ADDRESS
550635;550636;HAS_ADDRESS
550640;550641;HAS_ADDRESS
550645;550646;HAS_ADDRESS
550650;550651;HAS_ADDRESS
550655;550656;HAS_ADDRESS
550660;550661;HAS_ADDRESS
550665;550666;HAS_ADDRESS
550670;550671;HAS_ADDRESS
550675;550676;HAS_ADDRESS
550680;550681;HAS_ADDRESS
550685;550686;HAS_ADDRESS
550690;550691;HAS_ADDRESS
550695;550696;HAS_ADDRESS
550700;550701;HAS_ADDRESS
550705;550706;HAS_ADDRESS
550710;550711;HAS_ADDRESS
550715;550716;HAS_ADDRESS
550720;550721;HAS_ADDRESS
550725;550726;HAS_ADDRESS
550730;550731;HAS_ADDRESS
550735;550736;HAS_ADDRESS
550740;550741;HAS_ADDRESS
550745;550746;HAS_ADDRESS
550750;550751;HAS_ADDRESS
550755;550756;HAS_ADDRESS
550760;550761;HAS_ADDRESS
550765;550766;HAS_ADDRESS
550770;550771;HAS_ADDRESS
550775;550776;HAS_ADDRESS
550780;550781;HAS_ADDRESS
550785;550786;HAS_ADDRESS
550790;550791;HAS_ADDRESS
550795;550796;HAS_ADDRESS
550800;550801;HAS_ADDRESS
550805;550806;HAS_ADDRESS
550810;550811;HAS_ADDRESS
550815;550816;HAS_ADDRESS
550820;550821;HAS_ADDRESS
550825;550826;HAS_ADDRESS
550830;550831;HAS_ADDRESS
550835;550836;HAS_ADDRESS
550840;550841;HAS_ADDRESS
550845;550846;HAS_ADDRESS
550850;550851;HAS_ADDRESS
550855;550856;HAS_ADDRESS
550860;550861;HAS_ADDRESS
550865;550866;HAS_ADDRESS
550870;550871;HAS_ADDRESS
550875;550876;HAS_ADDRESS
550880;550881;HAS_ADDRESS
550885;550886;HAS_ADDRESS
550890;550891;HAS_ADDRESS
550895;550896;HAS_ADDRESS
550900;550901;HAS_ADDRESS
550905;550906;HAS_ADDRESS
550910;550911;HAS_ADDRESS
550915;550916;HAS_ADDRESS
550920;550921;HAS_ADDRESS
550925;550926;HAS_ADDRESS
550930;550931;HAS_ADDRESS
550935;550936;HAS_ADDRESS
550940;550941;HAS_ADDRESS
550945;550946;HAS_ADDRESS
550950;550951;HAS_ADDRESS
550955;550956;HAS_ADDRESS
550960;550961;HAS_ADDRESS
550965;550966;HAS_ADDRESS
550970;550971;HAS_ADDRESS
550975;550976;HAS_ADDRESS
550980;550981;HAS_ADDRESS
550985;550986;HAS_ADDRESS
550990;550991;HAS_ADDRESS
550995;550996;HAS_ADDRESS
551000;551001;HAS_ADDRESS
551005;551006;HAS_ADDRESS
551010;551011;HAS_ADDRESS
551015;551016;HAS_ADDRESS
551020;551021;HAS_ADDRESS
551025;551026;HAS_ADDRESS
551030;551031;HAS_ADDRESS
551035;551036;HAS_ADDRESS
551040;551041;HAS_ADDRESS
551045;551046;HAS_ADDRESS
551050;551051;HAS_ADDRESS
551055;551056;HAS_ADDRESS
551060;551061;HAS_ADDRESS
551065;551066;HAS_ADDRESS
551070;551071;HAS_ADDRESS
551075;551076;HAS_ADDRESS
551080;551081;HAS_ADDRESS
551085;551086;HAS_ADDRESS
551090;551091;HAS_ADDRESS
551095;551096;HAS_ADDRESS
551100;551101;HAS_ADDRESS
551105;551106;HAS_ADDRESS
551110;551111;HAS_ADDRESS
551115;551116;HAS_ADDRESS
551120;551121;HAS_ADDRESS
551125;551126;HAS_ADDRESS
551130;551131;HAS_ADDRESS
551135;551136;HAS_ADDRESS
551140;551141;HAS_ADDRESS
551145;551146;HAS_ADDRESS
551150;551151;HAS_ADDRESS
551155;551156;HAS_ADDRESS
551160;551161;HAS_ADDRESS
551165;551166;HAS_ADDRESS
551170;551171;HAS_ADDRESS
551175;551176;HAS_ADDRESS
551180;551181;HAS_ADDRESS
551185;551186;HAS_ADDRESS
551190;551191;HAS_ADDRESS
551195;551196;HAS_ADDRESS
551200;551201;HAS_ADDRESS
551205;551206;HAS_ADDRESS
551210;551211;HAS_ADDRESS
551215;551216;HAS_ADDRESS
551220;551221;HAS_ADDRESS
551225;551226;HAS_ADDRESS
551230;551231;HAS_ADDRESS
551235;551236;HAS_ADDRESS
551240;551241;HAS_ADDRESS
551245;551246;HAS_ADDRESS
551250;551251;HAS_ADDRESS
551255;551256;HAS_ADDRESS
551260;551261;HAS_ADDRESS
551265;551266;HAS_ADDRESS
551270;551271;HAS_ADDRESS
551275;551276;HAS_ADDRESS
551280;551281;HAS_ADDRESS
551285;551286;HAS_ADDRESS
551290;551291;HAS_ADDRESS
551295;551296;HAS_ADDRESS
551300;551301;HAS_ADDRESS
551305;551306;HAS_ADDRESS
551310;551311;HAS_ADDRESS
551315;551316;HAS_ADDRESS
551320;551321;HAS_ADDRESS
551325;551326;HAS_ADDRESS
551330;551331;HAS_ADDRESS
551335;551336;HAS_ADDRESS
551340;551341;HAS_ADDRESS
551345;551346;HAS_ADDRESS
551350;551351;HAS_ADDRESS
551355;551356;HAS_ADDRESS
551360;551361;HAS_ADDRESS
551365;551366;HAS_ADDRESS
551370;551371;HAS_ADDRESS
551375;551376;HAS_ADDRESS
551380;551381;HAS_ADDRESS
551385;551386;HAS_ADDRESS
551390;551391;HAS_ADDRESS
551395;551396;HAS_ADDRESS
551400;551401;HAS_ADDRESS
551405;551406;HAS_ADDRESS
551410;551411;HAS_ADDRESS
551415;551416;HAS_ADDRESS
551420;551421;HAS_ADDRESS
551425;551426;HAS_ADDRESS
551430;551431;HAS_ADDRESS
551435;551436;HAS_ADDRESS
551440;551441;HAS_ADDRESS
551445;551446;HAS_ADDRESS
551450;551451;HAS_ADDRESS
551455;551456;HAS_ADDRESS
551460;551461;HAS_ADDRESS
551465;551466;HAS_ADDRESS
551470;551471;HAS_ADDRESS
551475;551476;HAS_ADDRESS
551480;551481;HAS_ADDRESS
551485;551486;HAS_ADDRESS
551490;551491;HAS_ADDRESS
551495;551496;HAS_ADDRESS
551500;551501;HAS_ADDRESS
551505;551506;HAS_ADDRESS
551510;551511;HAS_ADDRESS
551515;551516;HAS_ADDRESS
551520;551521;HAS_ADDRESS
551525;551526;HAS_ADDRESS
551530;551531;HAS_ADDRESS
551535;551536;HAS_ADDRESS
551540;551541;HAS_ADDRESS
551545;551546;HAS_ADDRESS
551550;551551;HAS_ADDRESS
551555;551556;HAS_ADDRESS
551560;551561;HAS_ADDRESS
551565;551566;HAS_ADDRESS
551570;551571;HAS_ADDRESS
551575;551576;HAS_ADDRESS
551580;551581;HAS_ADDRESS
551585;551586;HAS_ADDRESS
551590;551591;HAS_ADDRESS
551595;551596;HAS_ADDRESS
551600;551601;HAS_ADDRESS
551605;551606;HAS_ADDRESS
551610;551611;HAS_ADDRESS
551615;551616;HAS_ADDRESS
551620;551621;HAS_ADDRESS
551625;551626;HAS_ADDRESS
551630;551631;HAS_ADDRESS
551635;551636;HAS_ADDRESS
551640;551641;HAS_ADDRESS
551645;551646;HAS_ADDRESS
551650;551651;HAS_ADDRESS
551655;551656;HAS_ADDRESS
551660;551661;HAS_ADDRESS
551665;551666;HAS_ADDRESS
551670;551671;HAS_ADDRESS
551675;551676;HAS_ADDRESS
551680;551681;HAS_ADDRESS
551685;551686;HAS_ADDRESS
551690;551691;HAS_ADDRESS
551695;551696;HAS_ADDRESS
551700;551701;HAS_ADDRESS
551705;551706;HAS_ADDRESS
551710;551711;HAS_ADDRESS
551715;551716;HAS_ADDRESS
551720;551721;HAS_ADDRESS
551725;551726;HAS_ADDRESS
551730;551731;HAS_ADDRESS
551735;551736;HAS_ADDRESS
551740;551741;HAS_ADDRESS
551745;551746;HAS_ADDRESS
551750;551751;HAS_ADDRESS
551755;551756;HAS_ADDRESS
551760;551761;HAS_ADDRESS
551765;551766;HAS_ADDRESS
551770;551771;HAS_ADDRESS
551775;551776;HAS_ADDRESS
551780;551781;HAS_ADDRESS
551785;551786;HAS_ADDRESS
551790;551791;HAS_ADDRESS
551795;551796;HAS_ADDRESS
551800;551801;HAS_ADDRESS
551805;551806;HAS_ADDRESS
551810;551811;HAS_ADDRESS
551815;551816;HAS_ADDRESS
551820;551821;HAS_ADDRESS
551825;551826;HAS_ADDRESS
551830;551831;HAS_ADDRESS
551835;551836;HAS_ADDRESS
551840;551841;HAS_ADDRESS
551845;551846;HAS_ADDRESS
551850;551851;HAS_ADDRESS
551855;551856;HAS_ADDRESS
551860;551861;HAS_ADDRESS
551865;551866;HAS_ADDRESS
551870;551871;HAS_ADDRESS
551875;551876;HAS_ADDRESS
551880;551881;HAS_ADDRESS
551885;551886;HAS_ADDRESS
551890;551891;HAS_ADDRESS
551895;551896;HAS_ADDRESS
551900;551901;HAS_ADDRESS
551905;551906;HAS_ADDRESS
551910;551911;HAS_ADDRESS
551915;551916;HAS_ADDRESS
551920;551921;HAS_ADDRESS
551925;551926;HAS_ADDRESS
551930;551931;HAS_ADDRESS
551935;551936;HAS_ADDRESS
551940;551941;HAS_ADDRESS
551945;551946;HAS_ADDRESS
551950;551951;HAS_ADDRESS
551955;551956;HAS_ADDRESS
551960;551961;HAS_ADDRESS
551965;551966;HAS_ADDRESS
551970;551971;HAS_ADDRESS
551975;551976;HAS_ADDRESS
551980;551981;HAS_ADDRESS
551985;551986;HAS_ADDRESS
551990;551991;HAS_ADDRESS
551995;551996;HAS_ADDRESS
552000;552001;HAS_ADDRESS
552005;552006;HAS_ADDRESS
552010;552011;HAS_ADDRESS
552015;552016;HAS_ADDRESS
552020;552021;HAS_ADDRESS
552025;552026;HAS_ADDRESS
552030;552031;HAS_ADDRESS
552035;552036;HAS_ADDRESS
552040;552041;HAS_ADDRESS
552045;552046;HAS_ADDRESS
552050;552051;HAS_ADDRESS
552055;552056;HAS_ADDRESS
552060;552061;HAS_ADDRESS
552065;552066;HAS_ADDRESS
552070;552071;HAS_ADDRESS
552075;552076;HAS_ADDRESS
552080;552081;HAS_ADDRESS
552085;552086;HAS_ADDRESS
552090;552091;HAS_ADDRESS
552095;552096;HAS_ADDRESS
552100;552101;HAS_ADDRESS
552105;552106;HAS_ADDRESS
552110;552111;HAS_ADDRESS
552115;552116;HAS_ADDRESS
552120;552121;HAS_ADDRESS
552125;552126;HAS_ADDRESS
552130;552131;HAS_ADDRESS
552135;552136;HAS_ADDRESS
552140;552141;HAS_ADDRESS
552145;552146;HAS_ADDRESS
552150;552151;HAS_ADDRESS
552155;552156;HAS_ADDRESS
552160;552161;HAS_ADDRESS
552165;552166;HAS_ADDRESS
552170;552171;HAS_ADDRESS
552175;552176;HAS_ADDRESS
552180;552181;HAS_ADDRESS
552185;552186;HAS_ADDRESS
552190;552191;HAS_ADDRESS
552195;552196;HAS_ADDRESS
552200;552201;HAS_ADDRESS
552205;552206;HAS_ADDRESS
552210;552211;HAS_ADDRESS
552215;552216;HAS_ADDRESS
552220;552221;HAS_ADDRESS
552225;552226;HAS_ADDRESS
552230;552231;HAS_ADDRESS
552235;552236;HAS_ADDRESS
552240;552241;HAS_ADDRESS
552245;552246;HAS_ADDRESS
552250;552251;HAS_ADDRESS
552255;552256;HAS_ADDRESS
552260;552261;HAS_ADDRESS
552265;552266;HAS_ADDRESS
552270;552271;HAS_ADDRESS
552275;552276;HAS_ADDRESS
552280;552281;HAS_ADDRESS
552285;552286;HAS_ADDRESS
552290;552291;HAS_ADDRESS
552295;552296;HAS_ADDRESS
552300;552301;HAS_ADDRESS
552305;552306;HAS_ADDRESS
552310;552311;HAS_ADDRESS
552315;552316;HAS_ADDRESS
552320;552321;HAS_ADDRESS
552325;552326;HAS_ADDRESS
552330;552331;HAS_ADDRESS
552335;552336;HAS_ADDRESS
552340;552341;HAS_ADDRESS
552345;552346;HAS_ADDRESS
552350;552351;HAS_ADDRESS
552355;552356;HAS_ADDRESS
552360;552361;HAS_ADDRESS
552365;552366;HAS_ADDRESS
552370;552371;HAS_ADDRESS
552375;552376;HAS_ADDRESS
552380;552381;HAS_ADDRESS
552385;552386;HAS_ADDRESS
552390;552391;HAS_ADDRESS
552395;552396;HAS_ADDRESS
552400;552401;HAS_ADDRESS
552405;552406;HAS_ADDRESS
552410;552411;HAS_ADDRESS
552415;552416;HAS_ADDRESS
552420;552421;HAS_ADDRESS
552425;552426;HAS_ADDRESS
552430;552431;HAS_ADDRESS
552435;552436;HAS_ADDRESS
552440;552441;HAS_ADDRESS
552445;552446;HAS_ADDRESS
552450;552451;HAS_ADDRESS
552455;552456;HAS_ADDRESS
552460;552461;HAS_ADDRESS
552465;552466;HAS_ADDRESS
552470;552471;HAS_ADDRESS
552475;552476;HAS_ADDRESS
552480;552481;HAS_ADDRESS
552485;552486;HAS_ADDRESS
552490;552491;HAS_ADDRESS
552495;552496;HAS_ADDRESS
552500;552501;HAS_ADDRESS
552505;552506;HAS_ADDRESS
552510;552511;HAS_ADDRESS
552515;552516;HAS_ADDRESS
552520;552521;HAS_ADDRESS
552525;552526;HAS_ADDRESS
552530;552531;HAS_ADDRESS
552535;552536;HAS_ADDRESS
552540;552541;HAS_ADDRESS
552545;552546;HAS_ADDRESS
552550;552551;HAS_ADDRESS
552555;552556;HAS_ADDRESS
552560;552561;HAS_ADDRESS
552565;552566;HAS_ADDRESS
552570;552571;HAS_ADDRESS
552575;552576;HAS_ADDRESS
552580;552581;HAS_ADDRESS
552585;552586;HAS_ADDRESS
552590;552591;HAS_ADDRESS
552595;552596;HAS_ADDRESS
552600;552601;HAS_ADDRESS
552605;552606;HAS_ADDRESS
552610;552611;HAS_ADDRESS
552615;552616;HAS_ADDRESS
552620;552621;HAS_ADDRESS
552625;552626;HAS_ADDRESS
552630;552631;HAS_ADDRESS
552635;552636;HAS_ADDRESS
552640;552641;HAS_ADDRESS
552645;552646;HAS_ADDRESS
552650;552651;HAS_ADDRESS
552655;552656;HAS_ADDRESS
552660;552661;HAS_ADDRESS
552665;552666;HAS_ADDRESS
552670;552671;HAS_ADDRESS
552675;552676;HAS_ADDRESS
552680;552681;HAS_ADDRESS
552685;552686;HAS_ADDRESS
552690;552691;HAS_ADDRESS
552695;552696;HAS_ADDRESS
552700;552701;HAS_ADDRESS
552705;552706;HAS_ADDRESS
552710;552711;HAS_ADDRESS
552715;552716;HAS_ADDRESS
552720;552721;HAS_ADDRESS
552725;552726;HAS_ADDRESS
552730;552731;HAS_ADDRESS
552735;552736;HAS_ADDRESS
552740;552741;HAS_ADDRESS
552745;552746;HAS_ADDRESS
552750;552751;HAS_ADDRESS
552755;552756;HAS_ADDRESS
552760;552761;HAS_ADDRESS
552765;552766;HAS_ADDRESS
552770;552771;HAS_ADDRESS
552775;552776;HAS_ADDRESS
552780;552781;HAS_ADDRESS
552785;552786;HAS_ADDRESS
552790;552791;HAS_ADDRESS
552795;552796;HAS_ADDRESS
552800;552801;HAS_ADDRESS
552805;552806;HAS_ADDRESS
552810;552811;HAS_ADDRESS
552815;552816;HAS_ADDRESS
552820;552821;HAS_ADDRESS
552825;552826;HAS_ADDRESS
552830;552831;HAS_ADDRESS
552835;552836;HAS_ADDRESS
552840;552841;HAS_ADDRESS
552845;552846;HAS_ADDRESS
552850;552851;HAS_ADDRESS
552855;552856;HAS_ADDRESS
552860;552861;HAS_ADDRESS
552865;552866;HAS_ADDRESS
552870;552871;HAS_ADDRESS
552875;552876;HAS_ADDRESS
552880;552881;HAS_ADDRESS
552885;552886;HAS_ADDRESS
552890;552891;HAS_ADDRESS
552895;552896;HAS_ADDRESS
552900;552901;HAS_ADDRESS
552905;552906;HAS_ADDRESS
552910;552911;HAS_ADDRESS
552915;552916;HAS_ADDRESS
552920;552921;HAS_ADDRESS
552925;552926;HAS_ADDRESS
552930;552931;HAS_ADDRESS
552935;552936;HAS_ADDRESS
552940;552941;HAS_ADDRESS
552945;552946;HAS_ADDRESS
552950;552951;HAS_ADDRESS
552955;552956;HAS_ADDRESS
552960;552961;HAS_ADDRESS
552965;552966;HAS_ADDRESS
552970;552971;HAS_ADDRESS
552975;552976;HAS_ADDRESS
552980;552981;HAS_ADDRESS
552985;552986;HAS_ADDRESS
552990;552991;HAS_ADDRESS
552995;552996;HAS_ADDRESS
553000;553001;HAS_ADDRESS
553005;553006;HAS_ADDRESS
553010;553011;HAS_ADDRESS
553015;553016;HAS_ADDRESS
553020;553021;HAS_ADDRESS
553025;553026;HAS_ADDRESS
553030;553031;HAS_ADDRESS
553035;553036;HAS_ADDRESS
553040;553041;HAS_ADDRESS
553045;553046;HAS_ADDRESS
553050;553051;HAS_ADDRESS
553055;553056;HAS_ADDRESS
553060;553061;HAS_ADDRESS
553065;553066;HAS_ADDRESS
553070;553071;HAS_ADDRESS
553075;553076;HAS_ADDRESS
553080;553081;HAS_ADDRESS
553085;553086;HAS_ADDRESS
553090;553091;HAS_ADDRESS
553095;553096;HAS_ADDRESS
553100;553101;HAS_ADDRESS
553105;553106;HAS_ADDRESS
553110;553111;HAS_ADDRESS
553115;553116;HAS_ADDRESS
553120;553121;HAS_ADDRESS
553125;553126;HAS_ADDRESS
553130;553131;HAS_ADDRESS
553135;553136;HAS_ADDRESS
553140;553141;HAS_ADDRESS
553145;553146;HAS_ADDRESS
553150;553151;HAS_ADDRESS
553155;553156;HAS_ADDRESS
553160;553161;HAS_ADDRESS
553165;553166;HAS_ADDRESS
553170;553171;HAS_ADDRESS
553175;553176;HAS_ADDRESS
553180;553181;HAS_ADDRESS
553185;553186;HAS_ADDRESS
553190;553191;HAS_ADDRESS
553195;553196;HAS_ADDRESS
553200;553201;HAS_ADDRESS
553205;553206;HAS_ADDRESS
553210;553211;HAS_ADDRESS
553215;553216;HAS_ADDRESS
553220;553221;HAS_ADDRESS
553225;553226;HAS_ADDRESS
553230;553231;HAS_ADDRESS
553235;553236;HAS_ADDRESS
553240;553241;HAS_ADDRESS
553245;553246;HAS_ADDRESS
553250;553251;HAS_ADDRESS
553255;553256;HAS_ADDRESS
553260;553261;HAS_ADDRESS
553265;553266;HAS_ADDRESS
553270;553271;HAS_ADDRESS
553275;553276;HAS_ADDRESS
553280;553281;HAS_ADDRESS
553285;553286;HAS_ADDRESS
553290;553291;HAS_ADDRESS
553295;553296;HAS_ADDRESS
553300;553301;HAS_ADDRESS
553305;553306;HAS_ADDRESS
553310;553311;HAS_ADDRESS
553315;553316;HAS_ADDRESS
553320;553321;HAS_ADDRESS
553325;553326;HAS_ADDRESS
553330;553331;HAS_ADDRESS
553335;553336;HAS_ADDRESS
553340;553341;HAS_ADDRESS
553345;553346;HAS_ADDRESS
553350;553351;HAS_ADDRESS
553355;553356;HAS_ADDRESS
553360;553361;HAS_ADDRESS
553365;553366;HAS_ADDRESS
553370;553371;HAS_ADDRESS
553375;553376;HAS_ADDRESS
553380;553381;HAS_ADDRESS
553385;553386;HAS_ADDRESS
553390;553391;HAS_ADDRESS
553395;553396;HAS_ADDRESS
553400;553401;HAS_ADDRESS
553405;553406;HAS_ADDRESS
553410;553411;HAS_ADDRESS
553415;553416;HAS_ADDRESS
553420;553421;HAS_ADDRESS
553425;553426;HAS_ADDRESS
553430;553431;HAS_ADDRESS
553435;553436;HAS_ADDRESS
553440;553441;HAS_ADDRESS
553445;553446;HAS_ADDRESS
553450;553451;HAS_ADDRESS
553455;553456;HAS_ADDRESS
553460;553461;HAS_ADDRESS
553465;553466;HAS_ADDRESS
553470;553471;HAS_ADDRESS
553475;553476;HAS_ADDRESS
553480;553481;HAS_ADDRESS
553485;553486;HAS_ADDRESS
553490;553491;HAS_ADDRESS
553495;553496;HAS_ADDRESS
553500;553501;HAS_ADDRESS
553505;553506;HAS_ADDRESS
553510;553511;HAS_ADDRESS
553515;553516;HAS_ADDRESS
553520;553521;HAS_ADDRESS
553525;553526;HAS_ADDRESS
553530;553531;HAS_ADDRESS
553535;553536;HAS_ADDRESS
553540;553541;HAS_ADDRESS
553545;553546;HAS_ADDRESS
553550;553551;HAS_ADDRESS
553555;553556;HAS_ADDRESS
553560;553561;HAS_ADDRESS
553565;553566;HAS_ADDRESS
553570;553571;HAS_ADDRESS
553575;553576;HAS_ADDRESS
553580;553581;HAS_ADDRESS
553585;553586;HAS_ADDRESS
553590;553591;HAS_ADDRESS
553595;553596;HAS_ADDRESS
553600;553601;HAS_ADDRESS
553605;553606;HAS_ADDRESS
553610;553611;HAS_ADDRESS
553615;553616;HAS_ADDRESS
553620;553621;HAS_ADDRESS
553625;553626;HAS_ADDRESS
553630;553631;HAS_ADDRESS
553635;553636;HAS_ADDRESS
553640;553641;HAS_ADDRESS
553645;553646;HAS_ADDRESS
553650;553651;HAS_ADDRESS
553655;553656;HAS_ADDRESS
553660;553661;HAS_ADDRESS
553665;553666;HAS_ADDRESS
553670;553671;HAS_ADDRESS
553675;553676;HAS_ADDRESS
553680;553681;HAS_ADDRESS
553685;553686;HAS_ADDRESS
553690;553691;HAS_ADDRESS
553695;553696;HAS_ADDRESS
553700;553701;HAS_ADDRESS
553705;553706;HAS_ADDRESS
553710;553711;HAS_ADDRESS
553715;553716;HAS_ADDRESS
553720;553721;HAS_ADDRESS
553725;553726;HAS_ADDRESS
553730;553731;HAS_ADDRESS
553735;553736;HAS_ADDRESS
553740;553741;HAS_ADDRESS
553745;553746;HAS_ADDRESS
553750;553751;HAS_ADDRESS
553755;553756;HAS_ADDRESS
553760;553761;HAS_ADDRESS
553765;553766;HAS_ADDRESS
553770;553771;HAS_ADDRESS
553775;553776;HAS_ADDRESS
553780;553781;HAS_ADDRESS
553785;553786;HAS_ADDRESS
553790;553791;HAS_ADDRESS
553795;553796;HAS_ADDRESS
553800;553801;HAS_ADDRESS
553805;553806;HAS_ADDRESS
553810;553811;HAS_ADDRESS
553815;553816;HAS_ADDRESS
553820;553821;HAS_ADDRESS
553825;553826;HAS_ADDRESS
553830;553831;HAS_ADDRESS
553835;553836;HAS_ADDRESS
553840;553841;HAS_ADDRESS
553845;553846;HAS_ADDRESS
553850;553851;HAS_ADDRESS
553855;553856;HAS_ADDRESS
553860;553861;HAS_ADDRESS
553865;553866;HAS_ADDRESS
553870;553871;HAS_ADDRESS
553875;553876;HAS_ADDRESS
553880;553881;HAS_ADDRESS
553885;553886;HAS_ADDRESS
553890;553891;HAS_ADDRESS
553895;553896;HAS_ADDRESS
553900;553901;HAS_ADDRESS
553905;553906;HAS_ADDRESS
553910;553911;HAS_ADDRESS
553915;553916;HAS_ADDRESS
553920;553921;HAS_ADDRESS
553925;553926;HAS_ADDRESS
553930;553931;HAS_ADDRESS
553935;553936;HAS_ADDRESS
553940;553941;HAS_ADDRESS
553945;553946;HAS_ADDRESS
553950;553951;HAS_ADDRESS
553955;553956;HAS_ADDRESS
553960;553961;HAS_ADDRESS
553965;553966;HAS_ADDRESS
553970;553971;HAS_ADDRESS
553975;553976;HAS_ADDRESS
553980;553981;HAS_ADDRESS
553985;553986;HAS_ADDRESS
553990;553991;HAS_ADDRESS
553995;553996;HAS_ADDRESS
554000;554001;HAS_ADDRESS
554005;554006;HAS_ADDRESS
554010;554011;HAS_ADDRESS
554015;554016;HAS_ADDRESS
554020;554021;HAS_ADDRESS
554025;554026;HAS_ADDRESS
554030;554031;HAS_ADDRESS
554035;554036;HAS_ADDRESS
554040;554041;HAS_ADDRESS
554045;554046;HAS_ADDRESS
554050;554051;HAS_ADDRESS
554055;554056;HAS_ADDRESS
554060;554061;HAS_ADDRESS
554065;554066;HAS_ADDRESS
554070;554071;HAS_ADDRESS
554075;554076;HAS_ADDRESS
554080;554081;HAS_ADDRESS
554085;554086;HAS_ADDRESS
554090;554091;HAS_ADDRESS
554095;554096;HAS_ADDRESS
554100;554101;HAS_ADDRESS
554105;554106;HAS_ADDRESS
554110;554111;HAS_ADDRESS
554115;554116;HAS_ADDRESS
554120;554121;HAS_ADDRESS
554125;554126;HAS_ADDRESS
554130;554131;HAS_ADDRESS
554135;554136;HAS_ADDRESS
554140;554141;HAS_ADDRESS
554145;554146;HAS_ADDRESS
554150;554151;HAS_ADDRESS
554155;554156;HAS_ADDRESS
554160;554161;HAS_ADDRESS
554165;554166;HAS_ADDRESS
554170;554171;HAS_ADDRESS
554175;554176;HAS_ADDRESS
554180;554181;HAS_ADDRESS
554185;554186;HAS_ADDRESS
554190;554191;HAS_ADDRESS
554195;554196;HAS_ADDRESS
554200;554201;HAS_ADDRESS
554205;554206;HAS_ADDRESS
554210;554211;HAS_ADDRESS
554215;554216;HAS_ADDRESS
554220;554221;HAS_ADDRESS
554225;554226;HAS_ADDRESS
554230;554231;HAS_ADDRESS
554235;554236;HAS_ADDRESS
554240;554241;HAS_ADDRESS
554245;554246;HAS_ADDRESS
554250;554251;HAS_ADDRESS
554255;554256;HAS_ADDRESS
554260;554261;HAS_ADDRESS
554265;554266;HAS_ADDRESS
554270;554271;HAS_ADDRESS
554275;554276;HAS_ADDRESS
554280;554281;HAS_ADDRESS
554285;554286;HAS_ADDRESS
554290;554291;HAS_ADDRESS
554295;554296;HAS_ADDRESS
554300;554301;HAS_ADDRESS
554305;554306;HAS_ADDRESS
554310;554311;HAS_ADDRESS
554315;554316;HAS_ADDRESS
554320;554321;HAS_ADDRESS
554325;554326;HAS_ADDRESS
554330;554331;HAS_ADDRESS
554335;554336;HAS_ADDRESS
554340;554341;HAS_ADDRESS
554345;554346;HAS_ADDRESS
554350;554351;HAS_ADDRESS
554355;554356;HAS_ADDRESS
554360;554361;HAS_ADDRESS
554365;554366;HAS_ADDRESS
554370;554371;HAS_ADDRESS
554375;554376;HAS_ADDRESS
554380;554381;HAS_ADDRESS
554385;554386;HAS_ADDRESS
554390;554391;HAS_ADDRESS
554395;554396;HAS_ADDRESS
554400;554401;HAS_ADDRESS
554405;554406;HAS_ADDRESS
554410;554411;HAS_ADDRESS
554415;554416;HAS_ADDRESS
554420;554421;HAS_ADDRESS
554425;554426;HAS_ADDRESS
554430;554431;HAS_ADDRESS
554435;554436;HAS_ADDRESS
554440;554441;HAS_ADDRESS
554445;554446;HAS_ADDRESS
554450;554451;HAS_ADDRESS
554455;554456;HAS_ADDRESS
554460;554461;HAS_ADDRESS
554465;554466;HAS_ADDRESS
554470;554471;HAS_ADDRESS
554475;554476;HAS_ADDRESS
554480;554481;HAS_ADDRESS
554485;554486;HAS_ADDRESS
554490;554491;HAS_ADDRESS
554495;554496;HAS_ADDRESS
554500;554501;HAS_ADDRESS
554505;554506;HAS_ADDRESS
554510;554511;HAS_ADDRESS
554515;554516;HAS_ADDRESS
554520;554521;HAS_ADDRESS
554525;554526;HAS_ADDRESS
554530;554531;HAS_ADDRESS
554535;554536;HAS_ADDRESS
554540;554541;HAS_ADDRESS
554545;554546;HAS_ADDRESS
554550;554551;HAS_ADDRESS
554555;554556;HAS_ADDRESS
554560;554561;HAS_ADDRESS
554565;554566;HAS_ADDRESS
554570;554571;HAS_ADDRESS
554575;554576;HAS_ADDRESS
554580;554581;HAS_ADDRESS
554585;554586;HAS_ADDRESS
554590;554591;HAS_ADDRESS
554595;554596;HAS_ADDRESS
554600;554601;HAS_ADDRESS
554605;554606;HAS_ADDRESS
554610;554611;HAS_ADDRESS
554615;554616;HAS_ADDRESS
554620;554621;HAS_ADDRESS
554625;554626;HAS_ADDRESS
554630;554631;HAS_ADDRESS
554635;554636;HAS_ADDRESS
554640;554641;HAS_ADDRESS
554645;554646;HAS_ADDRESS
554650;554651;HAS_ADDRESS
554655;554656;HAS_ADDRESS
554660;554661;HAS_ADDRESS
554665;554666;HAS_ADDRESS
554670;554671;HAS_ADDRESS
554675;554676;HAS_ADDRESS
554680;554681;HAS_ADDRESS
554685;554686;HAS_ADDRESS
554690;554691;HAS_ADDRESS
554695;554696;HAS_ADDRESS
554700;554701;HAS_ADDRESS
554705;554706;HAS_ADDRESS
554710;554711;HAS_ADDRESS
554715;554716;HAS_ADDRESS
554720;554721;HAS_ADDRESS
554725;554726;HAS_ADDRESS
554730;554731;HAS_ADDRESS
554735;554736;HAS_ADDRESS
554740;554741;HAS_ADDRESS
554745;554746;HAS_ADDRESS
554750;554751;HAS_ADDRESS
554755;554756;HAS_ADDRESS
554760;554761;HAS_ADDRESS
554765;554766;HAS_ADDRESS
554770;554771;HAS_ADDRESS
554775;554776;HAS_ADDRESS
554780;554781;HAS_ADDRESS
554785;554786;HAS_ADDRESS
554790;554791;HAS_ADDRESS
554795;554796;HAS_ADDRESS
554800;554801;HAS_ADDRESS
554805;554806;HAS_ADDRESS
554810;554811;HAS_ADDRESS
554815;554816;HAS_ADDRESS
554820;554821;HAS_ADDRESS
554825;554826;HAS_ADDRESS
554830;554831;HAS_ADDRESS
554835;554836;HAS_ADDRESS
554840;554841;HAS_ADDRESS
554845;554846;HAS_ADDRESS
554850;554851;HAS_ADDRESS
554855;554856;HAS_ADDRESS
554860;554861;HAS_ADDRESS
554865;554866;HAS_ADDRESS
554870;554871;HAS_ADDRESS
554875;554876;HAS_ADDRESS
554880;554881;HAS_ADDRESS
554885;554886;HAS_ADDRESS
554890;554891;HAS_ADDRESS
554895;554896;HAS_ADDRESS
554900;554901;HAS_ADDRESS
554905;554906;HAS_ADDRESS
554910;554911;HAS_ADDRESS
554915;554916;HAS_ADDRESS
554920;554921;HAS_ADDRESS
554925;554926;HAS_ADDRESS
554930;554931;HAS_ADDRESS
554935;554936;HAS_ADDRESS
554940;554941;HAS_ADDRESS
554945;554946;HAS_ADDRESS
554950;554951;HAS_ADDRESS
554955;554956;HAS_ADDRESS
554960;554961;HAS_ADDRESS
554965;554966;HAS_ADDRESS
554970;554971;HAS_ADDRESS
554975;554976;HAS_ADDRESS
554980;554981;HAS_ADDRESS
554985;554986;HAS_ADDRESS
554990;554991;HAS_ADDRESS
554995;554996;HAS_ADDRESS
555000;555001;HAS_ADDRESS
555005;555006;HAS_ADDRESS
555010;555011;HAS_ADDRESS
555015;555016;HAS_ADDRESS
555020;555021;HAS_ADDRESS
555025;555026;HAS_ADDRESS
555030;555031;HAS_ADDRESS
555035;555036;HAS_ADDRESS
555040;555041;HAS_ADDRESS
555045;555046;HAS_ADDRESS
555050;555051;HAS_ADDRESS
555055;555056;HAS_ADDRESS
555060;555061;HAS_ADDRESS
555065;555066;HAS_ADDRESS
555070;555071;HAS_ADDRESS
555075;555076;HAS_ADDRESS
555080;555081;HAS_ADDRESS
555085;555086;HAS_ADDRESS
555090;555091;HAS_ADDRESS
555095;555096;HAS_ADDRESS
555100;555101;HAS_ADDRESS
555105;555106;HAS_ADDRESS
555110;555111;HAS_ADDRESS
555115;555116;HAS_ADDRESS
555120;555121;HAS_ADDRESS
555125;555126;HAS_ADDRESS
555130;555131;HAS_ADDRESS
555135;555136;HAS_ADDRESS
555140;555141;HAS_ADDRESS
555145;555146;HAS_ADDRESS
555150;555151;HAS_ADDRESS
555155;555156;HAS_ADDRESS
555160;555161;HAS_ADDRESS
555165;555166;HAS_ADDRESS
555170;555171;HAS_ADDRESS
555175;555176;HAS_ADDRESS
555180;555181;HAS_ADDRESS
555185;555186;HAS_ADDRESS
555190;555191;HAS_ADDRESS
555195;555196;HAS_ADDRESS
555200;555201;HAS_ADDRESS
555205;555206;HAS_ADDRESS
555210;555211;HAS_ADDRESS
555215;555216;HAS_ADDRESS
555220;555221;HAS_ADDRESS
555225;555226;HAS_ADDRESS
555230;555231;HAS_ADDRESS
555235;555236;HAS_ADDRESS
555240;555241;HAS_ADDRESS
555245;555246;HAS_ADDRESS
555250;555251;HAS_ADDRESS
555255;555256;HAS_ADDRESS
555260;555261;HAS_ADDRESS
555265;555266;HAS_ADDRESS
555270;555271;HAS_ADDRESS
555275;555276;HAS_ADDRESS
555280;555281;HAS_ADDRESS
555285;555286;HAS_ADDRESS
555290;555291;HAS_ADDRESS
555295;555296;HAS_ADDRESS
555300;555301;HAS_ADDRESS
555305;555306;HAS_ADDRESS
555310;555311;HAS_ADDRESS
555315;555316;HAS_ADDRESS
555320;555321;HAS_ADDRESS
555325;555326;HAS_ADDRESS
555330;555331;HAS_ADDRESS
555335;555336;HAS_ADDRESS
555340;555341;HAS_ADDRESS
555345;555346;HAS_ADDRESS
555350;555351;HAS_ADDRESS
555355;555356;HAS_ADDRESS
555360;555361;HAS_ADDRESS
555365;555366;HAS_ADDRESS
555370;555371;HAS_ADDRESS
555375;555376;HAS_ADDRESS
555380;555381;HAS_ADDRESS
555385;555386;HAS_ADDRESS
555390;555391;HAS_ADDRESS
555395;555396;HAS_ADDRESS
555400;555401;HAS_ADDRESS
555405;555406;HAS_ADDRESS
555410;555411;HAS_ADDRESS
555415;555416;HAS_ADDRESS
555420;555421;HAS_ADDRESS
555425;555426;HAS_ADDRESS
555430;555431;HAS_ADDRESS
555435;555436;HAS_ADDRESS
555440;555441;HAS_ADDRESS
555445;555446;HAS_ADDRESS
555450;555451;HAS_ADDRESS
555455;555456;HAS_ADDRESS
555460;555461;HAS_ADDRESS
555465;555466;HAS_ADDRESS
555470;555471;HAS_ADDRESS
555475;555476;HAS_ADDRESS
555480;555481;HAS_ADDRESS
555485;555486;HAS_ADDRESS
555490;555491;HAS_ADDRESS
555495;555496;HAS_ADDRESS
555500;555501;HAS_ADDRESS
555505;555506;HAS_ADDRESS
555510;555511;HAS_ADDRESS
555515;555516;HAS_ADDRESS
555520;555521;HAS_ADDRESS
555525;555526;HAS_ADDRESS
555530;555531;HAS_ADDRESS
555535;555536;HAS_ADDRESS
555540;555541;HAS_ADDRESS
555545;555546;HAS_ADDRESS
555550;555551;HAS_ADDRESS
555555;555556;HAS_ADDRESS
555560;555561;HAS_ADDRESS
555565;555566;HAS_ADDRESS
555570;555571;HAS_ADDRESS
555575;555576;HAS_ADDRESS
555580;555581;HAS_ADDRESS
555585;555586;HAS_ADDRESS
555590;555591;HAS_ADDRESS
555595;555596;HAS_ADDRESS
555600;555601;HAS_ADDRESS
555605;555606;HAS_ADDRESS
555610;555611;HAS_ADDRESS
555615;555616;HAS_ADDRESS
555620;555621;HAS_ADDRESS
555625;555626;HAS_ADDRESS
555630;555631;HAS_ADDRESS
555635;555636;HAS_ADDRESS
555640;555641;HAS_ADDRESS
555645;555646;HAS_ADDRESS
555650;555651;HAS_ADDRESS
555655;555656;HAS_ADDRESS
555660;555661;HAS_ADDRESS
555665;555666;HAS_ADDRESS
555670;555671;HAS_ADDRESS
555675;555676;HAS_ADDRESS
555680;555681;HAS_ADDRESS
555685;555686;HAS_ADDRESS
555690;555691;HAS_ADDRESS
555695;555696;HAS_ADDRESS
555700;555701;HAS_ADDRESS
555705;555706;HAS_ADDRESS
555710;555711;HAS_ADDRESS
555715;555716;HAS_ADDRESS
555720;555721;HAS_ADDRESS
555725;555726;HAS_ADDRESS
555730;555731;HAS_ADDRESS
555735;555736;HAS_ADDRESS
555740;555741;HAS_ADDRESS
555745;555746;HAS_ADDRESS
555750;555751;HAS_ADDRESS
555755;555756;HAS_ADDRESS
555760;555761;HAS_ADDRESS
555765;555766;HAS_ADDRESS
555770;555771;HAS_ADDRESS
555775;555776;HAS_ADDRESS
555780;555781;HAS_ADDRESS
555785;555786;HAS_ADDRESS
555790;555791;HAS_ADDRESS
555795;555796;HAS_ADDRESS
555800;555801;HAS_ADDRESS
555805;555806;HAS_ADDRESS
555810;555811;HAS_ADDRESS
555815;555816;HAS_ADDRESS
555820;555821;HAS_ADDRESS
555825;555826;HAS_ADDRESS
555830;555831;HAS_ADDRESS
555835;555836;HAS_ADDRESS
555840;555841;HAS_ADDRESS
555845;555846;HAS_ADDRESS
555850;555851;HAS_ADDRESS
555855;555856;HAS_ADDRESS
555860;555861;HAS_ADDRESS
555865;555866;HAS_ADDRESS
555870;555871;HAS_ADDRESS
555875;555876;HAS_ADDRESS
555880;555881;HAS_ADDRESS
555885;555886;HAS_ADDRESS
555890;555891;HAS_ADDRESS
555895;555896;HAS_ADDRESS
555900;555901;HAS_ADDRESS
555905;555906;HAS_ADDRESS
555910;555911;HAS_ADDRESS
555915;555916;HAS_ADDRESS
555920;555921;HAS_ADDRESS
555925;555926;HAS_ADDRESS
555930;555931;HAS_ADDRESS
555935;555936;HAS_ADDRESS
555940;555941;HAS_ADDRESS
555945;555946;HAS_ADDRESS
555950;555951;HAS_ADDRESS
555955;555956;HAS_ADDRESS
555960;555961;HAS_ADDRESS
555965;555966;HAS_ADDRESS
555970;555971;HAS_ADDRESS
555975;555976;HAS_ADDRESS
555980;555981;HAS_ADDRESS
555985;555986;HAS_ADDRESS
555990;555991;HAS_ADDRESS
555995;555996;HAS_ADDRESS
556000;556001;HAS_ADDRESS
556005;556006;HAS_ADDRESS
556010;556011;HAS_ADDRESS
556015;556016;HAS_ADDRESS
556020;556021;HAS_ADDRESS
556025;556026;HAS_ADDRESS
556030;556031;HAS_ADDRESS
556035;556036;HAS_ADDRESS
556040;556041;HAS_ADDRESS
556045;556046;HAS_ADDRESS
556050;556051;HAS_ADDRESS
556055;556056;HAS_ADDRESS
556060;556061;HAS_ADDRESS
556065;556066;HAS_ADDRESS
556070;556071;HAS_ADDRESS
556075;556076;HAS_ADDRESS
556080;556081;HAS_ADDRESS
556085;556086;HAS_ADDRESS
556090;556091;HAS_ADDRESS
556095;556096;HAS_ADDRESS
556100;556101;HAS_ADDRESS
556105;556106;HAS_ADDRESS
556110;556111;HAS_ADDRESS
556115;556116;HAS_ADDRESS
556120;556121;HAS_ADDRESS
556125;556126;HAS_ADDRESS
556130;556131;HAS_ADDRESS
556135;556136;HAS_ADDRESS
556140;556141;HAS_ADDRESS
556145;556146;HAS_ADDRESS
556150;556151;HAS_ADDRESS
556155;556156;HAS_ADDRESS
556160;556161;HAS_ADDRESS
556165;556166;HAS_ADDRESS
556170;556171;HAS_ADDRESS
556175;556176;HAS_ADDRESS
556180;556181;HAS_ADDRESS
556185;556186;HAS_ADDRESS
556190;556191;HAS_ADDRESS
556195;556196;HAS_ADDRESS
556200;556201;HAS_ADDRESS
556205;556206;HAS_ADDRESS
556210;556211;HAS_ADDRESS
556215;556216;HAS_ADDRESS
556220;556221;HAS_ADDRESS
556225;556226;HAS_ADDRESS
556230;556231;HAS_ADDRESS
556235;556236;HAS_ADDRESS
556240;556241;HAS_ADDRESS
556245;556246;HAS_ADDRESS
556250;556251;HAS_ADDRESS
556255;556256;HAS_ADDRESS
556260;556261;HAS_ADDRESS
556265;556266;HAS_ADDRESS
556270;556271;HAS_ADDRESS
556275;556276;HAS_ADDRESS
556280;556281;HAS_ADDRESS
556285;556286;HAS_ADDRESS
556290;556291;HAS_ADDRESS
556295;556296;HAS_ADDRESS
556300;556301;HAS_ADDRESS
556305;556306;HAS_ADDRESS
556310;556311;HAS_ADDRESS
556315;556316;HAS_ADDRESS
556320;556321;HAS_ADDRESS
556325;556326;HAS_ADDRESS
556330;556331;HAS_ADDRESS
556335;556336;HAS_ADDRESS
556340;556341;HAS_ADDRESS
556345;556346;HAS_ADDRESS
556350;556351;HAS_ADDRESS
556355;556356;HAS_ADDRESS
556360;556361;HAS_ADDRESS
556365;556366;HAS_ADDRESS
556370;556371;HAS_ADDRESS
556375;556376;HAS_ADDRESS
556380;556381;HAS_ADDRESS
556385;556386;HAS_ADDRESS
556390;556391;HAS_ADDRESS
556395;556396;HAS_ADDRESS
556400;556401;HAS_ADDRESS
556405;556406;HAS_ADDRESS
556410;556411;HAS_ADDRESS
556415;556416;HAS_ADDRESS
556420;556421;HAS_ADDRESS
556425;556426;HAS_ADDRESS
556430;556431;HAS_ADDRESS
556435;556436;HAS_ADDRESS
556440;556441;HAS_ADDRESS
556445;556446;HAS_ADDRESS
556450;556451;HAS_ADDRESS
556455;556456;HAS_ADDRESS
556460;556461;HAS_ADDRESS
556465;556466;HAS_ADDRESS
556470;556471;HAS_ADDRESS
556475;556476;HAS_ADDRESS
556480;556481;HAS_ADDRESS
556485;556486;HAS_ADDRESS
556490;556491;HAS_ADDRESS
556495;556496;HAS_ADDRESS
556500;556501;HAS_ADDRESS
556505;556506;HAS_ADDRESS
556510;556511;HAS_ADDRESS
556515;556516;HAS_ADDRESS
556520;556521;HAS_ADDRESS
556525;556526;HAS_ADDRESS
556530;556531;HAS_ADDRESS
556535;556536;HAS_ADDRESS
556540;556541;HAS_ADDRESS
556545;556546;HAS_ADDRESS
556550;556551;HAS_ADDRESS
556555;556556;HAS_ADDRESS
556560;556561;HAS_ADDRESS
556565;556566;HAS_ADDRESS
556570;556571;HAS_ADDRESS
556575;556576;HAS_ADDRESS
556580;556581;HAS_ADDRESS
556585;556586;HAS_ADDRESS
556590;556591;HAS_ADDRESS
556595;556596;HAS_ADDRESS
556600;556601;HAS_ADDRESS
556605;556606;HAS_ADDRESS
556610;556611;HAS_ADDRESS
556615;556616;HAS_ADDRESS
556620;556621;HAS_ADDRESS
556625;556626;HAS_ADDRESS
556630;556631;HAS_ADDRESS
556635;556636;HAS_ADDRESS
556640;556641;HAS_ADDRESS
556645;556646;HAS_ADDRESS
556650;556651;HAS_ADDRESS
556655;556656;HAS_ADDRESS
556660;556661;HAS_ADDRESS
556665;556666;HAS_ADDRESS
556670;556671;HAS_ADDRESS
556675;556676;HAS_ADDRESS
556680;556681;HAS_ADDRESS
556685;556686;HAS_ADDRESS
556690;556691;HAS_ADDRESS
556695;556696;HAS_ADDRESS
556700;556701;HAS_ADDRESS
556705;556706;HAS_ADDRESS
556710;556711;HAS_ADDRESS
556715;556716;HAS_ADDRESS
556720;556721;HAS_ADDRESS
556725;556726;HAS_ADDRESS
556730;556731;HAS_ADDRESS
556735;556736;HAS_ADDRESS
556740;556741;HAS_ADDRESS
556745;556746;HAS_ADDRESS
556750;556751;HAS_ADDRESS
556755;556756;HAS_ADDRESS
556760;556761;HAS_ADDRESS
556765;556766;HAS_ADDRESS
556770;556771;HAS_ADDRESS
556775;556776;HAS_ADDRESS
556780;556781;HAS_ADDRESS
556785;556786;HAS_ADDRESS
556790;556791;HAS_ADDRESS
556795;556796;HAS_ADDRESS
556800;556801;HAS_ADDRESS
556805;556806;HAS_ADDRESS
556810;556811;HAS_ADDRESS
556815;556816;HAS_ADDRESS
556820;556821;HAS_ADDRESS
556825;556826;HAS_ADDRESS
556830;556831;HAS_ADDRESS
556835;556836;HAS_ADDRESS
556840;556841;HAS_ADDRESS
556845;556846;HAS_ADDRESS
556850;556851;HAS_ADDRESS
556855;556856;HAS_ADDRESS
556860;556861;HAS_ADDRESS
556865;556866;HAS_ADDRESS
556870;556871;HAS_ADDRESS
556875;556876;HAS_ADDRESS
556880;556881;HAS_ADDRESS
556885;556886;HAS_ADDRESS
556890;556891;HAS_ADDRESS
556895;556896;HAS_ADDRESS
556900;556901;HAS_ADDRESS
556905;556906;HAS_ADDRESS
556910;556911;HAS_ADDRESS
556915;556916;HAS_ADDRESS
556920;556921;HAS_ADDRESS
556925;556926;HAS_ADDRESS
556930;556931;HAS_ADDRESS
556935;556936;HAS_ADDRESS
556940;556941;HAS_ADDRESS
556945;556946;HAS_ADDRESS
556950;556951;HAS_ADDRESS
556955;556956;HAS_ADDRESS
556960;556961;HAS_ADDRESS
556965;556966;HAS_ADDRESS
556970;556971;HAS_ADDRESS
556975;556976;HAS_ADDRESS
556980;556981;HAS_ADDRESS
556985;556986;HAS_ADDRESS
556990;556991;HAS_ADDRESS
556995;556996;HAS_ADDRESS
557000;557001;HAS_ADDRESS
557005;557006;HAS_ADDRESS
557010;557011;HAS_ADDRESS
557015;557016;HAS_ADDRESS
557020;557021;HAS_ADDRESS
557025;557026;HAS_ADDRESS
557030;557031;HAS_ADDRESS
557035;557036;HAS_ADDRESS
557040;557041;HAS_ADDRESS
557045;557046;HAS_ADDRESS
557050;557051;HAS_ADDRESS
557055;557056;HAS_ADDRESS
557060;557061;HAS_ADDRESS
557065;557066;HAS_ADDRESS
557070;557071;HAS_ADDRESS
557075;557076;HAS_ADDRESS
557080;557081;HAS_ADDRESS
557085;557086;HAS_ADDRESS
557090;557091;HAS_ADDRESS
557095;557096;HAS_ADDRESS
557100;557101;HAS_ADDRESS
557105;557106;HAS_ADDRESS
557110;557111;HAS_ADDRESS
557115;557116;HAS_ADDRESS
557120;557121;HAS_ADDRESS
557125;557126;HAS_ADDRESS
557130;557131;HAS_ADDRESS
557135;557136;HAS_ADDRESS
557140;557141;HAS_ADDRESS
557145;557146;HAS_ADDRESS
557150;557151;HAS_ADDRESS
557155;557156;HAS_ADDRESS
557160;557161;HAS_ADDRESS
557165;557166;HAS_ADDRESS
557170;557171;HAS_ADDRESS
557175;557176;HAS_ADDRESS
557180;557181;HAS_ADDRESS
557185;557186;HAS_ADDRESS
557190;557191;HAS_ADDRESS
557195;557196;HAS_ADDRESS
557200;557201;HAS_ADDRESS
557205;557206;HAS_ADDRESS
557210;557211;HAS_ADDRESS
557215;557216;HAS_ADDRESS
557220;557221;HAS_ADDRESS
557225;557226;HAS_ADDRESS
557230;557231;HAS_ADDRESS
557235;557236;HAS_ADDRESS
557240;557241;HAS_ADDRESS
557245;557246;HAS_ADDRESS
557250;557251;HAS_ADDRESS
557255;557256;HAS_ADDRESS
557260;557261;HAS_ADDRESS
557265;557266;HAS_ADDRESS
557270;557271;HAS_ADDRESS
557275;557276;HAS_ADDRESS
557280;557281;HAS_ADDRESS
557285;557286;HAS_ADDRESS
557290;557291;HAS_ADDRESS
557295;557296;HAS_ADDRESS
557300;557301;HAS_ADDRESS
557305;557306;HAS_ADDRESS
557310;557311;HAS_ADDRESS
557315;557316;HAS_ADDRESS
557320;557321;HAS_ADDRESS
557325;557326;HAS_ADDRESS
557330;557331;HAS_ADDRESS
557335;557336;HAS_ADDRESS
557340;557341;HAS_ADDRESS
557345;557346;HAS_ADDRESS
557350;557351;HAS_ADDRESS
557355;557356;HAS_ADDRESS
557360;557361;HAS_ADDRESS
557365;557366;HAS_ADDRESS
557370;557371;HAS_ADDRESS
557375;557376;HAS_ADDRESS
557380;557381;HAS_ADDRESS
557385;557386;HAS_ADDRESS
557390;557391;HAS_ADDRESS
557395;557396;HAS_ADDRESS
557400;557401;HAS_ADDRESS
557405;557406;HAS_ADDRESS
557410;557411;HAS_ADDRESS
557415;557416;HAS_ADDRESS
557420;557421;HAS_ADDRESS
557425;557426;HAS_ADDRESS
557430;557431;HAS_ADDRESS
557435;557436;HAS_ADDRESS
557440;557441;HAS_ADDRESS
557445;557446;HAS_ADDRESS
557450;557451;HAS_ADDRESS
557455;557456;HAS_ADDRESS
557460;557461;HAS_ADDRESS
557465;557466;HAS_ADDRESS
557470;557471;HAS_ADDRESS
557475;557476;HAS_ADDRESS
557480;557481;HAS_ADDRESS
557485;557486;HAS_ADDRESS
557490;557491;HAS_ADDRESS
557495;557496;HAS_ADDRESS
557500;557501;HAS_ADDRESS
557505;557506;HAS_ADDRESS
557510;557511;HAS_ADDRESS
557515;557516;HAS_ADDRESS
557520;557521;HAS_ADDRESS
557525;557526;HAS_ADDRESS
557530;557531;HAS_ADDRESS
557535;557536;HAS_ADDRESS
557540;557541;HAS_ADDRESS
557545;557546;HAS_ADDRESS
557550;557551;HAS_ADDRESS
557555;557556;HAS_ADDRESS
557560;557561;HAS_ADDRESS
557565;557566;HAS_ADDRESS
557570;557571;HAS_ADDRESS
557575;557576;HAS_ADDRESS
557580;557581;HAS_ADDRESS
557585;557586;HAS_ADDRESS
557590;557591;HAS_ADDRESS
557595;557596;HAS_ADDRESS
557600;557601;HAS_ADDRESS
557605;557606;HAS_ADDRESS
557610;557611;HAS_ADDRESS
557615;557616;HAS_ADDRESS
557620;557621;HAS_ADDRESS
557625;557626;HAS_ADDRESS
557630;557631;HAS_ADDRESS
557635;557636;HAS_ADDRESS
557640;557641;HAS_ADDRESS
557645;557646;HAS_ADDRESS
557650;557651;HAS_ADDRESS
557655;557656;HAS_ADDRESS
557660;557661;HAS_ADDRESS
557665;557666;HAS_ADDRESS
557670;557671;HAS_ADDRESS
557675;557676;HAS_ADDRESS
557680;557681;HAS_ADDRESS
557685;557686;HAS_ADDRESS
557690;557691;HAS_ADDRESS
557695;557696;HAS_ADDRESS
557700;557701;HAS_ADDRESS
557705;557706;HAS_ADDRESS
557710;557711;HAS_ADDRESS
557715;557716;HAS_ADDRESS
557720;557721;HAS_ADDRESS
557725;557726;HAS_ADDRESS
557730;557731;HAS_ADDRESS
557735;557736;HAS_ADDRESS
557740;557741;HAS_ADDRESS
557745;557746;HAS_ADDRESS
557750;557751;HAS_ADDRESS
557755;557756;HAS_ADDRESS
557760;557761;HAS_ADDRESS
557765;557766;HAS_ADDRESS
557770;557771;HAS_ADDRESS
557775;557776;HAS_ADDRESS
557780;557781;HAS_ADDRESS
557785;557786;HAS_ADDRESS
557790;557791;HAS_ADDRESS
557795;557796;HAS_ADDRESS
557800;557801;HAS_ADDRESS
557805;557806;HAS_ADDRESS
557810;557811;HAS_ADDRESS
557815;557816;HAS_ADDRESS
557820;557821;HAS_ADDRESS
557825;557826;HAS_ADDRESS
557830;557831;HAS_ADDRESS
557835;557836;HAS_ADDRESS
557840;557841;HAS_ADDRESS
557845;557846;HAS_ADDRESS
557850;557851;HAS_ADDRESS
557855;557856;HAS_ADDRESS
557860;557861;HAS_ADDRESS
557865;557866;HAS_ADDRESS
557870;557871;HAS_ADDRESS
557875;557876;HAS_ADDRESS
557880;557881;HAS_ADDRESS
557885;557886;HAS_ADDRESS
557890;557891;HAS_ADDRESS
557895;557896;HAS_ADDRESS
557900;557901;HAS_ADDRESS
557905;557906;HAS_ADDRESS
557910;557911;HAS_ADDRESS
557915;557916;HAS_ADDRESS
557920;557921;HAS_ADDRESS
557925;557926;HAS_ADDRESS
557930;557931;HAS_ADDRESS
557935;557936;HAS_ADDRESS
557940;557941;HAS_ADDRESS
557945;557946;HAS_ADDRESS
557950;557951;HAS_ADDRESS
557955;557956;HAS_ADDRESS
557960;557961;HAS_ADDRESS
557965;557966;HAS_ADDRESS
557970;557971;HAS_ADDRESS
557975;557976;HAS_ADDRESS
557980;557981;HAS_ADDRESS
557985;557986;HAS_ADDRESS
557990;557991;HAS_ADDRESS
557995;557996;HAS_ADDRESS
558000;558001;HAS_ADDRESS
558005;558006;HAS_ADDRESS
558010;558011;HAS_ADDRESS
558015;558016;HAS_ADDRESS
558020;558021;HAS_ADDRESS
558025;558026;HAS_ADDRESS
558030;558031;HAS_ADDRESS
558035;558036;HAS_ADDRESS
558040;558041;HAS_ADDRESS
558045;558046;HAS_ADDRESS
558050;558051;HAS_ADDRESS
558055;558056;HAS_ADDRESS
558060;558061;HAS_ADDRESS
558065;558066;HAS_ADDRESS
558070;558071;HAS_ADDRESS
558075;558076;HAS_ADDRESS
558080;558081;HAS_ADDRESS
558085;558086;HAS_ADDRESS
558090;558091;HAS_ADDRESS
558095;558096;HAS_ADDRESS
558100;558101;HAS_ADDRESS
558105;558106;HAS_ADDRESS
558110;558111;HAS_ADDRESS
558115;558116;HAS_ADDRESS
558120;558121;HAS_ADDRESS
558125;558126;HAS_ADDRESS
558130;558131;HAS_ADDRESS
558135;558136;HAS_ADDRESS
558140;558141;HAS_ADDRESS
558145;558146;HAS_ADDRESS
558150;558151;HAS_ADDRESS
558155;558156;HAS_ADDRESS
558160;558161;HAS_ADDRESS
558165;558166;HAS_ADDRESS
558170;558171;HAS_ADDRESS
558175;558176;HAS_ADDRESS
558180;558181;HAS_ADDRESS
558185;558186;HAS_ADDRESS
558190;558191;HAS_ADDRESS
558195;558196;HAS_ADDRESS
558200;558201;HAS_ADDRESS
558205;558206;HAS_ADDRESS
558210;558211;HAS_ADDRESS
558215;558216;HAS_ADDRESS
558220;558221;HAS_ADDRESS
558225;558226;HAS_ADDRESS
558230;558231;HAS_ADDRESS
558235;558236;HAS_ADDRESS
558240;558241;HAS_ADDRESS
558245;558246;HAS_ADDRESS
558250;558251;HAS_ADDRESS
558255;558256;HAS_ADDRESS
558260;558261;HAS_ADDRESS
558265;558266;HAS_ADDRESS
558270;558271;HAS_ADDRESS
558275;558276;HAS_ADDRESS
558280;558281;HAS_ADDRESS
558285;558286;HAS_ADDRESS
558290;558291;HAS_ADDRESS
558295;558296;HAS_ADDRESS
558300;558301;HAS_ADDRESS
558305;558306;HAS_ADDRESS
558310;558311;HAS_ADDRESS
558315;558316;HAS_ADDRESS
558320;558321;HAS_ADDRESS
558325;558326;HAS_ADDRESS
558330;558331;HAS_ADDRESS
558335;558336;HAS_ADDRESS
558340;558341;HAS_ADDRESS
558345;558346;HAS_ADDRESS
558350;558351;HAS_ADDRESS
558355;558356;HAS_ADDRESS
558360;558361;HAS_ADDRESS
558365;558366;HAS_ADDRESS
558370;558371;HAS_ADDRESS
558375;558376;HAS_ADDRESS
558380;558381;HAS_ADDRESS
558385;558386;HAS_ADDRESS
558390;558391;HAS_ADDRESS
558395;558396;HAS_ADDRESS
558400;558401;HAS_ADDRESS
558405;558406;HAS_ADDRESS
558410;558411;HAS_ADDRESS
558415;558416;HAS_ADDRESS
558420;558421;HAS_ADDRESS
558425;558426;HAS_ADDRESS
558430;558431;HAS_ADDRESS
558435;558436;HAS_ADDRESS
558440;558441;HAS_ADDRESS
558445;558446;HAS_ADDRESS
558450;558451;HAS_ADDRESS
558455;558456;HAS_ADDRESS
558460;558461;HAS_ADDRESS
558465;558466;HAS_ADDRESS
558470;558471;HAS_ADDRESS
558475;558476;HAS_ADDRESS
558480;558481;HAS_ADDRESS
558485;558486;HAS_ADDRESS
558490;558491;HAS_ADDRESS
558495;558496;HAS_ADDRESS
558500;558501;HAS_ADDRESS
558505;558506;HAS_ADDRESS
558510;558511;HAS_ADDRESS
558515;558516;HAS_ADDRESS
558520;558521;HAS_ADDRESS
558525;558526;HAS_ADDRESS
558530;558531;HAS_ADDRESS
558535;558536;HAS_ADDRESS
558540;558541;HAS_ADDRESS
558545;558546;HAS_ADDRESS
558550;558551;HAS_ADDRESS
558555;558556;HAS_ADDRESS
558560;558561;HAS_ADDRESS
558565;558566;HAS_ADDRESS
558570;558571;HAS_ADDRESS
558575;558576;HAS_ADDRESS
558580;558581;HAS_ADDRESS
558585;558586;HAS_ADDRESS
558590;558591;HAS_ADDRESS
558595;558596;HAS_ADDRESS
558600;558601;HAS_ADDRESS
558605;558606;HAS_ADDRESS
558610;558611;HAS_ADDRESS
558615;558616;HAS_ADDRESS
558620;558621;HAS_ADDRESS
558625;558626;HAS_ADDRESS
558630;558631;HAS_ADDRESS
558635;558636;HAS_ADDRESS
558640;558641;HAS_ADDRESS
558645;558646;HAS_ADDRESS
558650;558651;HAS_ADDRESS
558655;558656;HAS_ADDRESS
558660;558661;HAS_ADDRESS
558665;558666;HAS_ADDRESS
558670;558671;HAS_ADDRESS
558675;558676;HAS_ADDRESS
558680;558681;HAS_ADDRESS
558685;558686;HAS_ADDRESS
558690;558691;HAS_ADDRESS
558695;558696;HAS_ADDRESS
558700;558701;HAS_ADDRESS
558705;558706;HAS_ADDRESS
558710;558711;HAS_ADDRESS
558715;558716;HAS_ADDRESS
558720;558721;HAS_ADDRESS
558725;558726;HAS_ADDRESS
558730;558731;HAS_ADDRESS
558735;558736;HAS_ADDRESS
558740;558741;HAS_ADDRESS
558745;558746;HAS_ADDRESS
558750;558751;HAS_ADDRESS
558755;558756;HAS_ADDRESS
558760;558761;HAS_ADDRESS
558765;558766;HAS_ADDRESS
558770;558771;HAS_ADDRESS
558775;558776;HAS_ADDRESS
558780;558781;HAS_ADDRESS
558785;558786;HAS_ADDRESS
558790;558791;HAS_ADDRESS
558795;558796;HAS_ADDRESS
558800;558801;HAS_ADDRESS
558805;558806;HAS_ADDRESS
558810;558811;HAS_ADDRESS
558815;558816;HAS_ADDRESS
558820;558821;HAS_ADDRESS
558825;558826;HAS_ADDRESS
558830;558831;HAS_ADDRESS
558835;558836;HAS_ADDRESS
558840;558841;HAS_ADDRESS
558845;558846;HAS_ADDRESS
558850;558851;HAS_ADDRESS
558855;558856;HAS_ADDRESS
558860;558861;HAS_ADDRESS
558865;558866;HAS_ADDRESS
558870;558871;HAS_ADDRESS
558875;558876;HAS_ADDRESS
558880;558881;HAS_ADDRESS
558885;558886;HAS_ADDRESS
558890;558891;HAS_ADDRESS
558895;558896;HAS_ADDRESS
558900;558901;HAS_ADDRESS
558905;558906;HAS_ADDRESS
558910;558911;HAS_ADDRESS
558915;558916;HAS_ADDRESS
558920;558921;HAS_ADDRESS
558925;558926;HAS_ADDRESS
558930;558931;HAS_ADDRESS
558935;558936;HAS_ADDRESS
558940;558941;HAS_ADDRESS
558945;558946;HAS_ADDRESS
558950;558951;HAS_ADDRESS
558955;558956;HAS_ADDRESS
558960;558961;HAS_ADDRESS
558965;558966;HAS_ADDRESS
558970;558971;HAS_ADDRESS
558975;558976;HAS_ADDRESS
558980;558981;HAS_ADDRESS
558985;558986;HAS_ADDRESS
558990;558991;HAS_ADDRESS
558995;558996;HAS_ADDRESS
559000;559001;HAS_ADDRESS
559005;559006;HAS_ADDRESS
559010;559011;HAS_ADDRESS
559015;559016;HAS_ADDRESS
559020;559021;HAS_ADDRESS
559025;559026;HAS_ADDRESS
559030;559031;HAS_ADDRESS
559035;559036;HAS_ADDRESS
559040;559041;HAS_ADDRESS
559045;559046;HAS_ADDRESS
559050;559051;HAS_ADDRESS
559055;559056;HAS_ADDRESS
559060;559061;HAS_ADDRESS
559065;559066;HAS_ADDRESS
559070;559071;HAS_ADDRESS
559075;559076;HAS_ADDRESS
559080;559081;HAS_ADDRESS
559085;559086;HAS_ADDRESS
559090;559091;HAS_ADDRESS
559095;559096;HAS_ADDRESS
559100;559101;HAS_ADDRESS
559105;559106;HAS_ADDRESS
559110;559111;HAS_ADDRESS
559115;559116;HAS_ADDRESS
559120;559121;HAS_ADDRESS
559125;559126;HAS_ADDRESS
559130;559131;HAS_ADDRESS
559135;559136;HAS_ADDRESS
559140;559141;HAS_ADDRESS
559145;559146;HAS_ADDRESS
559150;559151;HAS_ADDRESS
559155;559156;HAS_ADDRESS
559160;559161;HAS_ADDRESS
559165;559166;HAS_ADDRESS
559170;559171;HAS_ADDRESS
559175;559176;HAS_ADDRESS
559180;559181;HAS_ADDRESS
559185;559186;HAS_ADDRESS
559190;559191;HAS_ADDRESS
559195;559196;HAS_ADDRESS
559200;559201;HAS_ADDRESS
559205;559206;HAS_ADDRESS
559210;559211;HAS_ADDRESS
559215;559216;HAS_ADDRESS
559220;559221;HAS_ADDRESS
559225;559226;HAS_ADDRESS
559230;559231;HAS_ADDRESS
559235;559236;HAS_ADDRESS
559240;559241;HAS_ADDRESS
559245;559246;HAS_ADDRESS
559250;559251;HAS_ADDRESS
559255;559256;HAS_ADDRESS
559260;559261;HAS_ADDRESS
559265;559266;HAS_ADDRESS
559270;559271;HAS_ADDRESS
559275;559276;HAS_ADDRESS
559280;559281;HAS_ADDRESS
559285;559286;HAS_ADDRESS
559290;559291;HAS_ADDRESS
559295;559296;HAS_ADDRESS
559300;559301;HAS_ADDRESS
559305;559306;HAS_ADDRESS
559310;559311;HAS_ADDRESS
559315;559316;HAS_ADDRESS
559320;559321;HAS_ADDRESS
559325;559326;HAS_ADDRESS
559330;559331;HAS_ADDRESS
559335;559336;HAS_ADDRESS
559340;559341;HAS_ADDRESS
559345;559346;HAS_ADDRESS
559350;559351;HAS_ADDRESS
559355;559356;HAS_ADDRESS
559360;559361;HAS_ADDRESS
559365;559366;HAS_ADDRESS
559370;559371;HAS_ADDRESS
559375;559376;HAS_ADDRESS
559380;559381;HAS_ADDRESS
559385;559386;HAS_ADDRESS
559390;559391;HAS_ADDRESS
559395;559396;HAS_ADDRESS
559400;559401;HAS_ADDRESS
559405;559406;HAS_ADDRESS
559410;559411;HAS_ADDRESS
559415;559416;HAS_ADDRESS
559420;559421;HAS_ADDRESS
559425;559426;HAS_ADDRESS
559430;559431;HAS_ADDRESS
559435;559436;HAS_ADDRESS
559440;559441;HAS_ADDRESS
559445;559446;HAS_ADDRESS
559450;559451;HAS_ADDRESS
559455;559456;HAS_ADDRESS
559460;559461;HAS_ADDRESS
559465;559466;HAS_ADDRESS
559470;559471;HAS_ADDRESS
559475;559476;HAS_ADDRESS
559480;559481;HAS_ADDRESS
559485;559486;HAS_ADDRESS
559490;559491;HAS_ADDRESS
559495;559496;HAS_ADDRESS
559500;559501;HAS_ADDRESS
559505;559506;HAS_ADDRESS
559510;559511;HAS_ADDRESS
559515;559516;HAS_ADDRESS
559520;559521;HAS_ADDRESS
559525;559526;HAS_ADDRESS
559530;559531;HAS_ADDRESS
559535;559536;HAS_ADDRESS
559540;559541;HAS_ADDRESS
559545;559546;HAS_ADDRESS
559550;559551;HAS_ADDRESS
559555;559556;HAS_ADDRESS
559560;559561;HAS_ADDRESS
559565;559566;HAS_ADDRESS
559570;559571;HAS_ADDRESS
559575;559576;HAS_ADDRESS
559580;559581;HAS_ADDRESS
559585;559586;HAS_ADDRESS
559590;559591;HAS_ADDRESS
559595;559596;HAS_ADDRESS
559600;559601;HAS_ADDRESS
559605;559606;HAS_ADDRESS
559610;559611;HAS_ADDRESS
559615;559616;HAS_ADDRESS
559620;559621;HAS_ADDRESS
559625;559626;HAS_ADDRESS
559630;559631;HAS_ADDRESS
559635;559636;HAS_ADDRESS
559640;559641;HAS_ADDRESS
559645;559646;HAS_ADDRESS
559650;559651;HAS_ADDRESS
559655;559656;HAS_ADDRESS
559660;559661;HAS_ADDRESS
559665;559666;HAS_ADDRESS
559670;559671;HAS_ADDRESS
559675;559676;HAS_ADDRESS
559680;559681;HAS_ADDRESS
559685;559686;HAS_ADDRESS
559690;559691;HAS_ADDRESS
559695;559696;HAS_ADDRESS
559700;559701;HAS_ADDRESS
559705;559706;HAS_ADDRESS
559710;559711;HAS_ADDRESS
559715;559716;HAS_ADDRESS
559720;559721;HAS_ADDRESS
559725;559726;HAS_ADDRESS
559730;559731;HAS_ADDRESS
559735;559736;HAS_ADDRESS
559740;559741;HAS_ADDRESS
559745;559746;HAS_ADDRESS
559750;559751;HAS_ADDRESS
559755;559756;HAS_ADDRESS
559760;559761;HAS_ADDRESS
559765;559766;HAS_ADDRESS
559770;559771;HAS_ADDRESS
559775;559776;HAS_ADDRESS
559780;559781;HAS_ADDRESS
559785;559786;HAS_ADDRESS
559790;559791;HAS_ADDRESS
559795;559796;HAS_ADDRESS
559800;559801;HAS_ADDRESS
559805;559806;HAS_ADDRESS
559810;559811;HAS_ADDRESS
559815;559816;HAS_ADDRESS
559820;559821;HAS_ADDRESS
559825;559826;HAS_ADDRESS
559830;559831;HAS_ADDRESS
559835;559836;HAS_ADDRESS
559840;559841;HAS_ADDRESS
559845;559846;HAS_ADDRESS
559850;559851;HAS_ADDRESS
559855;559856;HAS_ADDRESS
559860;559861;HAS_ADDRESS
559865;559866;HAS_ADDRESS
559870;559871;HAS_ADDRESS
559875;559876;HAS_ADDRESS
559880;559881;HAS_ADDRESS
559885;559886;HAS_ADDRESS
559890;559891;HAS_ADDRESS
559895;559896;HAS_ADDRESS
559900;559901;HAS_ADDRESS
559905;559906;HAS_ADDRESS
559910;559911;HAS_ADDRESS
559915;559916;HAS_ADDRESS
559920;559921;HAS_ADDRESS
559925;559926;HAS_ADDRESS
559930;559931;HAS_ADDRESS
559935;559936;HAS_ADDRESS
559940;559941;HAS_ADDRESS
559945;559946;HAS_ADDRESS
559950;559951;HAS_ADDRESS
559955;559956;HAS_ADDRESS
559960;559961;HAS_ADDRESS
559965;559966;HAS_ADDRESS
559970;559971;HAS_ADDRESS
559975;559976;HAS_ADDRESS
559980;559981;HAS_ADDRESS
559985;559986;HAS_ADDRESS
559990;559991;HAS_ADDRESS
559995;559996;HAS_ADDRESS
560000;560001;HAS_ADDRESS
560005;560006;HAS_ADDRESS
560010;560011;HAS_ADDRESS
560015;560016;HAS_ADDRESS
560020;560021;HAS_ADDRESS
560025;560026;HAS_ADDRESS
560030;560031;HAS_ADDRESS
560035;560036;HAS_ADDRESS
560040;560041;HAS_ADDRESS
560045;560046;HAS_ADDRESS
560050;560051;HAS_ADDRESS
560055;560056;HAS_ADDRESS
560060;560061;HAS_ADDRESS
560065;560066;HAS_ADDRESS
560070;560071;HAS_ADDRESS
560075;560076;HAS_ADDRESS
560080;560081;HAS_ADDRESS
560085;560086;HAS_ADDRESS
560090;560091;HAS_ADDRESS
560095;560096;HAS_ADDRESS
560100;560101;HAS_ADDRESS
560105;560106;HAS_ADDRESS
560110;560111;HAS_ADDRESS
560115;560116;HAS_ADDRESS
560120;560121;HAS_ADDRESS
560125;560126;HAS_ADDRESS
560130;560131;HAS_ADDRESS
560135;560136;HAS_ADDRESS
560140;560141;HAS_ADDRESS
560145;560146;HAS_ADDRESS
560150;560151;HAS_ADDRESS
560155;560156;HAS_ADDRESS
560160;560161;HAS_ADDRESS
560165;560166;HAS_ADDRESS
560170;560171;HAS_ADDRESS
560175;560176;HAS_ADDRESS
560180;560181;HAS_ADDRESS
560185;560186;HAS_ADDRESS
560190;560191;HAS_ADDRESS
560195;560196;HAS_ADDRESS
560200;560201;HAS_ADDRESS
560205;560206;HAS_ADDRESS
560210;560211;HAS_ADDRESS
560215;560216;HAS_ADDRESS
560220;560221;HAS_ADDRESS
560225;560226;HAS_ADDRESS
560230;560231;HAS_ADDRESS
560235;560236;HAS_ADDRESS
560240;560241;HAS_ADDRESS
560245;560246;HAS_ADDRESS
560250;560251;HAS_ADDRESS
560255;560256;HAS_ADDRESS
560260;560261;HAS_ADDRESS
560265;560266;HAS_ADDRESS
560270;560271;HAS_ADDRESS
560275;560276;HAS_ADDRESS
560280;560281;HAS_ADDRESS
560285;560286;HAS_ADDRESS
560290;560291;HAS_ADDRESS
560295;560296;HAS_ADDRESS
560300;560301;HAS_ADDRESS
560305;560306;HAS_ADDRESS
560310;560311;HAS_ADDRESS
560315;560316;HAS_ADDRESS
560320;560321;HAS_ADDRESS
560325;560326;HAS_ADDRESS
560330;560331;HAS_ADDRESS
560335;560336;HAS_ADDRESS
560340;560341;HAS_ADDRESS
560345;560346;HAS_ADDRESS
560350;560351;HAS_ADDRESS
560355;560356;HAS_ADDRESS
560360;560361;HAS_ADDRESS
560365;560366;HAS_ADDRESS
560370;560371;HAS_ADDRESS
560375;560376;HAS_ADDRESS
560380;560381;HAS_ADDRESS
560385;560386;HAS_ADDRESS
560390;560391;HAS_ADDRESS
560395;560396;HAS_ADDRESS
560400;560401;HAS_ADDRESS
560405;560406;HAS_ADDRESS
560410;560411;HAS_ADDRESS
560415;560416;HAS_ADDRESS
560420;560421;HAS_ADDRESS
560425;560426;HAS_ADDRESS
560430;560431;HAS_ADDRESS
560435;560436;HAS_ADDRESS
560440;560441;HAS_ADDRESS
560445;560446;HAS_ADDRESS
560450;560451;HAS_ADDRESS
560455;560456;HAS_ADDRESS
560460;560461;HAS_ADDRESS
560465;560466;HAS_ADDRESS
560470;560471;HAS_ADDRESS
560475;560476;HAS_ADDRESS
560480;560481;HAS_ADDRESS
560485;560486;HAS_ADDRESS
560490;560491;HAS_ADDRESS
560495;560496;HAS_ADDRESS
560500;560501;HAS_ADDRESS
560505;560506;HAS_ADDRESS
560510;560511;HAS_ADDRESS
560515;560516;HAS_ADDRESS
560520;560521;HAS_ADDRESS
560525;560526;HAS_ADDRESS
560530;560531;HAS_ADDRESS
560535;560536;HAS_ADDRESS
560540;560541;HAS_ADDRESS
560545;560546;HAS_ADDRESS
560550;560551;HAS_ADDRESS
560555;560556;HAS_ADDRESS
560560;560561;HAS_ADDRESS
560565;560566;HAS_ADDRESS
560570;560571;HAS_ADDRESS
560575;560576;HAS_ADDRESS
560580;560581;HAS_ADDRESS
560585;560586;HAS_ADDRESS
560590;560591;HAS_ADDRESS
560595;560596;HAS_ADDRESS
560600;560601;HAS_ADDRESS
560605;560606;HAS_ADDRESS
560610;560611;HAS_ADDRESS
560615;560616;HAS_ADDRESS
560620;560621;HAS_ADDRESS
560625;560626;HAS_ADDRESS
560630;560631;HAS_ADDRESS
560635;560636;HAS_ADDRESS
560640;560641;HAS_ADDRESS
560645;560646;HAS_ADDRESS
560650;560651;HAS_ADDRESS
560655;560656;HAS_ADDRESS
560660;560661;HAS_ADDRESS
560665;560666;HAS_ADDRESS
560670;560671;HAS_ADDRESS
560675;560676;HAS_ADDRESS
560680;560681;HAS_ADDRESS
560685;560686;HAS_ADDRESS
560690;560691;HAS_ADDRESS
560695;560696;HAS_ADDRESS
560700;560701;HAS_ADDRESS
560705;560706;HAS_ADDRESS
560710;560711;HAS_ADDRESS
560715;560716;HAS_ADDRESS
560720;560721;HAS_ADDRESS
560725;560726;HAS_ADDRESS
560730;560731;HAS_ADDRESS
560735;560736;HAS_ADDRESS
560740;560741;HAS_ADDRESS
560745;560746;HAS_ADDRESS
560750;560751;HAS_ADDRESS
560755;560756;HAS_ADDRESS
560760;560761;HAS_ADDRESS
560765;560766;HAS_ADDRESS
560770;560771;HAS_ADDRESS
560775;560776;HAS_ADDRESS
560780;560781;HAS_ADDRESS
560785;560786;HAS_ADDRESS
560790;560791;HAS_ADDRESS
560795;560796;HAS_ADDRESS
560800;560801;HAS_ADDRESS
560805;560806;HAS_ADDRESS
560810;560811;HAS_ADDRESS
560815;560816;HAS_ADDRESS
560820;560821;HAS_ADDRESS
560825;560826;HAS_ADDRESS
560830;560831;HAS_ADDRESS
560835;560836;HAS_ADDRESS
560840;560841;HAS_ADDRESS
560845;560846;HAS_ADDRESS
560850;560851;HAS_ADDRESS
560855;560856;HAS_ADDRESS
560860;560861;HAS_ADDRESS
560865;560866;HAS_ADDRESS
560870;560871;HAS_ADDRESS
560875;560876;HAS_ADDRESS
560880;560881;HAS_ADDRESS
560885;560886;HAS_ADDRESS
560890;560891;HAS_ADDRESS
560895;560896;HAS_ADDRESS
560900;560901;HAS_ADDRESS
560905;560906;HAS_ADDRESS
560910;560911;HAS_ADDRESS
560915;560916;HAS_ADDRESS
560920;560921;HAS_ADDRESS
560925;560926;HAS_ADDRESS
560930;560931;HAS_ADDRESS
560935;560936;HAS_ADDRESS
560940;560941;HAS_ADDRESS
560945;560946;HAS_ADDRESS
560950;560951;HAS_ADDRESS
560955;560956;HAS_ADDRESS
560960;560961;HAS_ADDRESS
560965;560966;HAS_ADDRESS
560970;560971;HAS_ADDRESS
560975;560976;HAS_ADDRESS
560980;560981;HAS_ADDRESS
560985;560986;HAS_ADDRESS
560990;560991;HAS_ADDRESS
560995;560996;HAS_ADDRESS
561000;561001;HAS_ADDRESS
561005;561006;HAS_ADDRESS
561010;561011;HAS_ADDRESS
561015;561016;HAS_ADDRESS
561020;561021;HAS_ADDRESS
561025;561026;HAS_ADDRESS
561030;561031;HAS_ADDRESS
561035;561036;HAS_ADDRESS
561040;561041;HAS_ADDRESS
561045;561046;HAS_ADDRESS
561050;561051;HAS_ADDRESS
561055;561056;HAS_ADDRESS
561060;561061;HAS_ADDRESS
561065;561066;HAS_ADDRESS
561070;561071;HAS_ADDRESS
561075;561076;HAS_ADDRESS
561080;561081;HAS_ADDRESS
561085;561086;HAS_ADDRESS
561090;561091;HAS_ADDRESS
561095;561096;HAS_ADDRESS
561100;561101;HAS_ADDRESS
561105;561106;HAS_ADDRESS
561110;561111;HAS_ADDRESS
561115;561116;HAS_ADDRESS
561120;561121;HAS_ADDRESS
561125;561126;HAS_ADDRESS
561130;561131;HAS_ADDRESS
561135;561136;HAS_ADDRESS
561140;561141;HAS_ADDRESS
561145;561146;HAS_ADDRESS
561150;561151;HAS_ADDRESS
561155;561156;HAS_ADDRESS
561160;561161;HAS_ADDRESS
561165;561166;HAS_ADDRESS
561170;561171;HAS_ADDRESS
561175;561176;HAS_ADDRESS
561180;561181;HAS_ADDRESS
561185;561186;HAS_ADDRESS
561190;561191;HAS_ADDRESS
561195;561196;HAS_ADDRESS
561200;561201;HAS_ADDRESS
561205;561206;HAS_ADDRESS
561210;561211;HAS_ADDRESS
561215;561216;HAS_ADDRESS
561220;561221;HAS_ADDRESS
561225;561226;HAS_ADDRESS
561230;561231;HAS_ADDRESS
561235;561236;HAS_ADDRESS
561240;561241;HAS_ADDRESS
561245;561246;HAS_ADDRESS
561250;561251;HAS_ADDRESS
561255;561256;HAS_ADDRESS
561260;561261;HAS_ADDRESS
561265;561266;HAS_ADDRESS
561270;561271;HAS_ADDRESS
561275;561276;HAS_ADDRESS
561280;561281;HAS_ADDRESS
561285;561286;HAS_ADDRESS
561290;561291;HAS_ADDRESS
561295;561296;HAS_ADDRESS
561300;561301;HAS_ADDRESS
561305;561306;HAS_ADDRESS
561310;561311;HAS_ADDRESS
561315;561316;HAS_ADDRESS
561320;561321;HAS_ADDRESS
561325;561326;HAS_ADDRESS
561330;561331;HAS_ADDRESS
561335;561336;HAS_ADDRESS
561340;561341;HAS_ADDRESS
561345;561346;HAS_ADDRESS
561350;561351;HAS_ADDRESS
561355;561356;HAS_ADDRESS
561360;561361;HAS_ADDRESS
561365;561366;HAS_ADDRESS
561370;561371;HAS_ADDRESS
561375;561376;HAS_ADDRESS
561380;561381;HAS_ADDRESS
561385;561386;HAS_ADDRESS
561390;561391;HAS_ADDRESS
561395;561396;HAS_ADDRESS
561400;561401;HAS_ADDRESS
561405;561406;HAS_ADDRESS
561410;561411;HAS_ADDRESS
561415;561416;HAS_ADDRESS
561420;561421;HAS_ADDRESS
561425;561426;HAS_ADDRESS
561430;561431;HAS_ADDRESS
561435;561436;HAS_ADDRESS
561440;561441;HAS_ADDRESS
561445;561446;HAS_ADDRESS
561450;561451;HAS_ADDRESS
561455;561456;HAS_ADDRESS
561460;561461;HAS_ADDRESS
561465;561466;HAS_ADDRESS
561470;561471;HAS_ADDRESS
561475;561476;HAS_ADDRESS
561480;561481;HAS_ADDRESS
561485;561486;HAS_ADDRESS
561490;561491;HAS_ADDRESS
561495;561496;HAS_ADDRESS
561500;561501;HAS_ADDRESS
561505;561506;HAS_ADDRESS
561510;561511;HAS_ADDRESS
561515;561516;HAS_ADDRESS
561520;561521;HAS_ADDRESS
561525;561526;HAS_ADDRESS
561530;561531;HAS_ADDRESS
561535;561536;HAS_ADDRESS
561540;561541;HAS_ADDRESS
561545;561546;HAS_ADDRESS
561550;561551;HAS_ADDRESS
561555;561556;HAS_ADDRESS
561560;561561;HAS_ADDRESS
561565;561566;HAS_ADDRESS
561570;561571;HAS_ADDRESS
561575;561576;HAS_ADDRESS
561580;561581;HAS_ADDRESS
561585;561586;HAS_ADDRESS
561590;561591;HAS_ADDRESS
561595;561596;HAS_ADDRESS
561600;561601;HAS_ADDRESS
561605;561606;HAS_ADDRESS
561610;561611;HAS_ADDRESS
561615;561616;HAS_ADDRESS
561620;561621;HAS_ADDRESS
561625;561626;HAS_ADDRESS
561630;561631;HAS_ADDRESS
561635;561636;HAS_ADDRESS
561640;561641;HAS_ADDRESS
561645;561646;HAS_ADDRESS
561650;561651;HAS_ADDRESS
561655;561656;HAS_ADDRESS
561660;561661;HAS_ADDRESS
561665;561666;HAS_ADDRESS
561670;561671;HAS_ADDRESS
561675;561676;HAS_ADDRESS
561680;561681;HAS_ADDRESS
561685;561686;HAS_ADDRESS
561690;561691;HAS_ADDRESS
561695;561696;HAS_ADDRESS
561700;561701;HAS_ADDRESS
561705;561706;HAS_ADDRESS
561710;561711;HAS_ADDRESS
561715;561716;HAS_ADDRESS
561720;561721;HAS_ADDRESS
561725;561726;HAS_ADDRESS
561730;561731;HAS_ADDRESS
561735;561736;HAS_ADDRESS
561740;561741;HAS_ADDRESS
561745;561746;HAS_ADDRESS
561750;561751;HAS_ADDRESS
561755;561756;HAS_ADDRESS
561760;561761;HAS_ADDRESS
561765;561766;HAS_ADDRESS
561770;561771;HAS_ADDRESS
561775;561776;HAS_ADDRESS
561780;561781;HAS_ADDRESS
561785;561786;HAS_ADDRESS
561790;561791;HAS_ADDRESS
561795;561796;HAS_ADDRESS
561800;561801;HAS_ADDRESS
561805;561806;HAS_ADDRESS
561810;561811;HAS_ADDRESS
561815;561816;HAS_ADDRESS
561820;561821;HAS_ADDRESS
561825;561826;HAS_ADDRESS
561830;561831;HAS_ADDRESS
561835;561836;HAS_ADDRESS
561840;561841;HAS_ADDRESS
561845;561846;HAS_ADDRESS
561850;561851;HAS_ADDRESS
561855;561856;HAS_ADDRESS
561860;561861;HAS_ADDRESS
561865;561866;HAS_ADDRESS
561870;561871;HAS_ADDRESS
561875;561876;HAS_ADDRESS
561880;561881;HAS_ADDRESS
561885;561886;HAS_ADDRESS
561890;561891;HAS_ADDRESS
561895;561896;HAS_ADDRESS
561900;561901;HAS_ADDRESS
561905;561906;HAS_ADDRESS
561910;561911;HAS_ADDRESS
561915;561916;HAS_ADDRESS
561920;561921;HAS_ADDRESS
561925;561926;HAS_ADDRESS
561930;561931;HAS_ADDRESS
561935;561936;HAS_ADDRESS
561940;561941;HAS_ADDRESS
561945;561946;HAS_ADDRESS
561950;561951;HAS_ADDRESS
561955;561956;HAS_ADDRESS
561960;561961;HAS_ADDRESS
561965;561966;HAS_ADDRESS
561970;561971;HAS_ADDRESS
561975;561976;HAS_ADDRESS
561980;561981;HAS_ADDRESS
561985;561986;HAS_ADDRESS
561990;561991;HAS_ADDRESS
561995;561996;HAS_ADDRESS
562000;562001;HAS_ADDRESS
562005;562006;HAS_ADDRESS
562010;562011;HAS_ADDRESS
562015;562016;HAS_ADDRESS
562020;562021;HAS_ADDRESS
562025;562026;HAS_ADDRESS
562030;562031;HAS_ADDRESS
562035;562036;HAS_ADDRESS
562040;562041;HAS_ADDRESS
562045;562046;HAS_ADDRESS
562050;562051;HAS_ADDRESS
562055;562056;HAS_ADDRESS
562060;562061;HAS_ADDRESS
562065;562066;HAS_ADDRESS
562070;562071;HAS_ADDRESS
562075;562076;HAS_ADDRESS
562080;562081;HAS_ADDRESS
562085;562086;HAS_ADDRESS
562090;562091;HAS_ADDRESS
562095;562096;HAS_ADDRESS
562100;562101;HAS_ADDRESS
562105;562106;HAS_ADDRESS
562110;562111;HAS_ADDRESS
562115;562116;HAS_ADDRESS
562120;562121;HAS_ADDRESS
562125;562126;HAS_ADDRESS
562130;562131;HAS_ADDRESS
562135;562136;HAS_ADDRESS
562140;562141;HAS_ADDRESS
562145;562146;HAS_ADDRESS
562150;562151;HAS_ADDRESS
562155;562156;HAS_ADDRESS
562160;562161;HAS_ADDRESS
562165;562166;HAS_ADDRESS
562170;562171;HAS_ADDRESS
562175;562176;HAS_ADDRESS
562180;562181;HAS_ADDRESS
562185;562186;HAS_ADDRESS
562190;562191;HAS_ADDRESS
562195;562196;HAS_ADDRESS
562200;562201;HAS_ADDRESS
562205;562206;HAS_ADDRESS
562210;562211;HAS_ADDRESS
562215;562216;HAS_ADDRESS
562220;562221;HAS_ADDRESS
562225;562226;HAS_ADDRESS
562230;562231;HAS_ADDRESS
562235;562236;HAS_ADDRESS
562240;562241;HAS_ADDRESS
562245;562246;HAS_ADDRESS
562250;562251;HAS_ADDRESS
562255;562256;HAS_ADDRESS
562260;562261;HAS_ADDRESS
562265;562266;HAS_ADDRESS
562270;562271;HAS_ADDRESS
562275;562276;HAS_ADDRESS
562280;562281;HAS_ADDRESS
562285;562286;HAS_ADDRESS
562290;562291;HAS_ADDRESS
562295;562296;HAS_ADDRESS
562300;562301;HAS_ADDRESS
562305;562306;HAS_ADDRESS
562310;562311;HAS_ADDRESS
562315;562316;HAS_ADDRESS
562320;562321;HAS_ADDRESS
562325;562326;HAS_ADDRESS
562330;562331;HAS_ADDRESS
562335;562336;HAS_ADDRESS
562340;562341;HAS_ADDRESS
562345;562346;HAS_ADDRESS
562350;562351;HAS_ADDRESS
562355;562356;HAS_ADDRESS
562360;562361;HAS_ADDRESS
562365;562366;HAS_ADDRESS
562370;562371;HAS_ADDRESS
562375;562376;HAS_ADDRESS
562380;562381;HAS_ADDRESS
562385;562386;HAS_ADDRESS
562390;562391;HAS_ADDRESS
562395;562396;HAS_ADDRESS
562400;562401;HAS_ADDRESS
562405;562406;HAS_ADDRESS
562410;562411;HAS_ADDRESS
562415;562416;HAS_ADDRESS
562420;562421;HAS_ADDRESS
562425;562426;HAS_ADDRESS
562430;562431;HAS_ADDRESS
562435;562436;HAS_ADDRESS
562440;562441;HAS_ADDRESS
562445;562446;HAS_ADDRESS
562450;562451;HAS_ADDRESS
562455;562456;HAS_ADDRESS
562460;562461;HAS_ADDRESS
562465;562466;HAS_ADDRESS
562470;562471;HAS_ADDRESS
562475;562476;HAS_ADDRESS
562480;562481;HAS_ADDRESS
562485;562486;HAS_ADDRESS
562490;562491;HAS_ADDRESS
562495;562496;HAS_ADDRESS
562500;562501;HAS_ADDRESS
562505;562506;HAS_ADDRESS
562510;562511;HAS_ADDRESS
562515;562516;HAS_ADDRESS
562520;562521;HAS_ADDRESS
562525;562526;HAS_ADDRESS
562530;562531;HAS_ADDRESS
562535;562536;HAS_ADDRESS
562540;562541;HAS_ADDRESS
562545;562546;HAS_ADDRESS
562550;562551;HAS_ADDRESS
562555;562556;HAS_ADDRESS
562560;562561;HAS_ADDRESS
562565;562566;HAS_ADDRESS
562570;562571;HAS_ADDRESS
562575;562576;HAS_ADDRESS
562580;562581;HAS_ADDRESS
562585;562586;HAS_ADDRESS
562590;562591;HAS_ADDRESS
562595;562596;HAS_ADDRESS
562600;562601;HAS_ADDRESS
562605;562606;HAS_ADDRESS
562610;562611;HAS_ADDRESS
562615;562616;HAS_ADDRESS
562620;562621;HAS_ADDRESS
562625;562626;HAS_ADDRESS
562630;562631;HAS_ADDRESS
562635;562636;HAS_ADDRESS
562640;562641;HAS_ADDRESS
562645;562646;HAS_ADDRESS
562650;562651;HAS_ADDRESS
562655;562656;HAS_ADDRESS
562660;562661;HAS_ADDRESS
562665;562666;HAS_ADDRESS
562670;562671;HAS_ADDRESS
562675;562676;HAS_ADDRESS
562680;562681;HAS_ADDRESS
562685;562686;HAS_ADDRESS
562690;562691;HAS_ADDRESS
562695;562696;HAS_ADDRESS
562700;562701;HAS_ADDRESS
562705;562706;HAS_ADDRESS
562710;562711;HAS_ADDRESS
562715;562716;HAS_ADDRESS
562720;562721;HAS_ADDRESS
562725;562726;HAS_ADDRESS
562730;562731;HAS_ADDRESS
562735;562736;HAS_ADDRESS
562740;562741;HAS_ADDRESS
562745;562746;HAS_ADDRESS
562750;562751;HAS_ADDRESS
562755;562756;HAS_ADDRESS
562760;562761;HAS_ADDRESS
562765;562766;HAS_ADDRESS
562770;562771;HAS_ADDRESS
562775;562776;HAS_ADDRESS
562780;562781;HAS_ADDRESS
562785;562786;HAS_ADDRESS
562790;562791;HAS_ADDRESS
562795;562796;HAS_ADDRESS
562800;562801;HAS_ADDRESS
562805;562806;HAS_ADDRESS
562810;562811;HAS_ADDRESS
562815;562816;HAS_ADDRESS
562820;562821;HAS_ADDRESS
562825;562826;HAS_ADDRESS
562830;562831;HAS_ADDRESS
562835;562836;HAS_ADDRESS
562840;562841;HAS_ADDRESS
562845;562846;HAS_ADDRESS
562850;562851;HAS_ADDRESS
562855;562856;HAS_ADDRESS
562860;562861;HAS_ADDRESS
562865;562866;HAS_ADDRESS
562870;562871;HAS_ADDRESS
562875;562876;HAS_ADDRESS
562880;562881;HAS_ADDRESS
562885;562886;HAS_ADDRESS
562890;562891;HAS_ADDRESS
562895;562896;HAS_ADDRESS
562900;562901;HAS_ADDRESS
562905;562906;HAS_ADDRESS
562910;562911;HAS_ADDRESS
562915;562916;HAS_ADDRESS
562920;562921;HAS_ADDRESS
562925;562926;HAS_ADDRESS
562930;562931;HAS_ADDRESS
562935;562936;HAS_ADDRESS
562940;562941;HAS_ADDRESS
562945;562946;HAS_ADDRESS
562950;562951;HAS_ADDRESS
562955;562956;HAS_ADDRESS
562960;562961;HAS_ADDRESS
562965;562966;HAS_ADDRESS
562970;562971;HAS_ADDRESS
562975;562976;HAS_ADDRESS
562980;562981;HAS_ADDRESS
562985;562986;HAS_ADDRESS
562990;562991;HAS_ADDRESS
562995;562996;HAS_ADDRESS
563000;563001;HAS_ADDRESS
563005;563006;HAS_ADDRESS
563010;563011;HAS_ADDRESS
563015;563016;HAS_ADDRESS
563020;563021;HAS_ADDRESS
563025;563026;HAS_ADDRESS
563030;563031;HAS_ADDRESS
563035;563036;HAS_ADDRESS
563040;563041;HAS_ADDRESS
563045;563046;HAS_ADDRESS
563050;563051;HAS_ADDRESS
563055;563056;HAS_ADDRESS
563060;563061;HAS_ADDRESS
563065;563066;HAS_ADDRESS
563070;563071;HAS_ADDRESS
563075;563076;HAS_ADDRESS
563080;563081;HAS_ADDRESS
563085;563086;HAS_ADDRESS
563090;563091;HAS_ADDRESS
563095;563096;HAS_ADDRESS
563100;563101;HAS_ADDRESS
563105;563106;HAS_ADDRESS
563110;563111;HAS_ADDRESS
563115;563116;HAS_ADDRESS
563120;563121;HAS_ADDRESS
563125;563126;HAS_ADDRESS
563130;563131;HAS_ADDRESS
563135;563136;HAS_ADDRESS
563140;563141;HAS_ADDRESS
563145;563146;HAS_ADDRESS
563150;563151;HAS_ADDRESS
563155;563156;HAS_ADDRESS
563160;563161;HAS_ADDRESS
563165;563166;HAS_ADDRESS
563170;563171;HAS_ADDRESS
563175;563176;HAS_ADDRESS
563180;563181;HAS_ADDRESS
563185;563186;HAS_ADDRESS
563190;563191;HAS_ADDRESS
563195;563196;HAS_ADDRESS
563200;563201;HAS_ADDRESS
563205;563206;HAS_ADDRESS
563210;563211;HAS_ADDRESS
563215;563216;HAS_ADDRESS
563220;563221;HAS_ADDRESS
563225;563226;HAS_ADDRESS
563230;563231;HAS_ADDRESS
563235;563236;HAS_ADDRESS
563240;563241;HAS_ADDRESS
563245;563246;HAS_ADDRESS
563250;563251;HAS_ADDRESS
563255;563256;HAS_ADDRESS
563260;563261;HAS_ADDRESS
563265;563266;HAS_ADDRESS
563270;563271;HAS_ADDRESS
563275;563276;HAS_ADDRESS
563280;563281;HAS_ADDRESS
563285;563286;HAS_ADDRESS
563290;563291;HAS_ADDRESS
563295;563296;HAS_ADDRESS
563300;563301;HAS_ADDRESS
563305;563306;HAS_ADDRESS
563310;563311;HAS_ADDRESS
563315;563316;HAS_ADDRESS
563320;563321;HAS_ADDRESS
563325;563326;HAS_ADDRESS
563330;563331;HAS_ADDRESS
563335;563336;HAS_ADDRESS
563340;563341;HAS_ADDRESS
563345;563346;HAS_ADDRESS
563350;563351;HAS_ADDRESS
563355;563356;HAS_ADDRESS
563360;563361;HAS_ADDRESS
563365;563366;HAS_ADDRESS
563370;563371;HAS_ADDRESS
563375;563376;HAS_ADDRESS
563380;563381;HAS_ADDRESS
563385;563386;HAS_ADDRESS
563390;563391;HAS_ADDRESS
563395;563396;HAS_ADDRESS
563400;563401;HAS_ADDRESS
563405;563406;HAS_ADDRESS
563410;563411;HAS_ADDRESS
563415;563416;HAS_ADDRESS
563420;563421;HAS_ADDRESS
563425;563426;HAS_ADDRESS
563430;563431;HAS_ADDRESS
563435;563436;HAS_ADDRESS
563440;563441;HAS_ADDRESS
563445;563446;HAS_ADDRESS
563450;563451;HAS_ADDRESS
563455;563456;HAS_ADDRESS
563460;563461;HAS_ADDRESS
563465;563466;HAS_ADDRESS
563470;563471;HAS_ADDRESS
563475;563476;HAS_ADDRESS
563480;563481;HAS_ADDRESS
563485;563486;HAS_ADDRESS
563490;563491;HAS_ADDRESS
563495;563496;HAS_ADDRESS
563500;563501;HAS_ADDRESS
563505;563506;HAS_ADDRESS
563510;563511;HAS_ADDRESS
563515;563516;HAS_ADDRESS
563520;563521;HAS_ADDRESS
563525;563526;HAS_ADDRESS
563530;563531;HAS_ADDRESS
563535;563536;HAS_ADDRESS
563540;563541;HAS_ADDRESS
563545;563546;HAS_ADDRESS
563550;563551;HAS_ADDRESS
563555;563556;HAS_ADDRESS
563560;563561;HAS_ADDRESS
563565;563566;HAS_ADDRESS
563570;563571;HAS_ADDRESS
563575;563576;HAS_ADDRESS
563580;563581;HAS_ADDRESS
563585;563586;HAS_ADDRESS
563590;563591;HAS_ADDRESS
563595;563596;HAS_ADDRESS
563600;563601;HAS_ADDRESS
563605;563606;HAS_ADDRESS
563610;563611;HAS_ADDRESS
563615;563616;HAS_ADDRESS
563620;563621;HAS_ADDRESS
563625;563626;HAS_ADDRESS
563630;563631;HAS_ADDRESS
563635;563636;HAS_ADDRESS
563640;563641;HAS_ADDRESS
563645;563646;HAS_ADDRESS
563650;563651;HAS_ADDRESS
563655;563656;HAS_ADDRESS
563660;563661;HAS_ADDRESS
563665;563666;HAS_ADDRESS
563670;563671;HAS_ADDRESS
563675;563676;HAS_ADDRESS
563680;563681;HAS_ADDRESS
563685;563686;HAS_ADDRESS
563690;563691;HAS_ADDRESS
563695;563696;HAS_ADDRESS
563700;563701;HAS_ADDRESS
563705;563706;HAS_ADDRESS
563710;563711;HAS_ADDRESS
563715;563716;HAS_ADDRESS
563720;563721;HAS_ADDRESS
563725;563726;HAS_ADDRESS
563730;563731;HAS_ADDRESS
563735;563736;HAS_ADDRESS
563740;563741;HAS_ADDRESS
563745;563746;HAS_ADDRESS
563750;563751;HAS_ADDRESS
563755;563756;HAS_ADDRESS
563760;563761;HAS_ADDRESS
563765;563766;HAS_ADDRESS
563770;563771;HAS_ADDRESS
563775;563776;HAS_ADDRESS
563780;563781;HAS_ADDRESS
563785;563786;HAS_ADDRESS
563790;563791;HAS_ADDRESS
563795;563796;HAS_ADDRESS
563800;563801;HAS_ADDRESS
563805;563806;HAS_ADDRESS
563810;563811;HAS_ADDRESS
563815;563816;HAS_ADDRESS
563820;563821;HAS_ADDRESS
563825;563826;HAS_ADDRESS
563830;563831;HAS_ADDRESS
563835;563836;HAS_ADDRESS
563840;563841;HAS_ADDRESS
563845;563846;HAS_ADDRESS
563850;563851;HAS_ADDRESS
563855;563856;HAS_ADDRESS
563860;563861;HAS_ADDRESS
563865;563866;HAS_ADDRESS
563870;563871;HAS_ADDRESS
563875;563876;HAS_ADDRESS
563880;563881;HAS_ADDRESS
563885;563886;HAS_ADDRESS
563890;563891;HAS_ADDRESS
563895;563896;HAS_ADDRESS
563900;563901;HAS_ADDRESS
563905;563906;HAS_ADDRESS
563910;563911;HAS_ADDRESS
563915;563916;HAS_ADDRESS
563920;563921;HAS_ADDRESS
563925;563926;HAS_ADDRESS
563930;563931;HAS_ADDRESS
563935;563936;HAS_ADDRESS
563940;563941;HAS_ADDRESS
563945;563946;HAS_ADDRESS
563950;563951;HAS_ADDRESS
563955;563956;HAS_ADDRESS
563960;563961;HAS_ADDRESS
563965;563966;HAS_ADDRESS
563970;563971;HAS_ADDRESS
563975;563976;HAS_ADDRESS
563980;563981;HAS_ADDRESS
563985;563986;HAS_ADDRESS
563990;563991;HAS_ADDRESS
563995;563996;HAS_ADDRESS
564000;564001;HAS_ADDRESS
564005;564006;HAS_ADDRESS
564010;564011;HAS_ADDRESS
564015;564016;HAS_ADDRESS
564020;564021;HAS_ADDRESS
564025;564026;HAS_ADDRESS
564030;564031;HAS_ADDRESS
564035;564036;HAS_ADDRESS
564040;564041;HAS_ADDRESS
564045;564046;HAS_ADDRESS
564050;564051;HAS_ADDRESS
564055;564056;HAS_ADDRESS
564060;564061;HAS_ADDRESS
564065;564066;HAS_ADDRESS
564070;564071;HAS_ADDRESS
564075;564076;HAS_ADDRESS
564080;564081;HAS_ADDRESS
564085;564086;HAS_ADDRESS
564090;564091;HAS_ADDRESS
564095;564096;HAS_ADDRESS
564100;564101;HAS_ADDRESS
564105;564106;HAS_ADDRESS
564110;564111;HAS_ADDRESS
564115;564116;HAS_ADDRESS
564120;564121;HAS_ADDRESS
564125;564126;HAS_ADDRESS
564130;564131;HAS_ADDRESS
564135;564136;HAS_ADDRESS
564140;564141;HAS_ADDRESS
564145;564146;HAS_ADDRESS
564150;564151;HAS_ADDRESS
564155;564156;HAS_ADDRESS
564160;564161;HAS_ADDRESS
564165;564166;HAS_ADDRESS
564170;564171;HAS_ADDRESS
564175;564176;HAS_ADDRESS
564180;564181;HAS_ADDRESS
564185;564186;HAS_ADDRESS
564190;564191;HAS_ADDRESS
564195;564196;HAS_ADDRESS
564200;564201;HAS_ADDRESS
564205;564206;HAS_ADDRESS
564210;564211;HAS_ADDRESS
564215;564216;HAS_ADDRESS
564220;564221;HAS_ADDRESS
564225;564226;HAS_ADDRESS
564230;564231;HAS_ADDRESS
564235;564236;HAS_ADDRESS
564240;564241;HAS_ADDRESS
564245;564246;HAS_ADDRESS
564250;564251;HAS_ADDRESS
564255;564256;HAS_ADDRESS
564260;564261;HAS_ADDRESS
564265;564266;HAS_ADDRESS
564270;564271;HAS_ADDRESS
564275;564276;HAS_ADDRESS
564280;564281;HAS_ADDRESS
564285;564286;HAS_ADDRESS
564290;564291;HAS_ADDRESS
564295;564296;HAS_ADDRESS
564300;564301;HAS_ADDRESS
564305;564306;HAS_ADDRESS
564310;564311;HAS_ADDRESS
564315;564316;HAS_ADDRESS
564320;564321;HAS_ADDRESS
564325;564326;HAS_ADDRESS
564330;564331;HAS_ADDRESS
564335;564336;HAS_ADDRESS
564340;564341;HAS_ADDRESS
564345;564346;HAS_ADDRESS
564350;564351;HAS_ADDRESS
564355;564356;HAS_ADDRESS
564360;564361;HAS_ADDRESS
564365;564366;HAS_ADDRESS
564370;564371;HAS_ADDRESS
564375;564376;HAS_ADDRESS
564380;564381;HAS_ADDRESS
564385;564386;HAS_ADDRESS
564390;564391;HAS_ADDRESS
564395;564396;HAS_ADDRESS
564400;564401;HAS_ADDRESS
564405;564406;HAS_ADDRESS
564410;564411;HAS_ADDRESS
564415;564416;HAS_ADDRESS
564420;564421;HAS_ADDRESS
564425;564426;HAS_ADDRESS
564430;564431;HAS_ADDRESS
564435;564436;HAS_ADDRESS
564440;564441;HAS_ADDRESS
564445;564446;HAS_ADDRESS
564450;564451;HAS_ADDRESS
564455;564456;HAS_ADDRESS
564460;564461;HAS_ADDRESS
564465;564466;HAS_ADDRESS
564470;564471;HAS_ADDRESS
564475;564476;HAS_ADDRESS
564480;564481;HAS_ADDRESS
564485;564486;HAS_ADDRESS
564490;564491;HAS_ADDRESS
564495;564496;HAS_ADDRESS
564500;564501;HAS_ADDRESS
564505;564506;HAS_ADDRESS
564510;564511;HAS_ADDRESS
564515;564516;HAS_ADDRESS
564520;564521;HAS_ADDRESS
564525;564526;HAS_ADDRESS
564530;564531;HAS_ADDRESS
564535;564536;HAS_ADDRESS
564540;564541;HAS_ADDRESS
564545;564546;HAS_ADDRESS
564550;564551;HAS_ADDRESS
564555;564556;HAS_ADDRESS
564560;564561;HAS_ADDRESS
564565;564566;HAS_ADDRESS
564570;564571;HAS_ADDRESS
564575;564576;HAS_ADDRESS
564580;564581;HAS_ADDRESS
564585;564586;HAS_ADDRESS
564590;564591;HAS_ADDRESS
564595;564596;HAS_ADDRESS
564600;564601;HAS_ADDRESS
564605;564606;HAS_ADDRESS
564610;564611;HAS_ADDRESS
564615;564616;HAS_ADDRESS
564620;564621;HAS_ADDRESS
564625;564626;HAS_ADDRESS
564630;564631;HAS_ADDRESS
564635;564636;HAS_ADDRESS
564640;564641;HAS_ADDRESS
564645;564646;HAS_ADDRESS
564650;564651;HAS_ADDRESS
564655;564656;HAS_ADDRESS
564660;564661;HAS_ADDRESS
564665;564666;HAS_ADDRESS
564670;564671;HAS_ADDRESS
564675;564676;HAS_ADDRESS
564680;564681;HAS_ADDRESS
564685;564686;HAS_ADDRESS
564690;564691;HAS_ADDRESS
564695;564696;HAS_ADDRESS
564700;564701;HAS_ADDRESS
564705;564706;HAS_ADDRESS
564710;564711;HAS_ADDRESS
564715;564716;HAS_ADDRESS
564720;564721;HAS_ADDRESS
564725;564726;HAS_ADDRESS
564730;564731;HAS_ADDRESS
564735;564736;HAS_ADDRESS
564740;564741;HAS_ADDRESS
564745;564746;HAS_ADDRESS
564750;564751;HAS_ADDRESS
564755;564756;HAS_ADDRESS
564760;564761;HAS_ADDRESS
564765;564766;HAS_ADDRESS
564770;564771;HAS_ADDRESS
564775;564776;HAS_ADDRESS
564780;564781;HAS_ADDRESS
564785;564786;HAS_ADDRESS
564790;564791;HAS_ADDRESS
564795;564796;HAS_ADDRESS
564800;564801;HAS_ADDRESS
564805;564806;HAS_ADDRESS
564810;564811;HAS_ADDRESS
564815;564816;HAS_ADDRESS
564820;564821;HAS_ADDRESS
564825;564826;HAS_ADDRESS
564830;564831;HAS_ADDRESS
564835;564836;HAS_ADDRESS
564840;564841;HAS_ADDRESS
564845;564846;HAS_ADDRESS
564850;564851;HAS_ADDRESS
564855;564856;HAS_ADDRESS
564860;564861;HAS_ADDRESS
564865;564866;HAS_ADDRESS
564870;564871;HAS_ADDRESS
564875;564876;HAS_ADDRESS
564880;564881;HAS_ADDRESS
564885;564886;HAS_ADDRESS
564890;564891;HAS_ADDRESS
564895;564896;HAS_ADDRESS
564900;564901;HAS_ADDRESS
564905;564906;HAS_ADDRESS
564910;564911;HAS_ADDRESS
564915;564916;HAS_ADDRESS
564920;564921;HAS_ADDRESS
564925;564926;HAS_ADDRESS
564930;564931;HAS_ADDRESS
564935;564936;HAS_ADDRESS
564940;564941;HAS_ADDRESS
564945;564946;HAS_ADDRESS
564950;564951;HAS_ADDRESS
564955;564956;HAS_ADDRESS
564960;564961;HAS_ADDRESS
564965;564966;HAS_ADDRESS
564970;564971;HAS_ADDRESS
564975;564976;HAS_ADDRESS
564980;564981;HAS_ADDRESS
564985;564986;HAS_ADDRESS
564990;564991;HAS_ADDRESS
564995;564996;HAS_ADDRESS
565000;565001;HAS_ADDRESS
565005;565006;HAS_ADDRESS
565010;565011;HAS_ADDRESS
565015;565016;HAS_ADDRESS
565020;565021;HAS_ADDRESS
565025;565026;HAS_ADDRESS
565030;565031;HAS_ADDRESS
565035;565036;HAS_ADDRESS
565040;565041;HAS_ADDRESS
565045;565046;HAS_ADDRESS
565050;565051;HAS_ADDRESS
565055;565056;HAS_ADDRESS
565060;565061;HAS_ADDRESS
565065;565066;HAS_ADDRESS
565070;565071;HAS_ADDRESS
565075;565076;HAS_ADDRESS
565080;565081;HAS_ADDRESS
565085;565086;HAS_ADDRESS
565090;565091;HAS_ADDRESS
565095;565096;HAS_ADDRESS
565100;565101;HAS_ADDRESS
565105;565106;HAS_ADDRESS
565110;565111;HAS_ADDRESS
565115;565116;HAS_ADDRESS
565120;565121;HAS_ADDRESS
565125;565126;HAS_ADDRESS
565130;565131;HAS_ADDRESS
565135;565136;HAS_ADDRESS
565140;565141;HAS_ADDRESS
565145;565146;HAS_ADDRESS
565150;565151;HAS_ADDRESS
565155;565156;HAS_ADDRESS
565160;565161;HAS_ADDRESS
565165;565166;HAS_ADDRESS
565170;565171;HAS_ADDRESS
565175;565176;HAS_ADDRESS
565180;565181;HAS_ADDRESS
565185;565186;HAS_ADDRESS
565190;565191;HAS_ADDRESS
565195;565196;HAS_ADDRESS
565200;565201;HAS_ADDRESS
565205;565206;HAS_ADDRESS
565210;565211;HAS_ADDRESS
565215;565216;HAS_ADDRESS
565220;565221;HAS_ADDRESS
565225;565226;HAS_ADDRESS
565230;565231;HAS_ADDRESS
565235;565236;HAS_ADDRESS
565240;565241;HAS_ADDRESS
565245;565246;HAS_ADDRESS
565250;565251;HAS_ADDRESS
565255;565256;HAS_ADDRESS
565260;565261;HAS_ADDRESS
565265;565266;HAS_ADDRESS
565270;565271;HAS_ADDRESS
565275;565276;HAS_ADDRESS
565280;565281;HAS_ADDRESS
565285;565286;HAS_ADDRESS
565290;565291;HAS_ADDRESS
565295;565296;HAS_ADDRESS
565300;565301;HAS_ADDRESS
565305;565306;HAS_ADDRESS
565310;565311;HAS_ADDRESS
565315;565316;HAS_ADDRESS
565320;565321;HAS_ADDRESS
565325;565326;HAS_ADDRESS
565330;565331;HAS_ADDRESS
565335;565336;HAS_ADDRESS
565340;565341;HAS_ADDRESS
565345;565346;HAS_ADDRESS
565350;565351;HAS_ADDRESS
565355;565356;HAS_ADDRESS
565360;565361;HAS_ADDRESS
565365;565366;HAS_ADDRESS
565370;565371;HAS_ADDRESS
565375;565376;HAS_ADDRESS
565380;565381;HAS_ADDRESS
565385;565386;HAS_ADDRESS
565390;565391;HAS_ADDRESS
565395;565396;HAS_ADDRESS
565400;565401;HAS_ADDRESS
565405;565406;HAS_ADDRESS
565410;565411;HAS_ADDRESS
565415;565416;HAS_ADDRESS
565420;565421;HAS_ADDRESS
565425;565426;HAS_ADDRESS
565430;565431;HAS_ADDRESS
565435;565436;HAS_ADDRESS
565440;565441;HAS_ADDRESS
565445;565446;HAS_ADDRESS
565450;565451;HAS_ADDRESS
565455;565456;HAS_ADDRESS
565460;565461;HAS_ADDRESS
565465;565466;HAS_ADDRESS
565470;565471;HAS_ADDRESS
565475;565476;HAS_ADDRESS
565480;565481;HAS_ADDRESS
565485;565486;HAS_ADDRESS
565490;565491;HAS_ADDRESS
565495;565496;HAS_ADDRESS
565500;565501;HAS_ADDRESS
565505;565506;HAS_ADDRESS
565510;565511;HAS_ADDRESS
565515;565516;HAS_ADDRESS
565520;565521;HAS_ADDRESS
565525;565526;HAS_ADDRESS
565530;565531;HAS_ADDRESS
565535;565536;HAS_ADDRESS
565540;565541;HAS_ADDRESS
565545;565546;HAS_ADDRESS
565550;565551;HAS_ADDRESS
565555;565556;HAS_ADDRESS
565560;565561;HAS_ADDRESS
565565;565566;HAS_ADDRESS
565570;565571;HAS_ADDRESS
565575;565576;HAS_ADDRESS
565580;565581;HAS_ADDRESS
565585;565586;HAS_ADDRESS
565590;565591;HAS_ADDRESS
565595;565596;HAS_ADDRESS
565600;565601;HAS_ADDRESS
565605;565606;HAS_ADDRESS
565610;565611;HAS_ADDRESS
565615;565616;HAS_ADDRESS
565620;565621;HAS_ADDRESS
565625;565626;HAS_ADDRESS
565630;565631;HAS_ADDRESS
565635;565636;HAS_ADDRESS
565640;565641;HAS_ADDRESS
565645;565646;HAS_ADDRESS
565650;565651;HAS_ADDRESS
565655;565656;HAS_ADDRESS
565660;565661;HAS_ADDRESS
565665;565666;HAS_ADDRESS
565670;565671;HAS_ADDRESS
565675;565676;HAS_ADDRESS
565680;565681;HAS_ADDRESS
565685;565686;HAS_ADDRESS
565690;565691;HAS_ADDRESS
565695;565696;HAS_ADDRESS
565700;565701;HAS_ADDRESS
565705;565706;HAS_ADDRESS
565710;565711;HAS_ADDRESS
565715;565716;HAS_ADDRESS
565720;565721;HAS_ADDRESS
565725;565726;HAS_ADDRESS
565730;565731;HAS_ADDRESS
565735;565736;HAS_ADDRESS
565740;565741;HAS_ADDRESS
565745;565746;HAS_ADDRESS
565750;565751;HAS_ADDRESS
565755;565756;HAS_ADDRESS
565760;565761;HAS_ADDRESS
565765;565766;HAS_ADDRESS
565770;565771;HAS_ADDRESS
565775;565776;HAS_ADDRESS
565780;565781;HAS_ADDRESS
565785;565786;HAS_ADDRESS
565790;565791;HAS_ADDRESS
565795;565796;HAS_ADDRESS
565800;565801;HAS_ADDRESS
565805;565806;HAS_ADDRESS
565810;565811;HAS_ADDRESS
565815;565816;HAS_ADDRESS
565820;565821;HAS_ADDRESS
565825;565826;HAS_ADDRESS
565830;565831;HAS_ADDRESS
565835;565836;HAS_ADDRESS
565840;565841;HAS_ADDRESS
565845;565846;HAS_ADDRESS
565850;565851;HAS_ADDRESS
565855;565856;HAS_ADDRESS
565860;565861;HAS_ADDRESS
565865;565866;HAS_ADDRESS
565870;565871;HAS_ADDRESS
565875;565876;HAS_ADDRESS
565880;565881;HAS_ADDRESS
565885;565886;HAS_ADDRESS
565890;565891;HAS_ADDRESS
565895;565896;HAS_ADDRESS
565900;565901;HAS_ADDRESS
565905;565906;HAS_ADDRESS
565910;565911;HAS_ADDRESS
565915;565916;HAS_ADDRESS
565920;565921;HAS_ADDRESS
565925;565926;HAS_ADDRESS
565930;565931;HAS_ADDRESS
565935;565936;HAS_ADDRESS
565940;565941;HAS_ADDRESS
565945;565946;HAS_ADDRESS
565950;565951;HAS_ADDRESS
565955;565956;HAS_ADDRESS
565960;565961;HAS_ADDRESS
565965;565966;HAS_ADDRESS
565970;565971;HAS_ADDRESS
565975;565976;HAS_ADDRESS
565980;565981;HAS_ADDRESS
565985;565986;HAS_ADDRESS
565990;565991;HAS_ADDRESS
565995;565996;HAS_ADDRESS
566000;566001;HAS_ADDRESS
566005;566006;HAS_ADDRESS
566010;566011;HAS_ADDRESS
566015;566016;HAS_ADDRESS
566020;566021;HAS_ADDRESS
566025;566026;HAS_ADDRESS
566030;566031;HAS_ADDRESS
566035;566036;HAS_ADDRESS
566040;566041;HAS_ADDRESS
566045;566046;HAS_ADDRESS
566050;566051;HAS_ADDRESS
566055;566056;HAS_ADDRESS
566060;566061;HAS_ADDRESS
566065;566066;HAS_ADDRESS
566070;566071;HAS_ADDRESS
566075;566076;HAS_ADDRESS
566080;566081;HAS_ADDRESS
566085;566086;HAS_ADDRESS
566090;566091;HAS_ADDRESS
566095;566096;HAS_ADDRESS
566100;566101;HAS_ADDRESS
566105;566106;HAS_ADDRESS
566110;566111;HAS_ADDRESS
566115;566116;HAS_ADDRESS
566120;566121;HAS_ADDRESS
566125;566126;HAS_ADDRESS
566130;566131;HAS_ADDRESS
566135;566136;HAS_ADDRESS
566140;566141;HAS_ADDRESS
566145;566146;HAS_ADDRESS
566150;566151;HAS_ADDRESS
566155;566156;HAS_ADDRESS
566160;566161;HAS_ADDRESS
566165;566166;HAS_ADDRESS
566170;566171;HAS_ADDRESS
566175;566176;HAS_ADDRESS
566180;566181;HAS_ADDRESS
566185;566186;HAS_ADDRESS
566190;566191;HAS_ADDRESS
566195;566196;HAS_ADDRESS
566200;566201;HAS_ADDRESS
566205;566206;HAS_ADDRESS
566210;566211;HAS_ADDRESS
566215;566216;HAS_ADDRESS
566220;566221;HAS_ADDRESS
566225;566226;HAS_ADDRESS
566230;566231;HAS_ADDRESS
566235;566236;HAS_ADDRESS
566240;566241;HAS_ADDRESS
566245;566246;HAS_ADDRESS
566250;566251;HAS_ADDRESS
566255;566256;HAS_ADDRESS
566260;566261;HAS_ADDRESS
566265;566266;HAS_ADDRESS
566270;566271;HAS_ADDRESS
566275;566276;HAS_ADDRESS
566280;566281;HAS_ADDRESS
566285;566286;HAS_ADDRESS
566290;566291;HAS_ADDRESS
566295;566296;HAS_ADDRESS
566300;566301;HAS_ADDRESS
566305;566306;HAS_ADDRESS
566310;566311;HAS_ADDRESS
566315;566316;HAS_ADDRESS
566320;566321;HAS_ADDRESS
566325;566326;HAS_ADDRESS
566330;566331;HAS_ADDRESS
566335;566336;HAS_ADDRESS
566340;566341;HAS_ADDRESS
566345;566346;HAS_ADDRESS
566350;566351;HAS_ADDRESS
566355;566356;HAS_ADDRESS
566360;566361;HAS_ADDRESS
566365;566366;HAS_ADDRESS
566370;566371;HAS_ADDRESS
566375;566376;HAS_ADDRESS
566380;566381;HAS_ADDRESS
566385;566386;HAS_ADDRESS
566390;566391;HAS_ADDRESS
566395;566396;HAS_ADDRESS
566400;566401;HAS_ADDRESS
566405;566406;HAS_ADDRESS
566410;566411;HAS_ADDRESS
566415;566416;HAS_ADDRESS
566420;566421;HAS_ADDRESS
566425;566426;HAS_ADDRESS
566430;566431;HAS_ADDRESS
566435;566436;HAS_ADDRESS
566440;566441;HAS_ADDRESS
566445;566446;HAS_ADDRESS
566450;566451;HAS_ADDRESS
566455;566456;HAS_ADDRESS
566460;566461;HAS_ADDRESS
566465;566466;HAS_ADDRESS
566470;566471;HAS_ADDRESS
566475;566476;HAS_ADDRESS
566480;566481;HAS_ADDRESS
566485;566486;HAS_ADDRESS
566490;566491;HAS_ADDRESS
566495;566496;HAS_ADDRESS
566500;566501;HAS_ADDRESS
566505;566506;HAS_ADDRESS
566510;566511;HAS_ADDRESS
566515;566516;HAS_ADDRESS
566520;566521;HAS_ADDRESS
566525;566526;HAS_ADDRESS
566530;566531;HAS_ADDRESS
566535;566536;HAS_ADDRESS
566540;566541;HAS_ADDRESS
566545;566546;HAS_ADDRESS
566550;566551;HAS_ADDRESS
566555;566556;HAS_ADDRESS
566560;566561;HAS_ADDRESS
566565;566566;HAS_ADDRESS
566570;566571;HAS_ADDRESS
566575;566576;HAS_ADDRESS
566580;566581;HAS_ADDRESS
566585;566586;HAS_ADDRESS
566590;566591;HAS_ADDRESS
566595;566596;HAS_ADDRESS
566600;566601;HAS_ADDRESS
566605;566606;HAS_ADDRESS
566610;566611;HAS_ADDRESS
566615;566616;HAS_ADDRESS
566620;566621;HAS_ADDRESS
566625;566626;HAS_ADDRESS
566630;566631;HAS_ADDRESS
566635;566636;HAS_ADDRESS
566640;566641;HAS_ADDRESS
566645;566646;HAS_ADDRESS
566650;566651;HAS_ADDRESS
566655;566656;HAS_ADDRESS
566660;566661;HAS_ADDRESS
566665;566666;HAS_ADDRESS
566670;566671;HAS_ADDRESS
566675;566676;HAS_ADDRESS
566680;566681;HAS_ADDRESS
566685;566686;HAS_ADDRESS
566690;566691;HAS_ADDRESS
566695;566696;HAS_ADDRESS
566700;566701;HAS_ADDRESS
566705;566706;HAS_ADDRESS
566710;566711;HAS_ADDRESS
566715;566716;HAS_ADDRESS
566720;566721;HAS_ADDRESS
566725;566726;HAS_ADDRESS
566730;566731;HAS_ADDRESS
566735;566736;HAS_ADDRESS
566740;566741;HAS_ADDRESS
566745;566746;HAS_ADDRESS
566750;566751;HAS_ADDRESS
566755;566756;HAS_ADDRESS
566760;566761;HAS_ADDRESS
566765;566766;HAS_ADDRESS
566770;566771;HAS_ADDRESS
566775;566776;HAS_ADDRESS
566780;566781;HAS_ADDRESS
566785;566786;HAS_ADDRESS
566790;566791;HAS_ADDRESS
566795;566796;HAS_ADDRESS
566800;566801;HAS_ADDRESS
566805;566806;HAS_ADDRESS
566810;566811;HAS_ADDRESS
566815;566816;HAS_ADDRESS
566820;566821;HAS_ADDRESS
566825;566826;HAS_ADDRESS
566830;566831;HAS_ADDRESS
566835;566836;HAS_ADDRESS
566840;566841;HAS_ADDRESS
566845;566846;HAS_ADDRESS
566850;566851;HAS_ADDRESS
566855;566856;HAS_ADDRESS
566860;566861;HAS_ADDRESS
566865;566866;HAS_ADDRESS
566870;566871;HAS_ADDRESS
566875;566876;HAS_ADDRESS
566880;566881;HAS_ADDRESS
566885;566886;HAS_ADDRESS
566890;566891;HAS_ADDRESS
566895;566896;HAS_ADDRESS
566900;566901;HAS_ADDRESS
566905;566906;HAS_ADDRESS
566910;566911;HAS_ADDRESS
566915;566916;HAS_ADDRESS
566920;566921;HAS_ADDRESS
566925;566926;HAS_ADDRESS
566930;566931;HAS_ADDRESS
566935;566936;HAS_ADDRESS
566940;566941;HAS_ADDRESS
566945;566946;HAS_ADDRESS
566950;566951;HAS_ADDRESS
566955;566956;HAS_ADDRESS
566960;566961;HAS_ADDRESS
566965;566966;HAS_ADDRESS
566970;566971;HAS_ADDRESS
566975;566976;HAS_ADDRESS
566980;566981;HAS_ADDRESS
566985;566986;HAS_ADDRESS
566990;566991;HAS_ADDRESS
566995;566996;HAS_ADDRESS
567000;567001;HAS_ADDRESS
567005;567006;HAS_ADDRESS
567010;567011;HAS_ADDRESS
567015;567016;HAS_ADDRESS
567020;567021;HAS_ADDRESS
567025;567026;HAS_ADDRESS
567030;567031;HAS_ADDRESS
567035;567036;HAS_ADDRESS
567040;567041;HAS_ADDRESS
567045;567046;HAS_ADDRESS
567050;567051;HAS_ADDRESS
567055;567056;HAS_ADDRESS
567060;567061;HAS_ADDRESS
567065;567066;HAS_ADDRESS
567070;567071;HAS_ADDRESS
567075;567076;HAS_ADDRESS
567080;567081;HAS_ADDRESS
567085;567086;HAS_ADDRESS
567090;567091;HAS_ADDRESS
567095;567096;HAS_ADDRESS
567100;567101;HAS_ADDRESS
567105;567106;HAS_ADDRESS
567110;567111;HAS_ADDRESS
567115;567116;HAS_ADDRESS
567120;567121;HAS_ADDRESS
567125;567126;HAS_ADDRESS
567130;567131;HAS_ADDRESS
567135;567136;HAS_ADDRESS
567140;567141;HAS_ADDRESS
567145;567146;HAS_ADDRESS
567150;567151;HAS_ADDRESS
567155;567156;HAS_ADDRESS
567160;567161;HAS_ADDRESS
567165;567166;HAS_ADDRESS
567170;567171;HAS_ADDRESS
567175;567176;HAS_ADDRESS
567180;567181;HAS_ADDRESS
567185;567186;HAS_ADDRESS
567190;567191;HAS_ADDRESS
567195;567196;HAS_ADDRESS
567200;567201;HAS_ADDRESS
567205;567206;HAS_ADDRESS
567210;567211;HAS_ADDRESS
567215;567216;HAS_ADDRESS
567220;567221;HAS_ADDRESS
567225;567226;HAS_ADDRESS
567230;567231;HAS_ADDRESS
567235;567236;HAS_ADDRESS
567240;567241;HAS_ADDRESS
567245;567246;HAS_ADDRESS
567250;567251;HAS_ADDRESS
567255;567256;HAS_ADDRESS
567260;567261;HAS_ADDRESS
567265;567266;HAS_ADDRESS
567270;567271;HAS_ADDRESS
567275;567276;HAS_ADDRESS
567280;567281;HAS_ADDRESS
567285;567286;HAS_ADDRESS
567290;567291;HAS_ADDRESS
567295;567296;HAS_ADDRESS
567300;567301;HAS_ADDRESS
567305;567306;HAS_ADDRESS
567310;567311;HAS_ADDRESS
567315;567316;HAS_ADDRESS
567320;567321;HAS_ADDRESS
567325;567326;HAS_ADDRESS
567330;567331;HAS_ADDRESS
567335;567336;HAS_ADDRESS
567340;567341;HAS_ADDRESS
567345;567346;HAS_ADDRESS
567350;567351;HAS_ADDRESS
567355;567356;HAS_ADDRESS
567360;567361;HAS_ADDRESS
567365;567366;HAS_ADDRESS
567370;567371;HAS_ADDRESS
567375;567376;HAS_ADDRESS
567380;567381;HAS_ADDRESS
567385;567386;HAS_ADDRESS
567390;567391;HAS_ADDRESS
567395;567396;HAS_ADDRESS
567400;567401;HAS_ADDRESS
567405;567406;HAS_ADDRESS
567410;567411;HAS_ADDRESS
567415;567416;HAS_ADDRESS
567420;567421;HAS_ADDRESS
567425;567426;HAS_ADDRESS
567430;567431;HAS_ADDRESS
567435;567436;HAS_ADDRESS
567440;567441;HAS_ADDRESS
567445;567446;HAS_ADDRESS
567450;567451;HAS_ADDRESS
567455;567456;HAS_ADDRESS
567460;567461;HAS_ADDRESS
567465;567466;HAS_ADDRESS
567470;567471;HAS_ADDRESS
567475;567476;HAS_ADDRESS
567480;567481;HAS_ADDRESS
567485;567486;HAS_ADDRESS
567490;567491;HAS_ADDRESS
567495;567496;HAS_ADDRESS
567500;567501;HAS_ADDRESS
567505;567506;HAS_ADDRESS
567510;567511;HAS_ADDRESS
567515;567516;HAS_ADDRESS
567520;567521;HAS_ADDRESS
567525;567526;HAS_ADDRESS
567530;567531;HAS_ADDRESS
567535;567536;HAS_ADDRESS
567540;567541;HAS_ADDRESS
567545;567546;HAS_ADDRESS
567550;567551;HAS_ADDRESS
567555;567556;HAS_ADDRESS
567560;567561;HAS_ADDRESS
567565;567566;HAS_ADDRESS
567570;567571;HAS_ADDRESS
567575;567576;HAS_ADDRESS
567580;567581;HAS_ADDRESS
567585;567586;HAS_ADDRESS
567590;567591;HAS_ADDRESS
567595;567596;HAS_ADDRESS
567600;567601;HAS_ADDRESS
567605;567606;HAS_ADDRESS
567610;567611;HAS_ADDRESS
567615;567616;HAS_ADDRESS
567620;567621;HAS_ADDRESS
567625;567626;HAS_ADDRESS
567630;567631;HAS_ADDRESS
567635;567636;HAS_ADDRESS
567640;567641;HAS_ADDRESS
567645;567646;HAS_ADDRESS
567650;567651;HAS_ADDRESS
567655;567656;HAS_ADDRESS
567660;567661;HAS_ADDRESS
567665;567666;HAS_ADDRESS
567670;567671;HAS_ADDRESS
567675;567676;HAS_ADDRESS
567680;567681;HAS_ADDRESS
567685;567686;HAS_ADDRESS
567690;567691;HAS_ADDRESS
567695;567696;HAS_ADDRESS
567700;567701;HAS_ADDRESS
567705;567706;HAS_ADDRESS
567710;567711;HAS_ADDRESS
567715;567716;HAS_ADDRESS
567720;567721;HAS_ADDRESS
567725;567726;HAS_ADDRESS
567730;567731;HAS_ADDRESS
567735;567736;HAS_ADDRESS
567740;567741;HAS_ADDRESS
567745;567746;HAS_ADDRESS
567750;567751;HAS_ADDRESS
567755;567756;HAS_ADDRESS
567760;567761;HAS_ADDRESS
567765;567766;HAS_ADDRESS
567770;567771;HAS_ADDRESS
567775;567776;HAS_ADDRESS
567780;567781;HAS_ADDRESS
567785;567786;HAS_ADDRESS
567790;567791;HAS_ADDRESS
567795;567796;HAS_ADDRESS
567800;567801;HAS_ADDRESS
567805;567806;HAS_ADDRESS
567810;567811;HAS_ADDRESS
567815;567816;HAS_ADDRESS
567820;567821;HAS_ADDRESS
567825;567826;HAS_ADDRESS
567830;567831;HAS_ADDRESS
567835;567836;HAS_ADDRESS
567840;567841;HAS_ADDRESS
567845;567846;HAS_ADDRESS
567850;567851;HAS_ADDRESS
567855;567856;HAS_ADDRESS
567860;567861;HAS_ADDRESS
567865;567866;HAS_ADDRESS
567870;567871;HAS_ADDRESS
567875;567876;HAS_ADDRESS
567880;567881;HAS_ADDRESS
567885;567886;HAS_ADDRESS
567890;567891;HAS_ADDRESS
567895;567896;HAS_ADDRESS
567900;567901;HAS_ADDRESS
567905;567906;HAS_ADDRESS
567910;567911;HAS_ADDRESS
567915;567916;HAS_ADDRESS
567920;567921;HAS_ADDRESS
567925;567926;HAS_ADDRESS
567930;567931;HAS_ADDRESS
567935;567936;HAS_ADDRESS
567940;567941;HAS_ADDRESS
567945;567946;HAS_ADDRESS
567950;567951;HAS_ADDRESS
567955;567956;HAS_ADDRESS
567960;567961;HAS_ADDRESS
567965;567966;HAS_ADDRESS
567970;567971;HAS_ADDRESS
567975;567976;HAS_ADDRESS
567980;567981;HAS_ADDRESS
567985;567986;HAS_ADDRESS
567990;567991;HAS_ADDRESS
567995;567996;HAS_ADDRESS
568000;568001;HAS_ADDRESS
568005;568006;HAS_ADDRESS
568010;568011;HAS_ADDRESS
568015;568016;HAS_ADDRESS
568020;568021;HAS_ADDRESS
568025;568026;HAS_ADDRESS
568030;568031;HAS_ADDRESS
568035;568036;HAS_ADDRESS
568040;568041;HAS_ADDRESS
568045;568046;HAS_ADDRESS
568050;568051;HAS_ADDRESS
568055;568056;HAS_ADDRESS
568060;568061;HAS_ADDRESS
568065;568066;HAS_ADDRESS
568070;568071;HAS_ADDRESS
568075;568076;HAS_ADDRESS
568080;568081;HAS_ADDRESS
568085;568086;HAS_ADDRESS
568090;568091;HAS_ADDRESS
568095;568096;HAS_ADDRESS
568100;568101;HAS_ADDRESS
568105;568106;HAS_ADDRESS
568110;568111;HAS_ADDRESS
568115;568116;HAS_ADDRESS
568120;568121;HAS_ADDRESS
568125;568126;HAS_ADDRESS
568130;568131;HAS_ADDRESS
568135;568136;HAS_ADDRESS
568140;568141;HAS_ADDRESS
568145;568146;HAS_ADDRESS
568150;568151;HAS_ADDRESS
568155;568156;HAS_ADDRESS
568160;568161;HAS_ADDRESS
568165;568166;HAS_ADDRESS
568170;568171;HAS_ADDRESS
568175;568176;HAS_ADDRESS
568180;568181;HAS_ADDRESS
568185;568186;HAS_ADDRESS
568190;568191;HAS_ADDRESS
568195;568196;HAS_ADDRESS
568200;568201;HAS_ADDRESS
568205;568206;HAS_ADDRESS
568210;568211;HAS_ADDRESS
568215;568216;HAS_ADDRESS
568220;568221;HAS_ADDRESS
568225;568226;HAS_ADDRESS
568230;568231;HAS_ADDRESS
568235;568236;HAS_ADDRESS
568240;568241;HAS_ADDRESS
568245;568246;HAS_ADDRESS
568250;568251;HAS_ADDRESS
568255;568256;HAS_ADDRESS
568260;568261;HAS_ADDRESS
568265;568266;HAS_ADDRESS
568270;568271;HAS_ADDRESS
568275;568276;HAS_ADDRESS
568280;568281;HAS_ADDRESS
568285;568286;HAS_ADDRESS
568290;568291;HAS_ADDRESS
568295;568296;HAS_ADDRESS
568300;568301;HAS_ADDRESS
568305;568306;HAS_ADDRESS
568310;568311;HAS_ADDRESS
568315;568316;HAS_ADDRESS
568320;568321;HAS_ADDRESS
568325;568326;HAS_ADDRESS
568330;568331;HAS_ADDRESS
568335;568336;HAS_ADDRESS
568340;568341;HAS_ADDRESS
568345;568346;HAS_ADDRESS
568350;568351;HAS_ADDRESS
568355;568356;HAS_ADDRESS
568360;568361;HAS_ADDRESS
568365;568366;HAS_ADDRESS
568370;568371;HAS_ADDRESS
568375;568376;HAS_ADDRESS
568380;568381;HAS_ADDRESS
568385;568386;HAS_ADDRESS
568390;568391;HAS_ADDRESS
568395;568396;HAS_ADDRESS
568400;568401;HAS_ADDRESS
568405;568406;HAS_ADDRESS
568410;568411;HAS_ADDRESS
568415;568416;HAS_ADDRESS
568420;568421;HAS_ADDRESS
568425;568426;HAS_ADDRESS
568430;568431;HAS_ADDRESS
568435;568436;HAS_ADDRESS
568440;568441;HAS_ADDRESS
568445;568446;HAS_ADDRESS
568450;568451;HAS_ADDRESS
568455;568456;HAS_ADDRESS
568460;568461;HAS_ADDRESS
568465;568466;HAS_ADDRESS
568470;568471;HAS_ADDRESS
568475;568476;HAS_ADDRESS
568480;568481;HAS_ADDRESS
568485;568486;HAS_ADDRESS
568490;568491;HAS_ADDRESS
568495;568496;HAS_ADDRESS
568500;568501;HAS_ADDRESS
568505;568506;HAS_ADDRESS
568510;568511;HAS_ADDRESS
568515;568516;HAS_ADDRESS
568520;568521;HAS_ADDRESS
568525;568526;HAS_ADDRESS
568530;568531;HAS_ADDRESS
568535;568536;HAS_ADDRESS
568540;568541;HAS_ADDRESS
568545;568546;HAS_ADDRESS
568550;568551;HAS_ADDRESS
568555;568556;HAS_ADDRESS
568560;568561;HAS_ADDRESS
568565;568566;HAS_ADDRESS
568570;568571;HAS_ADDRESS
568575;568576;HAS_ADDRESS
568580;568581;HAS_ADDRESS
568585;568586;HAS_ADDRESS
568590;568591;HAS_ADDRESS
568595;568596;HAS_ADDRESS
568600;568601;HAS_ADDRESS
568605;568606;HAS_ADDRESS
568610;568611;HAS_ADDRESS
568615;568616;HAS_ADDRESS
568620;568621;HAS_ADDRESS
568625;568626;HAS_ADDRESS
568630;568631;HAS_ADDRESS
568635;568636;HAS_ADDRESS
568640;568641;HAS_ADDRESS
568645;568646;HAS_ADDRESS
568650;568651;HAS_ADDRESS
568655;568656;HAS_ADDRESS
568660;568661;HAS_ADDRESS
568665;568666;HAS_ADDRESS
568670;568671;HAS_ADDRESS
568675;568676;HAS_ADDRESS
568680;568681;HAS_ADDRESS
568685;568686;HAS_ADDRESS
568690;568691;HAS_ADDRESS
568695;568696;HAS_ADDRESS
568700;568701;HAS_ADDRESS
568705;568706;HAS_ADDRESS
568710;568711;HAS_ADDRESS
568715;568716;HAS_ADDRESS
568720;568721;HAS_ADDRESS
568725;568726;HAS_ADDRESS
568730;568731;HAS_ADDRESS
568735;568736;HAS_ADDRESS
568740;568741;HAS_ADDRESS
568745;568746;HAS_ADDRESS
568750;568751;HAS_ADDRESS
568755;568756;HAS_ADDRESS
568760;568761;HAS_ADDRESS
568765;568766;HAS_ADDRESS
568770;568771;HAS_ADDRESS
568775;568776;HAS_ADDRESS
568780;568781;HAS_ADDRESS
568785;568786;HAS_ADDRESS
568790;568791;HAS_ADDRESS
568795;568796;HAS_ADDRESS
568800;568801;HAS_ADDRESS
568805;568806;HAS_ADDRESS
568810;568811;HAS_ADDRESS
568815;568816;HAS_ADDRESS
568820;568821;HAS_ADDRESS
568825;568826;HAS_ADDRESS
568830;568831;HAS_ADDRESS
568835;568836;HAS_ADDRESS
568840;568841;HAS_ADDRESS
568845;568846;HAS_ADDRESS
568850;568851;HAS_ADDRESS
568855;568856;HAS_ADDRESS
568860;568861;HAS_ADDRESS
568865;568866;HAS_ADDRESS
568870;568871;HAS_ADDRESS
568875;568876;HAS_ADDRESS
568880;568881;HAS_ADDRESS
568885;568886;HAS_ADDRESS
568890;568891;HAS_ADDRESS
568895;568896;HAS_ADDRESS
568900;568901;HAS_ADDRESS
568905;568906;HAS_ADDRESS
568910;568911;HAS_ADDRESS
568915;568916;HAS_ADDRESS
568920;568921;HAS_ADDRESS
568925;568926;HAS_ADDRESS
568930;568931;HAS_ADDRESS
568935;568936;HAS_ADDRESS
568940;568941;HAS_ADDRESS
568945;568946;HAS_ADDRESS
568950;568951;HAS_ADDRESS
568955;568956;HAS_ADDRESS
568960;568961;HAS_ADDRESS
568965;568966;HAS_ADDRESS
568970;568971;HAS_ADDRESS
568975;568976;HAS_ADDRESS
568980;568981;HAS_ADDRESS
568985;568986;HAS_ADDRESS
568990;568991;HAS_ADDRESS
568995;568996;HAS_ADDRESS
569000;569001;HAS_ADDRESS
569005;569006;HAS_ADDRESS
569010;569011;HAS_ADDRESS
569015;569016;HAS_ADDRESS
569020;569021;HAS_ADDRESS
569025;569026;HAS_ADDRESS
569030;569031;HAS_ADDRESS
569035;569036;HAS_ADDRESS
569040;569041;HAS_ADDRESS
569045;569046;HAS_ADDRESS
569050;569051;HAS_ADDRESS
569055;569056;HAS_ADDRESS
569060;569061;HAS_ADDRESS
569065;569066;HAS_ADDRESS
569070;569071;HAS_ADDRESS
569075;569076;HAS_ADDRESS
569080;569081;HAS_ADDRESS
569085;569086;HAS_ADDRESS
569090;569091;HAS_ADDRESS
569095;569096;HAS_ADDRESS
569100;569101;HAS_ADDRESS
569105;569106;HAS_ADDRESS
569110;569111;HAS_ADDRESS
569115;569116;HAS_ADDRESS
569120;569121;HAS_ADDRESS
569125;569126;HAS_ADDRESS
569130;569131;HAS_ADDRESS
569135;569136;HAS_ADDRESS
569140;569141;HAS_ADDRESS
569145;569146;HAS_ADDRESS
569150;569151;HAS_ADDRESS
569155;569156;HAS_ADDRESS
569160;569161;HAS_ADDRESS
569165;569166;HAS_ADDRESS
569170;569171;HAS_ADDRESS
569175;569176;HAS_ADDRESS
569180;569181;HAS_ADDRESS
569185;569186;HAS_ADDRESS
569190;569191;HAS_ADDRESS
569195;569196;HAS_ADDRESS
569200;569201;HAS_ADDRESS
569205;569206;HAS_ADDRESS
569210;569211;HAS_ADDRESS
569215;569216;HAS_ADDRESS
569220;569221;HAS_ADDRESS
569225;569226;HAS_ADDRESS
569230;569231;HAS_ADDRESS
569235;569236;HAS_ADDRESS
569240;569241;HAS_ADDRESS
569245;569246;HAS_ADDRESS
569250;569251;HAS_ADDRESS
569255;569256;HAS_ADDRESS
569260;569261;HAS_ADDRESS
569265;569266;HAS_ADDRESS
569270;569271;HAS_ADDRESS
569275;569276;HAS_ADDRESS
569280;569281;HAS_ADDRESS
569285;569286;HAS_ADDRESS
569290;569291;HAS_ADDRESS
569295;569296;HAS_ADDRESS
569300;569301;HAS_ADDRESS
569305;569306;HAS_ADDRESS
569310;569311;HAS_ADDRESS
569315;569316;HAS_ADDRESS
569320;569321;HAS_ADDRESS
569325;569326;HAS_ADDRESS
569330;569331;HAS_ADDRESS
569335;569336;HAS_ADDRESS
569340;569341;HAS_ADDRESS
569345;569346;HAS_ADDRESS
569350;569351;HAS_ADDRESS
569355;569356;HAS_ADDRESS
569360;569361;HAS_ADDRESS
569365;569366;HAS_ADDRESS
569370;569371;HAS_ADDRESS
569375;569376;HAS_ADDRESS
569380;569381;HAS_ADDRESS
569385;569386;HAS_ADDRESS
569390;569391;HAS_ADDRESS
569395;569396;HAS_ADDRESS
569400;569401;HAS_ADDRESS
569405;569406;HAS_ADDRESS
569410;569411;HAS_ADDRESS
569415;569416;HAS_ADDRESS
569420;569421;HAS_ADDRESS
569425;569426;HAS_ADDRESS
569430;569431;HAS_ADDRESS
569435;569436;HAS_ADDRESS
569440;569441;HAS_ADDRESS
569445;569446;HAS_ADDRESS
569450;569451;HAS_ADDRESS
569455;569456;HAS_ADDRESS
569460;569461;HAS_ADDRESS
569465;569466;HAS_ADDRESS
569470;569471;HAS_ADDRESS
569475;569476;HAS_ADDRESS
569480;569481;HAS_ADDRESS
569485;569486;HAS_ADDRESS
569490;569491;HAS_ADDRESS
569495;569496;HAS_ADDRESS
569500;569501;HAS_ADDRESS
569505;569506;HAS_ADDRESS
569510;569511;HAS_ADDRESS
569515;569516;HAS_ADDRESS
569520;569521;HAS_ADDRESS
569525;569526;HAS_ADDRESS
569530;569531;HAS_ADDRESS
569535;569536;HAS_ADDRESS
569540;569541;HAS_ADDRESS
569545;569546;HAS_ADDRESS
569550;569551;HAS_ADDRESS
569555;569556;HAS_ADDRESS
569560;569561;HAS_ADDRESS
569565;569566;HAS_ADDRESS
569570;569571;HAS_ADDRESS
569575;569576;HAS_ADDRESS
569580;569581;HAS_ADDRESS
569585;569586;HAS_ADDRESS
569590;569591;HAS_ADDRESS
569595;569596;HAS_ADDRESS
569600;569601;HAS_ADDRESS
569605;569606;HAS_ADDRESS
569610;569611;HAS_ADDRESS
569615;569616;HAS_ADDRESS
569620;569621;HAS_ADDRESS
569625;569626;HAS_ADDRESS
569630;569631;HAS_ADDRESS
569635;569636;HAS_ADDRESS
569640;569641;HAS_ADDRESS
569645;569646;HAS_ADDRESS
569650;569651;HAS_ADDRESS
569655;569656;HAS_ADDRESS
569660;569661;HAS_ADDRESS
569665;569666;HAS_ADDRESS
569670;569671;HAS_ADDRESS
569675;569676;HAS_ADDRESS
569680;569681;HAS_ADDRESS
569685;569686;HAS_ADDRESS
569690;569691;HAS_ADDRESS
569695;569696;HAS_ADDRESS
569700;569701;HAS_ADDRESS
569705;569706;HAS_ADDRESS
569710;569711;HAS_ADDRESS
569715;569716;HAS_ADDRESS
569720;569721;HAS_ADDRESS
569725;569726;HAS_ADDRESS
569730;569731;HAS_ADDRESS
569735;569736;HAS_ADDRESS
569740;569741;HAS_ADDRESS
569745;569746;HAS_ADDRESS
569750;569751;HAS_ADDRESS
569755;569756;HAS_ADDRESS
569760;569761;HAS_ADDRESS
569765;569766;HAS_ADDRESS
569770;569771;HAS_ADDRESS
569775;569776;HAS_ADDRESS
569780;569781;HAS_ADDRESS
569785;569786;HAS_ADDRESS
569790;569791;HAS_ADDRESS
569795;569796;HAS_ADDRESS
569800;569801;HAS_ADDRESS
569805;569806;HAS_ADDRESS
569810;569811;HAS_ADDRESS
569815;569816;HAS_ADDRESS
569820;569821;HAS_ADDRESS
569825;569826;HAS_ADDRESS
569830;569831;HAS_ADDRESS
569835;569836;HAS_ADDRESS
569840;569841;HAS_ADDRESS
569845;569846;HAS_ADDRESS
569850;569851;HAS_ADDRESS
569855;569856;HAS_ADDRESS
569860;569861;HAS_ADDRESS
569865;569866;HAS_ADDRESS
569870;569871;HAS_ADDRESS
569875;569876;HAS_ADDRESS
569880;569881;HAS_ADDRESS
569885;569886;HAS_ADDRESS
569890;569891;HAS_ADDRESS
569895;569896;HAS_ADDRESS
569900;569901;HAS_ADDRESS
569905;569906;HAS_ADDRESS
569910;569911;HAS_ADDRESS
569915;569916;HAS_ADDRESS
569920;569921;HAS_ADDRESS
569925;569926;HAS_ADDRESS
569930;569931;HAS_ADDRESS
569935;569936;HAS_ADDRESS
569940;569941;HAS_ADDRESS
569945;569946;HAS_ADDRESS
569950;569951;HAS_ADDRESS
569955;569956;HAS_ADDRESS
569960;569961;HAS_ADDRESS
569965;569966;HAS_ADDRESS
569970;569971;HAS_ADDRESS
569975;569976;HAS_ADDRESS
569980;569981;HAS_ADDRESS
569985;569986;HAS_ADDRESS
569990;569991;HAS_ADDRESS
569995;569996;HAS_ADDRESS
570000;570001;HAS_ADDRESS
570005;570006;HAS_ADDRESS
570010;570011;HAS_ADDRESS
570015;570016;HAS_ADDRESS
570020;570021;HAS_ADDRESS
570025;570026;HAS_ADDRESS
570030;570031;HAS_ADDRESS
570035;570036;HAS_ADDRESS
570040;570041;HAS_ADDRESS
570045;570046;HAS_ADDRESS
570050;570051;HAS_ADDRESS
570055;570056;HAS_ADDRESS
570060;570061;HAS_ADDRESS
570065;570066;HAS_ADDRESS
570070;570071;HAS_ADDRESS
570075;570076;HAS_ADDRESS
570080;570081;HAS_ADDRESS
570085;570086;HAS_ADDRESS
570090;570091;HAS_ADDRESS
570095;570096;HAS_ADDRESS
570100;570101;HAS_ADDRESS
570105;570106;HAS_ADDRESS
570110;570111;HAS_ADDRESS
570115;570116;HAS_ADDRESS
570120;570121;HAS_ADDRESS
570125;570126;HAS_ADDRESS
570130;570131;HAS_ADDRESS
570135;570136;HAS_ADDRESS
570140;570141;HAS_ADDRESS
570145;570146;HAS_ADDRESS
570150;570151;HAS_ADDRESS
570155;570156;HAS_ADDRESS
570160;570161;HAS_ADDRESS
570165;570166;HAS_ADDRESS
570170;570171;HAS_ADDRESS
570175;570176;HAS_ADDRESS
570180;570181;HAS_ADDRESS
570185;570186;HAS_ADDRESS
570190;570191;HAS_ADDRESS
570195;570196;HAS_ADDRESS
570200;570201;HAS_ADDRESS
570205;570206;HAS_ADDRESS
570210;570211;HAS_ADDRESS
570215;570216;HAS_ADDRESS
570220;570221;HAS_ADDRESS
570225;570226;HAS_ADDRESS
570230;570231;HAS_ADDRESS
570235;570236;HAS_ADDRESS
570240;570241;HAS_ADDRESS
570245;570246;HAS_ADDRESS
570250;570251;HAS_ADDRESS
570255;570256;HAS_ADDRESS
570260;570261;HAS_ADDRESS
570265;570266;HAS_ADDRESS
570270;570271;HAS_ADDRESS
570275;570276;HAS_ADDRESS
570280;570281;HAS_ADDRESS
570285;570286;HAS_ADDRESS
570290;570291;HAS_ADDRESS
570295;570296;HAS_ADDRESS
570300;570301;HAS_ADDRESS
570305;570306;HAS_ADDRESS
570310;570311;HAS_ADDRESS
570315;570316;HAS_ADDRESS
570320;570321;HAS_ADDRESS
570325;570326;HAS_ADDRESS
570330;570331;HAS_ADDRESS
570335;570336;HAS_ADDRESS
570340;570341;HAS_ADDRESS
570345;570346;HAS_ADDRESS
570350;570351;HAS_ADDRESS
570355;570356;HAS_ADDRESS
570360;570361;HAS_ADDRESS
570365;570366;HAS_ADDRESS
570370;570371;HAS_ADDRESS
570375;570376;HAS_ADDRESS
570380;570381;HAS_ADDRESS
570385;570386;HAS_ADDRESS
570390;570391;HAS_ADDRESS
570395;570396;HAS_ADDRESS
570400;570401;HAS_ADDRESS
570405;570406;HAS_ADDRESS
570410;570411;HAS_ADDRESS
570415;570416;HAS_ADDRESS
570420;570421;HAS_ADDRESS
570425;570426;HAS_ADDRESS
570430;570431;HAS_ADDRESS
570435;570436;HAS_ADDRESS
570440;570441;HAS_ADDRESS
570445;570446;HAS_ADDRESS
570450;570451;HAS_ADDRESS
570455;570456;HAS_ADDRESS
570460;570461;HAS_ADDRESS
570465;570466;HAS_ADDRESS
570470;570471;HAS_ADDRESS
570475;570476;HAS_ADDRESS
570480;570481;HAS_ADDRESS
570485;570486;HAS_ADDRESS
570490;570491;HAS_ADDRESS
570495;570496;HAS_ADDRESS
570500;570501;HAS_ADDRESS
570505;570506;HAS_ADDRESS
570510;570511;HAS_ADDRESS
570515;570516;HAS_ADDRESS
570520;570521;HAS_ADDRESS
570525;570526;HAS_ADDRESS
570530;570531;HAS_ADDRESS
570535;570536;HAS_ADDRESS
570540;570541;HAS_ADDRESS
570545;570546;HAS_ADDRESS
570550;570551;HAS_ADDRESS
570555;570556;HAS_ADDRESS
570560;570561;HAS_ADDRESS
570565;570566;HAS_ADDRESS
570570;570571;HAS_ADDRESS
570575;570576;HAS_ADDRESS
570580;570581;HAS_ADDRESS
570585;570586;HAS_ADDRESS
570590;570591;HAS_ADDRESS
570595;570596;HAS_ADDRESS
570600;570601;HAS_ADDRESS
570605;570606;HAS_ADDRESS
570610;570611;HAS_ADDRESS
570615;570616;HAS_ADDRESS
570620;570621;HAS_ADDRESS
570625;570626;HAS_ADDRESS
570630;570631;HAS_ADDRESS
570635;570636;HAS_ADDRESS
570640;570641;HAS_ADDRESS
570645;570646;HAS_ADDRESS
570650;570651;HAS_ADDRESS
570655;570656;HAS_ADDRESS
570660;570661;HAS_ADDRESS
570665;570666;HAS_ADDRESS
570670;570671;HAS_ADDRESS
570675;570676;HAS_ADDRESS
570680;570681;HAS_ADDRESS
570685;570686;HAS_ADDRESS
570690;570691;HAS_ADDRESS
570695;570696;HAS_ADDRESS
570700;570701;HAS_ADDRESS
570705;570706;HAS_ADDRESS
570710;570711;HAS_ADDRESS
570715;570716;HAS_ADDRESS
570720;570721;HAS_ADDRESS
570725;570726;HAS_ADDRESS
570730;570731;HAS_ADDRESS
570735;570736;HAS_ADDRESS
570740;570741;HAS_ADDRESS
570745;570746;HAS_ADDRESS
570750;570751;HAS_ADDRESS
570755;570756;HAS_ADDRESS
570760;570761;HAS_ADDRESS
570765;570766;HAS_ADDRESS
570770;570771;HAS_ADDRESS
570775;570776;HAS_ADDRESS
570780;570781;HAS_ADDRESS
570785;570786;HAS_ADDRESS
570790;570791;HAS_ADDRESS
570795;570796;HAS_ADDRESS
570800;570801;HAS_ADDRESS
570805;570806;HAS_ADDRESS
570810;570811;HAS_ADDRESS
570815;570816;HAS_ADDRESS
570820;570821;HAS_ADDRESS
570825;570826;HAS_ADDRESS
570830;570831;HAS_ADDRESS
570835;570836;HAS_ADDRESS
570840;570841;HAS_ADDRESS
570845;570846;HAS_ADDRESS
570850;570851;HAS_ADDRESS
570855;570856;HAS_ADDRESS
570860;570861;HAS_ADDRESS
570865;570866;HAS_ADDRESS
570870;570871;HAS_ADDRESS
570875;570876;HAS_ADDRESS
570880;570881;HAS_ADDRESS
570885;570886;HAS_ADDRESS
570890;570891;HAS_ADDRESS
570895;570896;HAS_ADDRESS
570900;570901;HAS_ADDRESS
570905;570906;HAS_ADDRESS
570910;570911;HAS_ADDRESS
570915;570916;HAS_ADDRESS
570920;570921;HAS_ADDRESS
570925;570926;HAS_ADDRESS
570930;570931;HAS_ADDRESS
570935;570936;HAS_ADDRESS
570940;570941;HAS_ADDRESS
570945;570946;HAS_ADDRESS
570950;570951;HAS_ADDRESS
570955;570956;HAS_ADDRESS
570960;570961;HAS_ADDRESS
570965;570966;HAS_ADDRESS
570970;570971;HAS_ADDRESS
570975;570976;HAS_ADDRESS
570980;570981;HAS_ADDRESS
570985;570986;HAS_ADDRESS
570990;570991;HAS_ADDRESS
570995;570996;HAS_ADDRESS
571000;571001;HAS_ADDRESS
571005;571006;HAS_ADDRESS
571010;571011;HAS_ADDRESS
571015;571016;HAS_ADDRESS
571020;571021;HAS_ADDRESS
571025;571026;HAS_ADDRESS
571030;571031;HAS_ADDRESS
571035;571036;HAS_ADDRESS
571040;571041;HAS_ADDRESS
571045;571046;HAS_ADDRESS
571050;571051;HAS_ADDRESS
571055;571056;HAS_ADDRESS
571060;571061;HAS_ADDRESS
571065;571066;HAS_ADDRESS
571070;571071;HAS_ADDRESS
571075;571076;HAS_ADDRESS
571080;571081;HAS_ADDRESS
571085;571086;HAS_ADDRESS
571090;571091;HAS_ADDRESS
571095;571096;HAS_ADDRESS
571100;571101;HAS_ADDRESS
571105;571106;HAS_ADDRESS
571110;571111;HAS_ADDRESS
571115;571116;HAS_ADDRESS
571120;571121;HAS_ADDRESS
571125;571126;HAS_ADDRESS
571130;571131;HAS_ADDRESS
571135;571136;HAS_ADDRESS
571140;571141;HAS_ADDRESS
571145;571146;HAS_ADDRESS
571150;571151;HAS_ADDRESS
571155;571156;HAS_ADDRESS
571160;571161;HAS_ADDRESS
571165;571166;HAS_ADDRESS
571170;571171;HAS_ADDRESS
571175;571176;HAS_ADDRESS
571180;571181;HAS_ADDRESS
571185;571186;HAS_ADDRESS
571190;571191;HAS_ADDRESS
571195;571196;HAS_ADDRESS
571200;571201;HAS_ADDRESS
571205;571206;HAS_ADDRESS
571210;571211;HAS_ADDRESS
571215;571216;HAS_ADDRESS
571220;571221;HAS_ADDRESS
571225;571226;HAS_ADDRESS
571230;571231;HAS_ADDRESS
571235;571236;HAS_ADDRESS
571240;571241;HAS_ADDRESS
571245;571246;HAS_ADDRESS
571250;571251;HAS_ADDRESS
571255;571256;HAS_ADDRESS
571260;571261;HAS_ADDRESS
571265;571266;HAS_ADDRESS
571270;571271;HAS_ADDRESS
571275;571276;HAS_ADDRESS
571280;571281;HAS_ADDRESS
571285;571286;HAS_ADDRESS
571290;571291;HAS_ADDRESS
571295;571296;HAS_ADDRESS
571300;571301;HAS_ADDRESS
571305;571306;HAS_ADDRESS
571310;571311;HAS_ADDRESS
571315;571316;HAS_ADDRESS
571320;571321;HAS_ADDRESS
571325;571326;HAS_ADDRESS
571330;571331;HAS_ADDRESS
571335;571336;HAS_ADDRESS
571340;571341;HAS_ADDRESS
571345;571346;HAS_ADDRESS
571350;571351;HAS_ADDRESS
571355;571356;HAS_ADDRESS
571360;571361;HAS_ADDRESS
571365;571366;HAS_ADDRESS
571370;571371;HAS_ADDRESS
571375;571376;HAS_ADDRESS
571380;571381;HAS_ADDRESS
571385;571386;HAS_ADDRESS
571390;571391;HAS_ADDRESS
571395;571396;HAS_ADDRESS
571400;571401;HAS_ADDRESS
571405;571406;HAS_ADDRESS
571410;571411;HAS_ADDRESS
571415;571416;HAS_ADDRESS
571420;571421;HAS_ADDRESS
571425;571426;HAS_ADDRESS
571430;571431;HAS_ADDRESS
571435;571436;HAS_ADDRESS
571440;571441;HAS_ADDRESS
571445;571446;HAS_ADDRESS
571450;571451;HAS_ADDRESS
571455;571456;HAS_ADDRESS
571460;571461;HAS_ADDRESS
571465;571466;HAS_ADDRESS
571470;571471;HAS_ADDRESS
571475;571476;HAS_ADDRESS
571480;571481;HAS_ADDRESS
571485;571486;HAS_ADDRESS
571490;571491;HAS_ADDRESS
571495;571496;HAS_ADDRESS
571500;571501;HAS_ADDRESS
571505;571506;HAS_ADDRESS
571510;571511;HAS_ADDRESS
571515;571516;HAS_ADDRESS
571520;571521;HAS_ADDRESS
571525;571526;HAS_ADDRESS
571530;571531;HAS_ADDRESS
571535;571536;HAS_ADDRESS
571540;571541;HAS_ADDRESS
571545;571546;HAS_ADDRESS
571550;571551;HAS_ADDRESS
571555;571556;HAS_ADDRESS
571560;571561;HAS_ADDRESS
571565;571566;HAS_ADDRESS
571570;571571;HAS_ADDRESS
571575;571576;HAS_ADDRESS
571580;571581;HAS_ADDRESS
571585;571586;HAS_ADDRESS
571590;571591;HAS_ADDRESS
571595;571596;HAS_ADDRESS
571600;571601;HAS_ADDRESS
571605;571606;HAS_ADDRESS
571610;571611;HAS_ADDRESS
571615;571616;HAS_ADDRESS
571620;571621;HAS_ADDRESS
571625;571626;HAS_ADDRESS
571630;571631;HAS_ADDRESS
571635;571636;HAS_ADDRESS
571640;571641;HAS_ADDRESS
571645;571646;HAS_ADDRESS
571650;571651;HAS_ADDRESS
571655;571656;HAS_ADDRESS
571660;571661;HAS_ADDRESS
571665;571666;HAS_ADDRESS
571670;571671;HAS_ADDRESS
571675;571676;HAS_ADDRESS
571680;571681;HAS_ADDRESS
571685;571686;HAS_ADDRESS
571690;571691;HAS_ADDRESS
571695;571696;HAS_ADDRESS
571700;571701;HAS_ADDRESS
571705;571706;HAS_ADDRESS
571710;571711;HAS_ADDRESS
571715;571716;HAS_ADDRESS
571720;571721;HAS_ADDRESS
571725;571726;HAS_ADDRESS
571730;571731;HAS_ADDRESS
571735;571736;HAS_ADDRESS
571740;571741;HAS_ADDRESS
571745;571746;HAS_ADDRESS
571750;571751;HAS_ADDRESS
571755;571756;HAS_ADDRESS
571760;571761;HAS_ADDRESS
571765;571766;HAS_ADDRESS
571770;571771;HAS_ADDRESS
571775;571776;HAS_ADDRESS
571780;571781;HAS_ADDRESS
571785;571786;HAS_ADDRESS
571790;571791;HAS_ADDRESS
571795;571796;HAS_ADDRESS
571800;571801;HAS_ADDRESS
571805;571806;HAS_ADDRESS
571810;571811;HAS_ADDRESS
571815;571816;HAS_ADDRESS
571820;571821;HAS_ADDRESS
571825;571826;HAS_ADDRESS
571830;571831;HAS_ADDRESS
571835;571836;HAS_ADDRESS
571840;571841;HAS_ADDRESS
571845;571846;HAS_ADDRESS
571850;571851;HAS_ADDRESS
571855;571856;HAS_ADDRESS
571860;571861;HAS_ADDRESS
571865;571866;HAS_ADDRESS
571870;571871;HAS_ADDRESS
571875;571876;HAS_ADDRESS
571880;571881;HAS_ADDRESS
571885;571886;HAS_ADDRESS
571890;571891;HAS_ADDRESS
571895;571896;HAS_ADDRESS
571900;571901;HAS_ADDRESS
571905;571906;HAS_ADDRESS
571910;571911;HAS_ADDRESS
571915;571916;HAS_ADDRESS
571920;571921;HAS_ADDRESS
571925;571926;HAS_ADDRESS
571930;571931;HAS_ADDRESS
571935;571936;HAS_ADDRESS
571940;571941;HAS_ADDRESS
571945;571946;HAS_ADDRESS
571950;571951;HAS_ADDRESS
571955;571956;HAS_ADDRESS
571960;571961;HAS_ADDRESS
571965;571966;HAS_ADDRESS
571970;571971;HAS_ADDRESS
571975;571976;HAS_ADDRESS
571980;571981;HAS_ADDRESS
571985;571986;HAS_ADDRESS
571990;571991;HAS_ADDRESS
571995;571996;HAS_ADDRESS
572000;572001;HAS_ADDRESS
572005;572006;HAS_ADDRESS
572010;572011;HAS_ADDRESS
572015;572016;HAS_ADDRESS
572020;572021;HAS_ADDRESS
572025;572026;HAS_ADDRESS
572030;572031;HAS_ADDRESS
572035;572036;HAS_ADDRESS
572040;572041;HAS_ADDRESS
572045;572046;HAS_ADDRESS
572050;572051;HAS_ADDRESS
572055;572056;HAS_ADDRESS
572060;572061;HAS_ADDRESS
572065;572066;HAS_ADDRESS
572070;572071;HAS_ADDRESS
572075;572076;HAS_ADDRESS
572080;572081;HAS_ADDRESS
572085;572086;HAS_ADDRESS
572090;572091;HAS_ADDRESS
572095;572096;HAS_ADDRESS
572100;572101;HAS_ADDRESS
572105;572106;HAS_ADDRESS
572110;572111;HAS_ADDRESS
572115;572116;HAS_ADDRESS
572120;572121;HAS_ADDRESS
572125;572126;HAS_ADDRESS
572130;572131;HAS_ADDRESS
572135;572136;HAS_ADDRESS
572140;572141;HAS_ADDRESS
572145;572146;HAS_ADDRESS
572150;572151;HAS_ADDRESS
572155;572156;HAS_ADDRESS
572160;572161;HAS_ADDRESS
572165;572166;HAS_ADDRESS
572170;572171;HAS_ADDRESS
572175;572176;HAS_ADDRESS
572180;572181;HAS_ADDRESS
572185;572186;HAS_ADDRESS
572190;572191;HAS_ADDRESS
572195;572196;HAS_ADDRESS
572200;572201;HAS_ADDRESS
572205;572206;HAS_ADDRESS
572210;572211;HAS_ADDRESS
572215;572216;HAS_ADDRESS
572220;572221;HAS_ADDRESS
572225;572226;HAS_ADDRESS
572230;572231;HAS_ADDRESS
572235;572236;HAS_ADDRESS
572240;572241;HAS_ADDRESS
572245;572246;HAS_ADDRESS
572250;572251;HAS_ADDRESS
572255;572256;HAS_ADDRESS
572260;572261;HAS_ADDRESS
572265;572266;HAS_ADDRESS
572270;572271;HAS_ADDRESS
572275;572276;HAS_ADDRESS
572280;572281;HAS_ADDRESS
572285;572286;HAS_ADDRESS
572290;572291;HAS_ADDRESS
572295;572296;HAS_ADDRESS
572300;572301;HAS_ADDRESS
572305;572306;HAS_ADDRESS
572310;572311;HAS_ADDRESS
572315;572316;HAS_ADDRESS
572320;572321;HAS_ADDRESS
572325;572326;HAS_ADDRESS
572330;572331;HAS_ADDRESS
572335;572336;HAS_ADDRESS
572340;572341;HAS_ADDRESS
572345;572346;HAS_ADDRESS
572350;572351;HAS_ADDRESS
572355;572356;HAS_ADDRESS
572360;572361;HAS_ADDRESS
572365;572366;HAS_ADDRESS
572370;572371;HAS_ADDRESS
572375;572376;HAS_ADDRESS
572380;572381;HAS_ADDRESS
572385;572386;HAS_ADDRESS
572390;572391;HAS_ADDRESS
572395;572396;HAS_ADDRESS
572400;572401;HAS_ADDRESS
572405;572406;HAS_ADDRESS
572410;572411;HAS_ADDRESS
572415;572416;HAS_ADDRESS
572420;572421;HAS_ADDRESS
572425;572426;HAS_ADDRESS
572430;572431;HAS_ADDRESS
572435;572436;HAS_ADDRESS
572440;572441;HAS_ADDRESS
572445;572446;HAS_ADDRESS
572450;572451;HAS_ADDRESS
572455;572456;HAS_ADDRESS
572460;572461;HAS_ADDRESS
572465;572466;HAS_ADDRESS
572470;572471;HAS_ADDRESS
572475;572476;HAS_ADDRESS
572480;572481;HAS_ADDRESS
572485;572486;HAS_ADDRESS
572490;572491;HAS_ADDRESS
572495;572496;HAS_ADDRESS
572500;572501;HAS_ADDRESS
572505;572506;HAS_ADDRESS
572510;572511;HAS_ADDRESS
572515;572516;HAS_ADDRESS
572520;572521;HAS_ADDRESS
572525;572526;HAS_ADDRESS
572530;572531;HAS_ADDRESS
572535;572536;HAS_ADDRESS
572540;572541;HAS_ADDRESS
572545;572546;HAS_ADDRESS
572550;572551;HAS_ADDRESS
572555;572556;HAS_ADDRESS
572560;572561;HAS_ADDRESS
572565;572566;HAS_ADDRESS
572570;572571;HAS_ADDRESS
572575;572576;HAS_ADDRESS
572580;572581;HAS_ADDRESS
572585;572586;HAS_ADDRESS
572590;572591;HAS_ADDRESS
572595;572596;HAS_ADDRESS
572600;572601;HAS_ADDRESS
572605;572606;HAS_ADDRESS
572610;572611;HAS_ADDRESS
572615;572616;HAS_ADDRESS
572620;572621;HAS_ADDRESS
572625;572626;HAS_ADDRESS
572630;572631;HAS_ADDRESS
572635;572636;HAS_ADDRESS
572640;572641;HAS_ADDRESS
572645;572646;HAS_ADDRESS
572650;572651;HAS_ADDRESS
572655;572656;HAS_ADDRESS
572660;572661;HAS_ADDRESS
572665;572666;HAS_ADDRESS
572670;572671;HAS_ADDRESS
572675;572676;HAS_ADDRESS
572680;572681;HAS_ADDRESS
572685;572686;HAS_ADDRESS
572690;572691;HAS_ADDRESS
572695;572696;HAS_ADDRESS
572700;572701;HAS_ADDRESS
572705;572706;HAS_ADDRESS
572710;572711;HAS_ADDRESS
572715;572716;HAS_ADDRESS
572720;572721;HAS_ADDRESS
572725;572726;HAS_ADDRESS
572730;572731;HAS_ADDRESS
572735;572736;HAS_ADDRESS
572740;572741;HAS_ADDRESS
572745;572746;HAS_ADDRESS
572750;572751;HAS_ADDRESS
572755;572756;HAS_ADDRESS
572760;572761;HAS_ADDRESS
572765;572766;HAS_ADDRESS
572770;572771;HAS_ADDRESS
572775;572776;HAS_ADDRESS
572780;572781;HAS_ADDRESS
572785;572786;HAS_ADDRESS
572790;572791;HAS_ADDRESS
572795;572796;HAS_ADDRESS
572800;572801;HAS_ADDRESS
572805;572806;HAS_ADDRESS
572810;572811;HAS_ADDRESS
572815;572816;HAS_ADDRESS
572820;572821;HAS_ADDRESS
572825;572826;HAS_ADDRESS
572830;572831;HAS_ADDRESS
572835;572836;HAS_ADDRESS
572840;572841;HAS_ADDRESS
572845;572846;HAS_ADDRESS
572850;572851;HAS_ADDRESS
572855;572856;HAS_ADDRESS
572860;572861;HAS_ADDRESS
572865;572866;HAS_ADDRESS
572870;572871;HAS_ADDRESS
572875;572876;HAS_ADDRESS
572880;572881;HAS_ADDRESS
572885;572886;HAS_ADDRESS
572890;572891;HAS_ADDRESS
572895;572896;HAS_ADDRESS
572900;572901;HAS_ADDRESS
572905;572906;HAS_ADDRESS
572910;572911;HAS_ADDRESS
572915;572916;HAS_ADDRESS
572920;572921;HAS_ADDRESS
572925;572926;HAS_ADDRESS
572930;572931;HAS_ADDRESS
572935;572936;HAS_ADDRESS
572940;572941;HAS_ADDRESS
572945;572946;HAS_ADDRESS
572950;572951;HAS_ADDRESS
572955;572956;HAS_ADDRESS
572960;572961;HAS_ADDRESS
572965;572966;HAS_ADDRESS
572970;572971;HAS_ADDRESS
572975;572976;HAS_ADDRESS
572980;572981;HAS_ADDRESS
572985;572986;HAS_ADDRESS
572990;572991;HAS_ADDRESS
572995;572996;HAS_ADDRESS
573000;573001;HAS_ADDRESS
573005;573006;HAS_ADDRESS
573010;573011;HAS_ADDRESS
573015;573016;HAS_ADDRESS
573020;573021;HAS_ADDRESS
573025;573026;HAS_ADDRESS
573030;573031;HAS_ADDRESS
573035;573036;HAS_ADDRESS
573040;573041;HAS_ADDRESS
573045;573046;HAS_ADDRESS
573050;573051;HAS_ADDRESS
573055;573056;HAS_ADDRESS
573060;573061;HAS_ADDRESS
573065;573066;HAS_ADDRESS
573070;573071;HAS_ADDRESS
573075;573076;HAS_ADDRESS
573080;573081;HAS_ADDRESS
573085;573086;HAS_ADDRESS
573090;573091;HAS_ADDRESS
573095;573096;HAS_ADDRESS
573100;573101;HAS_ADDRESS
573105;573106;HAS_ADDRESS
573110;573111;HAS_ADDRESS
573115;573116;HAS_ADDRESS
573120;573121;HAS_ADDRESS
573125;573126;HAS_ADDRESS
573130;573131;HAS_ADDRESS
573135;573136;HAS_ADDRESS
573140;573141;HAS_ADDRESS
573145;573146;HAS_ADDRESS
573150;573151;HAS_ADDRESS
573155;573156;HAS_ADDRESS
573160;573161;HAS_ADDRESS
573165;573166;HAS_ADDRESS
573170;573171;HAS_ADDRESS
573175;573176;HAS_ADDRESS
573180;573181;HAS_ADDRESS
573185;573186;HAS_ADDRESS
573190;573191;HAS_ADDRESS
573195;573196;HAS_ADDRESS
573200;573201;HAS_ADDRESS
573205;573206;HAS_ADDRESS
573210;573211;HAS_ADDRESS
573215;573216;HAS_ADDRESS
573220;573221;HAS_ADDRESS
573225;573226;HAS_ADDRESS
573230;573231;HAS_ADDRESS
573235;573236;HAS_ADDRESS
573240;573241;HAS_ADDRESS
573245;573246;HAS_ADDRESS
573250;573251;HAS_ADDRESS
573255;573256;HAS_ADDRESS
573260;573261;HAS_ADDRESS
573265;573266;HAS_ADDRESS
573270;573271;HAS_ADDRESS
573275;573276;HAS_ADDRESS
573280;573281;HAS_ADDRESS
573285;573286;HAS_ADDRESS
573290;573291;HAS_ADDRESS
573295;573296;HAS_ADDRESS
573300;573301;HAS_ADDRESS
573305;573306;HAS_ADDRESS
573310;573311;HAS_ADDRESS
573315;573316;HAS_ADDRESS
573320;573321;HAS_ADDRESS
573325;573326;HAS_ADDRESS
573330;573331;HAS_ADDRESS
573335;573336;HAS_ADDRESS
573340;573341;HAS_ADDRESS
573345;573346;HAS_ADDRESS
573350;573351;HAS_ADDRESS
573355;573356;HAS_ADDRESS
573360;573361;HAS_ADDRESS
573365;573366;HAS_ADDRESS
573370;573371;HAS_ADDRESS
573375;573376;HAS_ADDRESS
573380;573381;HAS_ADDRESS
573385;573386;HAS_ADDRESS
573390;573391;HAS_ADDRESS
573395;573396;HAS_ADDRESS
573400;573401;HAS_ADDRESS
573405;573406;HAS_ADDRESS
573410;573411;HAS_ADDRESS
573415;573416;HAS_ADDRESS
573420;573421;HAS_ADDRESS
573425;573426;HAS_ADDRESS
573430;573431;HAS_ADDRESS
573435;573436;HAS_ADDRESS
573440;573441;HAS_ADDRESS
573445;573446;HAS_ADDRESS
573450;573451;HAS_ADDRESS
573455;573456;HAS_ADDRESS
573460;573461;HAS_ADDRESS
573465;573466;HAS_ADDRESS
573470;573471;HAS_ADDRESS
573475;573476;HAS_ADDRESS
573480;573481;HAS_ADDRESS
573485;573486;HAS_ADDRESS
573490;573491;HAS_ADDRESS
573495;573496;HAS_ADDRESS
573500;573501;HAS_ADDRESS
573505;573506;HAS_ADDRESS
573510;573511;HAS_ADDRESS
573515;573516;HAS_ADDRESS
573520;573521;HAS_ADDRESS
573525;573526;HAS_ADDRESS
573530;573531;HAS_ADDRESS
573535;573536;HAS_ADDRESS
573540;573541;HAS_ADDRESS
573545;573546;HAS_ADDRESS
573550;573551;HAS_ADDRESS
573555;573556;HAS_ADDRESS
573560;573561;HAS_ADDRESS
573565;573566;HAS_ADDRESS
573570;573571;HAS_ADDRESS
573575;573576;HAS_ADDRESS
573580;573581;HAS_ADDRESS
573585;573586;HAS_ADDRESS
573590;573591;HAS_ADDRESS
573595;573596;HAS_ADDRESS
573600;573601;HAS_ADDRESS
573605;573606;HAS_ADDRESS
573610;573611;HAS_ADDRESS
573615;573616;HAS_ADDRESS
573620;573621;HAS_ADDRESS
573625;573626;HAS_ADDRESS
573630;573631;HAS_ADDRESS
573635;573636;HAS_ADDRESS
573640;573641;HAS_ADDRESS
573645;573646;HAS_ADDRESS
573650;573651;HAS_ADDRESS
573655;573656;HAS_ADDRESS
573660;573661;HAS_ADDRESS
573665;573666;HAS_ADDRESS
573670;573671;HAS_ADDRESS
573675;573676;HAS_ADDRESS
573680;573681;HAS_ADDRESS
573685;573686;HAS_ADDRESS
573690;573691;HAS_ADDRESS
573695;573696;HAS_ADDRESS
573700;573701;HAS_ADDRESS
573705;573706;HAS_ADDRESS
573710;573711;HAS_ADDRESS
573715;573716;HAS_ADDRESS
573720;573721;HAS_ADDRESS
573725;573726;HAS_ADDRESS
573730;573731;HAS_ADDRESS
573735;573736;HAS_ADDRESS
573740;573741;HAS_ADDRESS
573745;573746;HAS_ADDRESS
573750;573751;HAS_ADDRESS
573755;573756;HAS_ADDRESS
573760;573761;HAS_ADDRESS
573765;573766;HAS_ADDRESS
573770;573771;HAS_ADDRESS
573775;573776;HAS_ADDRESS
573780;573781;HAS_ADDRESS
573785;573786;HAS_ADDRESS
573790;573791;HAS_ADDRESS
573795;573796;HAS_ADDRESS
573800;573801;HAS_ADDRESS
573805;573806;HAS_ADDRESS
573810;573811;HAS_ADDRESS
573815;573816;HAS_ADDRESS
573820;573821;HAS_ADDRESS
573825;573826;HAS_ADDRESS
573830;573831;HAS_ADDRESS
573835;573836;HAS_ADDRESS
573840;573841;HAS_ADDRESS
573845;573846;HAS_ADDRESS
573850;573851;HAS_ADDRESS
573855;573856;HAS_ADDRESS
573860;573861;HAS_ADDRESS
573865;573866;HAS_ADDRESS
573870;573871;HAS_ADDRESS
573875;573876;HAS_ADDRESS
573880;573881;HAS_ADDRESS
573885;573886;HAS_ADDRESS
573890;573891;HAS_ADDRESS
573895;573896;HAS_ADDRESS
573900;573901;HAS_ADDRESS
573905;573906;HAS_ADDRESS
573910;573911;HAS_ADDRESS
573915;573916;HAS_ADDRESS
573920;573921;HAS_ADDRESS
573925;573926;HAS_ADDRESS
573930;573931;HAS_ADDRESS
573935;573936;HAS_ADDRESS
573940;573941;HAS_ADDRESS
573945;573946;HAS_ADDRESS
573950;573951;HAS_ADDRESS
573955;573956;HAS_ADDRESS
573960;573961;HAS_ADDRESS
573965;573966;HAS_ADDRESS
573970;573971;HAS_ADDRESS
573975;573976;HAS_ADDRESS
573980;573981;HAS_ADDRESS
573985;573986;HAS_ADDRESS
573990;573991;HAS_ADDRESS
573995;573996;HAS_ADDRESS
574000;574001;HAS_ADDRESS
574005;574006;HAS_ADDRESS
574010;574011;HAS_ADDRESS
574015;574016;HAS_ADDRESS
574020;574021;HAS_ADDRESS
574025;574026;HAS_ADDRESS
574030;574031;HAS_ADDRESS
574035;574036;HAS_ADDRESS
574040;574041;HAS_ADDRESS
574045;574046;HAS_ADDRESS
574050;574051;HAS_ADDRESS
574055;574056;HAS_ADDRESS
574060;574061;HAS_ADDRESS
574065;574066;HAS_ADDRESS
574070;574071;HAS_ADDRESS
574075;574076;HAS_ADDRESS
574080;574081;HAS_ADDRESS
574085;574086;HAS_ADDRESS
574090;574091;HAS_ADDRESS
574095;574096;HAS_ADDRESS
574100;574101;HAS_ADDRESS
574105;574106;HAS_ADDRESS
574110;574111;HAS_ADDRESS
574115;574116;HAS_ADDRESS
574120;574121;HAS_ADDRESS
574125;574126;HAS_ADDRESS
574130;574131;HAS_ADDRESS
574135;574136;HAS_ADDRESS
574140;574141;HAS_ADDRESS
574145;574146;HAS_ADDRESS
574150;574151;HAS_ADDRESS
574155;574156;HAS_ADDRESS
574160;574161;HAS_ADDRESS
574165;574166;HAS_ADDRESS
574170;574171;HAS_ADDRESS
574175;574176;HAS_ADDRESS
574180;574181;HAS_ADDRESS
574185;574186;HAS_ADDRESS
574190;574191;HAS_ADDRESS
574195;574196;HAS_ADDRESS
574200;574201;HAS_ADDRESS
574205;574206;HAS_ADDRESS
574210;574211;HAS_ADDRESS
574215;574216;HAS_ADDRESS
574220;574221;HAS_ADDRESS
574225;574226;HAS_ADDRESS
574230;574231;HAS_ADDRESS
574235;574236;HAS_ADDRESS
574240;574241;HAS_ADDRESS
574245;574246;HAS_ADDRESS
574250;574251;HAS_ADDRESS
574255;574256;HAS_ADDRESS
574260;574261;HAS_ADDRESS
574265;574266;HAS_ADDRESS
574270;574271;HAS_ADDRESS
574275;574276;HAS_ADDRESS
574280;574281;HAS_ADDRESS
574285;574286;HAS_ADDRESS
574290;574291;HAS_ADDRESS
574295;574296;HAS_ADDRESS
574300;574301;HAS_ADDRESS
574305;574306;HAS_ADDRESS
574310;574311;HAS_ADDRESS
574315;574316;HAS_ADDRESS
574320;574321;HAS_ADDRESS
574325;574326;HAS_ADDRESS
574330;574331;HAS_ADDRESS
574335;574336;HAS_ADDRESS
574340;574341;HAS_ADDRESS
574345;574346;HAS_ADDRESS
574350;574351;HAS_ADDRESS
574355;574356;HAS_ADDRESS
574360;574361;HAS_ADDRESS
574365;574366;HAS_ADDRESS
574370;574371;HAS_ADDRESS
574375;574376;HAS_ADDRESS
574380;574381;HAS_ADDRESS
574385;574386;HAS_ADDRESS
574390;574391;HAS_ADDRESS
574395;574396;HAS_ADDRESS
574400;574401;HAS_ADDRESS
574405;574406;HAS_ADDRESS
574410;574411;HAS_ADDRESS
574415;574416;HAS_ADDRESS
574420;574421;HAS_ADDRESS
574425;574426;HAS_ADDRESS
574430;574431;HAS_ADDRESS
574435;574436;HAS_ADDRESS
574440;574441;HAS_ADDRESS
574445;574446;HAS_ADDRESS
574450;574451;HAS_ADDRESS
574455;574456;HAS_ADDRESS
574460;574461;HAS_ADDRESS
574465;574466;HAS_ADDRESS
574470;574471;HAS_ADDRESS
574475;574476;HAS_ADDRESS
574480;574481;HAS_ADDRESS
574485;574486;HAS_ADDRESS
574490;574491;HAS_ADDRESS
574495;574496;HAS_ADDRESS
574500;574501;HAS_ADDRESS
574505;574506;HAS_ADDRESS
574510;574511;HAS_ADDRESS
574515;574516;HAS_ADDRESS
574520;574521;HAS_ADDRESS
574525;574526;HAS_ADDRESS
574530;574531;HAS_ADDRESS
574535;574536;HAS_ADDRESS
574540;574541;HAS_ADDRESS
574545;574546;HAS_ADDRESS
574550;574551;HAS_ADDRESS
574555;574556;HAS_ADDRESS
574560;574561;HAS_ADDRESS
574565;574566;HAS_ADDRESS
574570;574571;HAS_ADDRESS
574575;574576;HAS_ADDRESS
574580;574581;HAS_ADDRESS
574585;574586;HAS_ADDRESS
574590;574591;HAS_ADDRESS
574595;574596;HAS_ADDRESS
574600;574601;HAS_ADDRESS
574605;574606;HAS_ADDRESS
574610;574611;HAS_ADDRESS
574615;574616;HAS_ADDRESS
574620;574621;HAS_ADDRESS
574625;574626;HAS_ADDRESS
574630;574631;HAS_ADDRESS
574635;574636;HAS_ADDRESS
574640;574641;HAS_ADDRESS
574645;574646;HAS_ADDRESS
574650;574651;HAS_ADDRESS
574655;574656;HAS_ADDRESS
574660;574661;HAS_ADDRESS
574665;574666;HAS_ADDRESS
574670;574671;HAS_ADDRESS
574675;574676;HAS_ADDRESS
574680;574681;HAS_ADDRESS
574685;574686;HAS_ADDRESS
574690;574691;HAS_ADDRESS
574695;574696;HAS_ADDRESS
574700;574701;HAS_ADDRESS
574705;574706;HAS_ADDRESS
574710;574711;HAS_ADDRESS
574715;574716;HAS_ADDRESS
574720;574721;HAS_ADDRESS
574725;574726;HAS_ADDRESS
574730;574731;HAS_ADDRESS
574735;574736;HAS_ADDRESS
574740;574741;HAS_ADDRESS
574745;574746;HAS_ADDRESS
574750;574751;HAS_ADDRESS
574755;574756;HAS_ADDRESS
574760;574761;HAS_ADDRESS
574765;574766;HAS_ADDRESS
574770;574771;HAS_ADDRESS
574775;574776;HAS_ADDRESS
574780;574781;HAS_ADDRESS
574785;574786;HAS_ADDRESS
574790;574791;HAS_ADDRESS
574795;574796;HAS_ADDRESS
574800;574801;HAS_ADDRESS
574805;574806;HAS_ADDRESS
574810;574811;HAS_ADDRESS
574815;574816;HAS_ADDRESS
574820;574821;HAS_ADDRESS
574825;574826;HAS_ADDRESS
574830;574831;HAS_ADDRESS
574835;574836;HAS_ADDRESS
574840;574841;HAS_ADDRESS
574845;574846;HAS_ADDRESS
574850;574851;HAS_ADDRESS
574855;574856;HAS_ADDRESS
574860;574861;HAS_ADDRESS
574865;574866;HAS_ADDRESS
574870;574871;HAS_ADDRESS
574875;574876;HAS_ADDRESS
574880;574881;HAS_ADDRESS
574885;574886;HAS_ADDRESS
574890;574891;HAS_ADDRESS
574895;574896;HAS_ADDRESS
574900;574901;HAS_ADDRESS
574905;574906;HAS_ADDRESS
574910;574911;HAS_ADDRESS
574915;574916;HAS_ADDRESS
574920;574921;HAS_ADDRESS
574925;574926;HAS_ADDRESS
574930;574931;HAS_ADDRESS
574935;574936;HAS_ADDRESS
574940;574941;HAS_ADDRESS
574945;574946;HAS_ADDRESS
574950;574951;HAS_ADDRESS
574955;574956;HAS_ADDRESS
574960;574961;HAS_ADDRESS
574965;574966;HAS_ADDRESS
574970;574971;HAS_ADDRESS
574975;574976;HAS_ADDRESS
574980;574981;HAS_ADDRESS
574985;574986;HAS_ADDRESS
574990;574991;HAS_ADDRESS
574995;574996;HAS_ADDRESS
575000;575001;HAS_ADDRESS
575005;575006;HAS_ADDRESS
575010;575011;HAS_ADDRESS
575015;575016;HAS_ADDRESS
575020;575021;HAS_ADDRESS
575025;575026;HAS_ADDRESS
575030;575031;HAS_ADDRESS
575035;575036;HAS_ADDRESS
575040;575041;HAS_ADDRESS
575045;575046;HAS_ADDRESS
575050;575051;HAS_ADDRESS
575055;575056;HAS_ADDRESS
575060;575061;HAS_ADDRESS
575065;575066;HAS_ADDRESS
575070;575071;HAS_ADDRESS
575075;575076;HAS_ADDRESS
575080;575081;HAS_ADDRESS
575085;575086;HAS_ADDRESS
575090;575091;HAS_ADDRESS
575095;575096;HAS_ADDRESS
575100;575101;HAS_ADDRESS
575105;575106;HAS_ADDRESS
575110;575111;HAS_ADDRESS
575115;575116;HAS_ADDRESS
575120;575121;HAS_ADDRESS
575125;575126;HAS_ADDRESS
575130;575131;HAS_ADDRESS
575135;575136;HAS_ADDRESS
575140;575141;HAS_ADDRESS
575145;575146;HAS_ADDRESS
575150;575151;HAS_ADDRESS
575155;575156;HAS_ADDRESS
575160;575161;HAS_ADDRESS
575165;575166;HAS_ADDRESS
575170;575171;HAS_ADDRESS
575175;575176;HAS_ADDRESS
575180;575181;HAS_ADDRESS
575185;575186;HAS_ADDRESS
575190;575191;HAS_ADDRESS
575195;575196;HAS_ADDRESS
575200;575201;HAS_ADDRESS
575205;575206;HAS_ADDRESS
575210;575211;HAS_ADDRESS
575215;575216;HAS_ADDRESS
575220;575221;HAS_ADDRESS
575225;575226;HAS_ADDRESS
575230;575231;HAS_ADDRESS
575235;575236;HAS_ADDRESS
575240;575241;HAS_ADDRESS
575245;575246;HAS_ADDRESS
575250;575251;HAS_ADDRESS
575255;575256;HAS_ADDRESS
575260;575261;HAS_ADDRESS
575265;575266;HAS_ADDRESS
575270;575271;HAS_ADDRESS
575275;575276;HAS_ADDRESS
575280;575281;HAS_ADDRESS
575285;575286;HAS_ADDRESS
575290;575291;HAS_ADDRESS
575295;575296;HAS_ADDRESS
575300;575301;HAS_ADDRESS
575305;575306;HAS_ADDRESS
575310;575311;HAS_ADDRESS
575315;575316;HAS_ADDRESS
575320;575321;HAS_ADDRESS
575325;575326;HAS_ADDRESS
575330;575331;HAS_ADDRESS
575335;575336;HAS_ADDRESS
575340;575341;HAS_ADDRESS
575345;575346;HAS_ADDRESS
575350;575351;HAS_ADDRESS
575355;575356;HAS_ADDRESS
575360;575361;HAS_ADDRESS
575365;575366;HAS_ADDRESS
575370;575371;HAS_ADDRESS
575375;575376;HAS_ADDRESS
575380;575381;HAS_ADDRESS
575385;575386;HAS_ADDRESS
575390;575391;HAS_ADDRESS
575395;575396;HAS_ADDRESS
575400;575401;HAS_ADDRESS
575405;575406;HAS_ADDRESS
575410;575411;HAS_ADDRESS
575415;575416;HAS_ADDRESS
575420;575421;HAS_ADDRESS
575425;575426;HAS_ADDRESS
575430;575431;HAS_ADDRESS
575435;575436;HAS_ADDRESS
575440;575441;HAS_ADDRESS
575445;575446;HAS_ADDRESS
575450;575451;HAS_ADDRESS
575455;575456;HAS_ADDRESS
575460;575461;HAS_ADDRESS
575465;575466;HAS_ADDRESS
575470;575471;HAS_ADDRESS
575475;575476;HAS_ADDRESS
575480;575481;HAS_ADDRESS
575485;575486;HAS_ADDRESS
575490;575491;HAS_ADDRESS
575495;575496;HAS_ADDRESS
575500;575501;HAS_ADDRESS
575505;575506;HAS_ADDRESS
575510;575511;HAS_ADDRESS
575515;575516;HAS_ADDRESS
575520;575521;HAS_ADDRESS
575525;575526;HAS_ADDRESS
575530;575531;HAS_ADDRESS
575535;575536;HAS_ADDRESS
575540;575541;HAS_ADDRESS
575545;575546;HAS_ADDRESS
575550;575551;HAS_ADDRESS
575555;575556;HAS_ADDRESS
575560;575561;HAS_ADDRESS
575565;575566;HAS_ADDRESS
575570;575571;HAS_ADDRESS
575575;575576;HAS_ADDRESS
575580;575581;HAS_ADDRESS
575585;575586;HAS_ADDRESS
575590;575591;HAS_ADDRESS
575595;575596;HAS_ADDRESS
575600;575601;HAS_ADDRESS
575605;575606;HAS_ADDRESS
575610;575611;HAS_ADDRESS
575615;575616;HAS_ADDRESS
575620;575621;HAS_ADDRESS
575625;575626;HAS_ADDRESS
575630;575631;HAS_ADDRESS
575635;575636;HAS_ADDRESS
575640;575641;HAS_ADDRESS
575645;575646;HAS_ADDRESS
575650;575651;HAS_ADDRESS
575655;575656;HAS_ADDRESS
575660;575661;HAS_ADDRESS
575665;575666;HAS_ADDRESS
575670;575671;HAS_ADDRESS
575675;575676;HAS_ADDRESS
575680;575681;HAS_ADDRESS
575685;575686;HAS_ADDRESS
575690;575691;HAS_ADDRESS
575695;575696;HAS_ADDRESS
575700;575701;HAS_ADDRESS
575705;575706;HAS_ADDRESS
575710;575711;HAS_ADDRESS
575715;575716;HAS_ADDRESS
575720;575721;HAS_ADDRESS
575725;575726;HAS_ADDRESS
575730;575731;HAS_ADDRESS
575735;575736;HAS_ADDRESS
575740;575741;HAS_ADDRESS
575745;575746;HAS_ADDRESS
575750;575751;HAS_ADDRESS
575755;575756;HAS_ADDRESS
575760;575761;HAS_ADDRESS
575765;575766;HAS_ADDRESS
575770;575771;HAS_ADDRESS
575775;575776;HAS_ADDRESS
575780;575781;HAS_ADDRESS
575785;575786;HAS_ADDRESS
575790;575791;HAS_ADDRESS
575795;575796;HAS_ADDRESS
575800;575801;HAS_ADDRESS
575805;575806;HAS_ADDRESS
575810;575811;HAS_ADDRESS
575815;575816;HAS_ADDRESS
575820;575821;HAS_ADDRESS
575825;575826;HAS_ADDRESS
575830;575831;HAS_ADDRESS
575835;575836;HAS_ADDRESS
575840;575841;HAS_ADDRESS
575845;575846;HAS_ADDRESS
575850;575851;HAS_ADDRESS
575855;575856;HAS_ADDRESS
575860;575861;HAS_ADDRESS
575865;575866;HAS_ADDRESS
575870;575871;HAS_ADDRESS
575875;575876;HAS_ADDRESS
575880;575881;HAS_ADDRESS
575885;575886;HAS_ADDRESS
575890;575891;HAS_ADDRESS
575895;575896;HAS_ADDRESS
575900;575901;HAS_ADDRESS
575905;575906;HAS_ADDRESS
575910;575911;HAS_ADDRESS
575915;575916;HAS_ADDRESS
575920;575921;HAS_ADDRESS
575925;575926;HAS_ADDRESS
575930;575931;HAS_ADDRESS
575935;575936;HAS_ADDRESS
575940;575941;HAS_ADDRESS
575945;575946;HAS_ADDRESS
575950;575951;HAS_ADDRESS
575955;575956;HAS_ADDRESS
575960;575961;HAS_ADDRESS
575965;575966;HAS_ADDRESS
575970;575971;HAS_ADDRESS
575975;575976;HAS_ADDRESS
575980;575981;HAS_ADDRESS
575985;575986;HAS_ADDRESS
575990;575991;HAS_ADDRESS
575995;575996;HAS_ADDRESS
576000;576001;HAS_ADDRESS
576005;576006;HAS_ADDRESS
576010;576011;HAS_ADDRESS
576015;576016;HAS_ADDRESS
576020;576021;HAS_ADDRESS
576025;576026;HAS_ADDRESS
576030;576031;HAS_ADDRESS
576035;576036;HAS_ADDRESS
576040;576041;HAS_ADDRESS
576045;576046;HAS_ADDRESS
576050;576051;HAS_ADDRESS
576055;576056;HAS_ADDRESS
576060;576061;HAS_ADDRESS
576065;576066;HAS_ADDRESS
576070;576071;HAS_ADDRESS
576075;576076;HAS_ADDRESS
576080;576081;HAS_ADDRESS
576085;576086;HAS_ADDRESS
576090;576091;HAS_ADDRESS
576095;576096;HAS_ADDRESS
576100;576101;HAS_ADDRESS
576105;576106;HAS_ADDRESS
576110;576111;HAS_ADDRESS
576115;576116;HAS_ADDRESS
576120;576121;HAS_ADDRESS
576125;576126;HAS_ADDRESS
576130;576131;HAS_ADDRESS
576135;576136;HAS_ADDRESS
576140;576141;HAS_ADDRESS
576145;576146;HAS_ADDRESS
576150;576151;HAS_ADDRESS
576155;576156;HAS_ADDRESS
576160;576161;HAS_ADDRESS
576165;576166;HAS_ADDRESS
576170;576171;HAS_ADDRESS
576175;576176;HAS_ADDRESS
576180;576181;HAS_ADDRESS
576185;576186;HAS_ADDRESS
576190;576191;HAS_ADDRESS
576195;576196;HAS_ADDRESS
576200;576201;HAS_ADDRESS
576205;576206;HAS_ADDRESS
576210;576211;HAS_ADDRESS
576215;576216;HAS_ADDRESS
576220;576221;HAS_ADDRESS
576225;576226;HAS_ADDRESS
576230;576231;HAS_ADDRESS
576235;576236;HAS_ADDRESS
576240;576241;HAS_ADDRESS
576245;576246;HAS_ADDRESS
576250;576251;HAS_ADDRESS
576255;576256;HAS_ADDRESS
576260;576261;HAS_ADDRESS
576265;576266;HAS_ADDRESS
576270;576271;HAS_ADDRESS
576275;576276;HAS_ADDRESS
576280;576281;HAS_ADDRESS
576285;576286;HAS_ADDRESS
576290;576291;HAS_ADDRESS
576295;576296;HAS_ADDRESS
576300;576301;HAS_ADDRESS
576305;576306;HAS_ADDRESS
576310;576311;HAS_ADDRESS
576315;576316;HAS_ADDRESS
576320;576321;HAS_ADDRESS
576325;576326;HAS_ADDRESS
576330;576331;HAS_ADDRESS
576335;576336;HAS_ADDRESS
576340;576341;HAS_ADDRESS
576345;576346;HAS_ADDRESS
576350;576351;HAS_ADDRESS
576355;576356;HAS_ADDRESS
576360;576361;HAS_ADDRESS
576365;576366;HAS_ADDRESS
576370;576371;HAS_ADDRESS
576375;576376;HAS_ADDRESS
576380;576381;HAS_ADDRESS
576385;576386;HAS_ADDRESS
576390;576391;HAS_ADDRESS
576395;576396;HAS_ADDRESS
576400;576401;HAS_ADDRESS
576405;576406;HAS_ADDRESS
576410;576411;HAS_ADDRESS
576415;576416;HAS_ADDRESS
576420;576421;HAS_ADDRESS
576425;576426;HAS_ADDRESS
576430;576431;HAS_ADDRESS
576435;576436;HAS_ADDRESS
576440;576441;HAS_ADDRESS
576445;576446;HAS_ADDRESS
576450;576451;HAS_ADDRESS
576455;576456;HAS_ADDRESS
576460;576461;HAS_ADDRESS
576465;576466;HAS_ADDRESS
576470;576471;HAS_ADDRESS
576475;576476;HAS_ADDRESS
576480;576481;HAS_ADDRESS
576485;576486;HAS_ADDRESS
576490;576491;HAS_ADDRESS
576495;576496;HAS_ADDRESS
576500;576501;HAS_ADDRESS
576505;576506;HAS_ADDRESS
576510;576511;HAS_ADDRESS
576515;576516;HAS_ADDRESS
576520;576521;HAS_ADDRESS
576525;576526;HAS_ADDRESS
576530;576531;HAS_ADDRESS
576535;576536;HAS_ADDRESS
576540;576541;HAS_ADDRESS
576545;576546;HAS_ADDRESS
576550;576551;HAS_ADDRESS
576555;576556;HAS_ADDRESS
576560;576561;HAS_ADDRESS
576565;576566;HAS_ADDRESS
576570;576571;HAS_ADDRESS
576575;576576;HAS_ADDRESS
576580;576581;HAS_ADDRESS
576585;576586;HAS_ADDRESS
576590;576591;HAS_ADDRESS
576595;576596;HAS_ADDRESS
576600;576601;HAS_ADDRESS
576605;576606;HAS_ADDRESS
576610;576611;HAS_ADDRESS
576615;576616;HAS_ADDRESS
576620;576621;HAS_ADDRESS
576625;576626;HAS_ADDRESS
576630;576631;HAS_ADDRESS
576635;576636;HAS_ADDRESS
576640;576641;HAS_ADDRESS
576645;576646;HAS_ADDRESS
576650;576651;HAS_ADDRESS
576655;576656;HAS_ADDRESS
576660;576661;HAS_ADDRESS
576665;576666;HAS_ADDRESS
576670;576671;HAS_ADDRESS
576675;576676;HAS_ADDRESS
576680;576681;HAS_ADDRESS
576685;576686;HAS_ADDRESS
576690;576691;HAS_ADDRESS
576695;576696;HAS_ADDRESS
576700;576701;HAS_ADDRESS
576705;576706;HAS_ADDRESS
576710;576711;HAS_ADDRESS
576715;576716;HAS_ADDRESS
576720;576721;HAS_ADDRESS
576725;576726;HAS_ADDRESS
576730;576731;HAS_ADDRESS
576735;576736;HAS_ADDRESS
576740;576741;HAS_ADDRESS
576745;576746;HAS_ADDRESS
576750;576751;HAS_ADDRESS
576755;576756;HAS_ADDRESS
576760;576761;HAS_ADDRESS
576765;576766;HAS_ADDRESS
576770;576771;HAS_ADDRESS
576775;576776;HAS_ADDRESS
576780;576781;HAS_ADDRESS
576785;576786;HAS_ADDRESS
576790;576791;HAS_ADDRESS
576795;576796;HAS_ADDRESS
576800;576801;HAS_ADDRESS
576805;576806;HAS_ADDRESS
576810;576811;HAS_ADDRESS
576815;576816;HAS_ADDRESS
576820;576821;HAS_ADDRESS
576825;576826;HAS_ADDRESS
576830;576831;HAS_ADDRESS
576835;576836;HAS_ADDRESS
576840;576841;HAS_ADDRESS
576845;576846;HAS_ADDRESS
576850;576851;HAS_ADDRESS
576855;576856;HAS_ADDRESS
576860;576861;HAS_ADDRESS
576865;576866;HAS_ADDRESS
576870;576871;HAS_ADDRESS
576875;576876;HAS_ADDRESS
576880;576881;HAS_ADDRESS
576885;576886;HAS_ADDRESS
576890;576891;HAS_ADDRESS
576895;576896;HAS_ADDRESS
576900;576901;HAS_ADDRESS
576905;576906;HAS_ADDRESS
576910;576911;HAS_ADDRESS
576915;576916;HAS_ADDRESS
576920;576921;HAS_ADDRESS
576925;576926;HAS_ADDRESS
576930;576931;HAS_ADDRESS
576935;576936;HAS_ADDRESS
576940;576941;HAS_ADDRESS
576945;576946;HAS_ADDRESS
576950;576951;HAS_ADDRESS
576955;576956;HAS_ADDRESS
576960;576961;HAS_ADDRESS
576965;576966;HAS_ADDRESS
576970;576971;HAS_ADDRESS
576975;576976;HAS_ADDRESS
576980;576981;HAS_ADDRESS
576985;576986;HAS_ADDRESS
576990;576991;HAS_ADDRESS
576995;576996;HAS_ADDRESS
577000;577001;HAS_ADDRESS
577005;577006;HAS_ADDRESS
577010;577011;HAS_ADDRESS
577015;577016;HAS_ADDRESS
577020;577021;HAS_ADDRESS
577025;577026;HAS_ADDRESS
577030;577031;HAS_ADDRESS
577035;577036;HAS_ADDRESS
577040;577041;HAS_ADDRESS
577045;577046;HAS_ADDRESS
577050;577051;HAS_ADDRESS
577055;577056;HAS_ADDRESS
577060;577061;HAS_ADDRESS
577065;577066;HAS_ADDRESS
577070;577071;HAS_ADDRESS
577075;577076;HAS_ADDRESS
577080;577081;HAS_ADDRESS
577085;577086;HAS_ADDRESS
577090;577091;HAS_ADDRESS
577095;577096;HAS_ADDRESS
577100;577101;HAS_ADDRESS
577105;577106;HAS_ADDRESS
577110;577111;HAS_ADDRESS
577115;577116;HAS_ADDRESS
577120;577121;HAS_ADDRESS
577125;577126;HAS_ADDRESS
577130;577131;HAS_ADDRESS
577135;577136;HAS_ADDRESS
577140;577141;HAS_ADDRESS
577145;577146;HAS_ADDRESS
577150;577151;HAS_ADDRESS
577155;577156;HAS_ADDRESS
577160;577161;HAS_ADDRESS
577165;577166;HAS_ADDRESS
577170;577171;HAS_ADDRESS
577175;577176;HAS_ADDRESS
577180;577181;HAS_ADDRESS
577185;577186;HAS_ADDRESS
577190;577191;HAS_ADDRESS
577195;577196;HAS_ADDRESS
577200;577201;HAS_ADDRESS
577205;577206;HAS_ADDRESS
577210;577211;HAS_ADDRESS
577215;577216;HAS_ADDRESS
577220;577221;HAS_ADDRESS
577225;577226;HAS_ADDRESS
577230;577231;HAS_ADDRESS
577235;577236;HAS_ADDRESS
577240;577241;HAS_ADDRESS
577245;577246;HAS_ADDRESS
577250;577251;HAS_ADDRESS
577255;577256;HAS_ADDRESS
577260;577261;HAS_ADDRESS
577265;577266;HAS_ADDRESS
577270;577271;HAS_ADDRESS
577275;577276;HAS_ADDRESS
577280;577281;HAS_ADDRESS
577285;577286;HAS_ADDRESS
577290;577291;HAS_ADDRESS
577295;577296;HAS_ADDRESS
577300;577301;HAS_ADDRESS
577305;577306;HAS_ADDRESS
577310;577311;HAS_ADDRESS
577315;577316;HAS_ADDRESS
577320;577321;HAS_ADDRESS
577325;577326;HAS_ADDRESS
577330;577331;HAS_ADDRESS
577335;577336;HAS_ADDRESS
577340;577341;HAS_ADDRESS
577345;577346;HAS_ADDRESS
577350;577351;HAS_ADDRESS
577355;577356;HAS_ADDRESS
577360;577361;HAS_ADDRESS
577365;577366;HAS_ADDRESS
577370;577371;HAS_ADDRESS
577375;577376;HAS_ADDRESS
577380;577381;HAS_ADDRESS
577385;577386;HAS_ADDRESS
577390;577391;HAS_ADDRESS
577395;577396;HAS_ADDRESS
577400;577401;HAS_ADDRESS
577405;577406;HAS_ADDRESS
577410;577411;HAS_ADDRESS
577415;577416;HAS_ADDRESS
577420;577421;HAS_ADDRESS
577425;577426;HAS_ADDRESS
577430;577431;HAS_ADDRESS
577435;577436;HAS_ADDRESS
577440;577441;HAS_ADDRESS
577445;577446;HAS_ADDRESS
577450;577451;HAS_ADDRESS
577455;577456;HAS_ADDRESS
577460;577461;HAS_ADDRESS
577465;577466;HAS_ADDRESS
577470;577471;HAS_ADDRESS
577475;577476;HAS_ADDRESS
577480;577481;HAS_ADDRESS
577485;577486;HAS_ADDRESS
577490;577491;HAS_ADDRESS
577495;577496;HAS_ADDRESS
577500;577501;HAS_ADDRESS
577505;577506;HAS_ADDRESS
577510;577511;HAS_ADDRESS
577515;577516;HAS_ADDRESS
577520;577521;HAS_ADDRESS
577525;577526;HAS_ADDRESS
577530;577531;HAS_ADDRESS
577535;577536;HAS_ADDRESS
577540;577541;HAS_ADDRESS
577545;577546;HAS_ADDRESS
577550;577551;HAS_ADDRESS
577555;577556;HAS_ADDRESS
577560;577561;HAS_ADDRESS
577565;577566;HAS_ADDRESS
577570;577571;HAS_ADDRESS
577575;577576;HAS_ADDRESS
577580;577581;HAS_ADDRESS
577585;577586;HAS_ADDRESS
577590;577591;HAS_ADDRESS
577595;577596;HAS_ADDRESS
577600;577601;HAS_ADDRESS
577605;577606;HAS_ADDRESS
577610;577611;HAS_ADDRESS
577615;577616;HAS_ADDRESS
577620;577621;HAS_ADDRESS
577625;577626;HAS_ADDRESS
577630;577631;HAS_ADDRESS
577635;577636;HAS_ADDRESS
577640;577641;HAS_ADDRESS
577645;577646;HAS_ADDRESS
577650;577651;HAS_ADDRESS
577655;577656;HAS_ADDRESS
577660;577661;HAS_ADDRESS
577665;577666;HAS_ADDRESS
577670;577671;HAS_ADDRESS
577675;577676;HAS_ADDRESS
577680;577681;HAS_ADDRESS
577685;577686;HAS_ADDRESS
577690;577691;HAS_ADDRESS
577695;577696;HAS_ADDRESS
577700;577701;HAS_ADDRESS
577705;577706;HAS_ADDRESS
577710;577711;HAS_ADDRESS
577715;577716;HAS_ADDRESS
577720;577721;HAS_ADDRESS
577725;577726;HAS_ADDRESS
577730;577731;HAS_ADDRESS
577735;577736;HAS_ADDRESS
577740;577741;HAS_ADDRESS
577745;577746;HAS_ADDRESS
577750;577751;HAS_ADDRESS
577755;577756;HAS_ADDRESS
577760;577761;HAS_ADDRESS
577765;577766;HAS_ADDRESS
577770;577771;HAS_ADDRESS
577775;577776;HAS_ADDRESS
577780;577781;HAS_ADDRESS
577785;577786;HAS_ADDRESS
577790;577791;HAS_ADDRESS
577795;577796;HAS_ADDRESS
577800;577801;HAS_ADDRESS
577805;577806;HAS_ADDRESS
577810;577811;HAS_ADDRESS
577815;577816;HAS_ADDRESS
577820;577821;HAS_ADDRESS
577825;577826;HAS_ADDRESS
577830;577831;HAS_ADDRESS
577835;577836;HAS_ADDRESS
577840;577841;HAS_ADDRESS
577845;577846;HAS_ADDRESS
577850;577851;HAS_ADDRESS
577855;577856;HAS_ADDRESS
577860;577861;HAS_ADDRESS
577865;577866;HAS_ADDRESS
577870;577871;HAS_ADDRESS
577875;577876;HAS_ADDRESS
577880;577881;HAS_ADDRESS
577885;577886;HAS_ADDRESS
577890;577891;HAS_ADDRESS
577895;577896;HAS_ADDRESS
577900;577901;HAS_ADDRESS
577905;577906;HAS_ADDRESS
577910;577911;HAS_ADDRESS
577915;577916;HAS_ADDRESS
577920;577921;HAS_ADDRESS
577925;577926;HAS_ADDRESS
577930;577931;HAS_ADDRESS
577935;577936;HAS_ADDRESS
577940;577941;HAS_ADDRESS
577945;577946;HAS_ADDRESS
577950;577951;HAS_ADDRESS
577955;577956;HAS_ADDRESS
577960;577961;HAS_ADDRESS
577965;577966;HAS_ADDRESS
577970;577971;HAS_ADDRESS
577975;577976;HAS_ADDRESS
577980;577981;HAS_ADDRESS
577985;577986;HAS_ADDRESS
577990;577991;HAS_ADDRESS
577995;577996;HAS_ADDRESS
578000;578001;HAS_ADDRESS
578005;578006;HAS_ADDRESS
578010;578011;HAS_ADDRESS
578015;578016;HAS_ADDRESS
578020;578021;HAS_ADDRESS
578025;578026;HAS_ADDRESS
578030;578031;HAS_ADDRESS
578035;578036;HAS_ADDRESS
578040;578041;HAS_ADDRESS
578045;578046;HAS_ADDRESS
578050;578051;HAS_ADDRESS
578055;578056;HAS_ADDRESS
578060;578061;HAS_ADDRESS
578065;578066;HAS_ADDRESS
578070;578071;HAS_ADDRESS
578075;578076;HAS_ADDRESS
578080;578081;HAS_ADDRESS
578085;578086;HAS_ADDRESS
578090;578091;HAS_ADDRESS
578095;578096;HAS_ADDRESS
578100;578101;HAS_ADDRESS
578105;578106;HAS_ADDRESS
578110;578111;HAS_ADDRESS
578115;578116;HAS_ADDRESS
578120;578121;HAS_ADDRESS
578125;578126;HAS_ADDRESS
578130;578131;HAS_ADDRESS
578135;578136;HAS_ADDRESS
578140;578141;HAS_ADDRESS
578145;578146;HAS_ADDRESS
578150;578151;HAS_ADDRESS
578155;578156;HAS_ADDRESS
578160;578161;HAS_ADDRESS
578165;578166;HAS_ADDRESS
578170;578171;HAS_ADDRESS
578175;578176;HAS_ADDRESS
578180;578181;HAS_ADDRESS
578185;578186;HAS_ADDRESS
578190;578191;HAS_ADDRESS
578195;578196;HAS_ADDRESS
578200;578201;HAS_ADDRESS
578205;578206;HAS_ADDRESS
578210;578211;HAS_ADDRESS
578215;578216;HAS_ADDRESS
578220;578221;HAS_ADDRESS
578225;578226;HAS_ADDRESS
578230;578231;HAS_ADDRESS
578235;578236;HAS_ADDRESS
578240;578241;HAS_ADDRESS
578245;578246;HAS_ADDRESS
578250;578251;HAS_ADDRESS
578255;578256;HAS_ADDRESS
578260;578261;HAS_ADDRESS
578265;578266;HAS_ADDRESS
578270;578271;HAS_ADDRESS
578275;578276;HAS_ADDRESS
578280;578281;HAS_ADDRESS
578285;578286;HAS_ADDRESS
578290;578291;HAS_ADDRESS
578295;578296;HAS_ADDRESS
578300;578301;HAS_ADDRESS
578305;578306;HAS_ADDRESS
578310;578311;HAS_ADDRESS
578315;578316;HAS_ADDRESS
578320;578321;HAS_ADDRESS
578325;578326;HAS_ADDRESS
578330;578331;HAS_ADDRESS
578335;578336;HAS_ADDRESS
578340;578341;HAS_ADDRESS
578345;578346;HAS_ADDRESS
578350;578351;HAS_ADDRESS
578355;578356;HAS_ADDRESS
578360;578361;HAS_ADDRESS
578365;578366;HAS_ADDRESS
578370;578371;HAS_ADDRESS
578375;578376;HAS_ADDRESS
578380;578381;HAS_ADDRESS
578385;578386;HAS_ADDRESS
578390;578391;HAS_ADDRESS
578395;578396;HAS_ADDRESS
578400;578401;HAS_ADDRESS
578405;578406;HAS_ADDRESS
578410;578411;HAS_ADDRESS
578415;578416;HAS_ADDRESS
578420;578421;HAS_ADDRESS
578425;578426;HAS_ADDRESS
578430;578431;HAS_ADDRESS
578435;578436;HAS_ADDRESS
578440;578441;HAS_ADDRESS
578445;578446;HAS_ADDRESS
578450;578451;HAS_ADDRESS
578455;578456;HAS_ADDRESS
578460;578461;HAS_ADDRESS
578465;578466;HAS_ADDRESS
578470;578471;HAS_ADDRESS
578475;578476;HAS_ADDRESS
578480;578481;HAS_ADDRESS
578485;578486;HAS_ADDRESS
578490;578491;HAS_ADDRESS
578495;578496;HAS_ADDRESS
578500;578501;HAS_ADDRESS
578505;578506;HAS_ADDRESS
578510;578511;HAS_ADDRESS
578515;578516;HAS_ADDRESS
578520;578521;HAS_ADDRESS
578525;578526;HAS_ADDRESS
578530;578531;HAS_ADDRESS
578535;578536;HAS_ADDRESS
578540;578541;HAS_ADDRESS
578545;578546;HAS_ADDRESS
578550;578551;HAS_ADDRESS
578555;578556;HAS_ADDRESS
578560;578561;HAS_ADDRESS
578565;578566;HAS_ADDRESS
578570;578571;HAS_ADDRESS
578575;578576;HAS_ADDRESS
578580;578581;HAS_ADDRESS
578585;578586;HAS_ADDRESS
578590;578591;HAS_ADDRESS
578595;578596;HAS_ADDRESS
578600;578601;HAS_ADDRESS
578605;578606;HAS_ADDRESS
578610;578611;HAS_ADDRESS
578615;578616;HAS_ADDRESS
578620;578621;HAS_ADDRESS
578625;578626;HAS_ADDRESS
578630;578631;HAS_ADDRESS
578635;578636;HAS_ADDRESS
578640;578641;HAS_ADDRESS
578645;578646;HAS_ADDRESS
578650;578651;HAS_ADDRESS
578655;578656;HAS_ADDRESS
578660;578661;HAS_ADDRESS
578665;578666;HAS_ADDRESS
578670;578671;HAS_ADDRESS
578675;578676;HAS_ADDRESS
578680;578681;HAS_ADDRESS
578685;578686;HAS_ADDRESS
578690;578691;HAS_ADDRESS
578695;578696;HAS_ADDRESS
578700;578701;HAS_ADDRESS
578705;578706;HAS_ADDRESS
578710;578711;HAS_ADDRESS
578715;578716;HAS_ADDRESS
578720;578721;HAS_ADDRESS
578725;578726;HAS_ADDRESS
578730;578731;HAS_ADDRESS
578735;578736;HAS_ADDRESS
578740;578741;HAS_ADDRESS
578745;578746;HAS_ADDRESS
578750;578751;HAS_ADDRESS
578755;578756;HAS_ADDRESS
578760;578761;HAS_ADDRESS
578765;578766;HAS_ADDRESS
578770;578771;HAS_ADDRESS
578775;578776;HAS_ADDRESS
578780;578781;HAS_ADDRESS
578785;578786;HAS_ADDRESS
578790;578791;HAS_ADDRESS
578795;578796;HAS_ADDRESS
578800;578801;HAS_ADDRESS
578805;578806;HAS_ADDRESS
578810;578811;HAS_ADDRESS
578815;578816;HAS_ADDRESS
578820;578821;HAS_ADDRESS
578825;578826;HAS_ADDRESS
578830;578831;HAS_ADDRESS
578835;578836;HAS_ADDRESS
578840;578841;HAS_ADDRESS
578845;578846;HAS_ADDRESS
578850;578851;HAS_ADDRESS
578855;578856;HAS_ADDRESS
578860;578861;HAS_ADDRESS
578865;578866;HAS_ADDRESS
578870;578871;HAS_ADDRESS
578875;578876;HAS_ADDRESS
578880;578881;HAS_ADDRESS
578885;578886;HAS_ADDRESS
578890;578891;HAS_ADDRESS
578895;578896;HAS_ADDRESS
578900;578901;HAS_ADDRESS
578905;578906;HAS_ADDRESS
578910;578911;HAS_ADDRESS
578915;578916;HAS_ADDRESS
578920;578921;HAS_ADDRESS
578925;578926;HAS_ADDRESS
578930;578931;HAS_ADDRESS
578935;578936;HAS_ADDRESS
578940;578941;HAS_ADDRESS
578945;578946;HAS_ADDRESS
578950;578951;HAS_ADDRESS
578955;578956;HAS_ADDRESS
578960;578961;HAS_ADDRESS
578965;578966;HAS_ADDRESS
578970;578971;HAS_ADDRESS
578975;578976;HAS_ADDRESS
578980;578981;HAS_ADDRESS
578985;578986;HAS_ADDRESS
578990;578991;HAS_ADDRESS
578995;578996;HAS_ADDRESS
579000;579001;HAS_ADDRESS
579005;579006;HAS_ADDRESS
579010;579011;HAS_ADDRESS
579015;579016;HAS_ADDRESS
579020;579021;HAS_ADDRESS
579025;579026;HAS_ADDRESS
579030;579031;HAS_ADDRESS
579035;579036;HAS_ADDRESS
579040;579041;HAS_ADDRESS
579045;579046;HAS_ADDRESS
579050;579051;HAS_ADDRESS
579055;579056;HAS_ADDRESS
579060;579061;HAS_ADDRESS
579065;579066;HAS_ADDRESS
579070;579071;HAS_ADDRESS
579075;579076;HAS_ADDRESS
579080;579081;HAS_ADDRESS
579085;579086;HAS_ADDRESS
579090;579091;HAS_ADDRESS
579095;579096;HAS_ADDRESS
579100;579101;HAS_ADDRESS
579105;579106;HAS_ADDRESS
579110;579111;HAS_ADDRESS
579115;579116;HAS_ADDRESS
579120;579121;HAS_ADDRESS
579125;579126;HAS_ADDRESS
579130;579131;HAS_ADDRESS
579135;579136;HAS_ADDRESS
579140;579141;HAS_ADDRESS
579145;579146;HAS_ADDRESS
579150;579151;HAS_ADDRESS
579155;579156;HAS_ADDRESS
579160;579161;HAS_ADDRESS
579165;579166;HAS_ADDRESS
579170;579171;HAS_ADDRESS
579175;579176;HAS_ADDRESS
579180;579181;HAS_ADDRESS
579185;579186;HAS_ADDRESS
579190;579191;HAS_ADDRESS
579195;579196;HAS_ADDRESS
579200;579201;HAS_ADDRESS
579205;579206;HAS_ADDRESS
579210;579211;HAS_ADDRESS
579215;579216;HAS_ADDRESS
579220;579221;HAS_ADDRESS
579225;579226;HAS_ADDRESS
579230;579231;HAS_ADDRESS
579235;579236;HAS_ADDRESS
579240;579241;HAS_ADDRESS
579245;579246;HAS_ADDRESS
579250;579251;HAS_ADDRESS
579255;579256;HAS_ADDRESS
579260;579261;HAS_ADDRESS
579265;579266;HAS_ADDRESS
579270;579271;HAS_ADDRESS
579275;579276;HAS_ADDRESS
579280;579281;HAS_ADDRESS
579285;579286;HAS_ADDRESS
579290;579291;HAS_ADDRESS
579295;579296;HAS_ADDRESS
579300;579301;HAS_ADDRESS
579305;579306;HAS_ADDRESS
579310;579311;HAS_ADDRESS
579315;579316;HAS_ADDRESS
579320;579321;HAS_ADDRESS
579325;579326;HAS_ADDRESS
579330;579331;HAS_ADDRESS
579335;579336;HAS_ADDRESS
579340;579341;HAS_ADDRESS
579345;579346;HAS_ADDRESS
579350;579351;HAS_ADDRESS
579355;579356;HAS_ADDRESS
579360;579361;HAS_ADDRESS
579365;579366;HAS_ADDRESS
579370;579371;HAS_ADDRESS
579375;579376;HAS_ADDRESS
579380;579381;HAS_ADDRESS
579385;579386;HAS_ADDRESS
579390;579391;HAS_ADDRESS
579395;579396;HAS_ADDRESS
579400;579401;HAS_ADDRESS
579405;579406;HAS_ADDRESS
579410;579411;HAS_ADDRESS
579415;579416;HAS_ADDRESS
579420;579421;HAS_ADDRESS
579425;579426;HAS_ADDRESS
579430;579431;HAS_ADDRESS
579435;579436;HAS_ADDRESS
579440;579441;HAS_ADDRESS
579445;579446;HAS_ADDRESS
579450;579451;HAS_ADDRESS
579455;579456;HAS_ADDRESS
579460;579461;HAS_ADDRESS
579465;579466;HAS_ADDRESS
579470;579471;HAS_ADDRESS
579475;579476;HAS_ADDRESS
579480;579481;HAS_ADDRESS
579485;579486;HAS_ADDRESS
579490;579491;HAS_ADDRESS
579495;579496;HAS_ADDRESS
579500;579501;HAS_ADDRESS
579505;579506;HAS_ADDRESS
579510;579511;HAS_ADDRESS
579515;579516;HAS_ADDRESS
579520;579521;HAS_ADDRESS
579525;579526;HAS_ADDRESS
579530;579531;HAS_ADDRESS
579535;579536;HAS_ADDRESS
579540;579541;HAS_ADDRESS
579545;579546;HAS_ADDRESS
579550;579551;HAS_ADDRESS
579555;579556;HAS_ADDRESS
579560;579561;HAS_ADDRESS
579565;579566;HAS_ADDRESS
579570;579571;HAS_ADDRESS
579575;579576;HAS_ADDRESS
579580;579581;HAS_ADDRESS
579585;579586;HAS_ADDRESS
579590;579591;HAS_ADDRESS
579595;579596;HAS_ADDRESS
579600;579601;HAS_ADDRESS
579605;579606;HAS_ADDRESS
579610;579611;HAS_ADDRESS
579615;579616;HAS_ADDRESS
579620;579621;HAS_ADDRESS
579625;579626;HAS_ADDRESS
579630;579631;HAS_ADDRESS
579635;579636;HAS_ADDRESS
579640;579641;HAS_ADDRESS
579645;579646;HAS_ADDRESS
579650;579651;HAS_ADDRESS
579655;579656;HAS_ADDRESS
579660;579661;HAS_ADDRESS
579665;579666;HAS_ADDRESS
579670;579671;HAS_ADDRESS
579675;579676;HAS_ADDRESS
579680;579681;HAS_ADDRESS
579685;579686;HAS_ADDRESS
579690;579691;HAS_ADDRESS
579695;579696;HAS_ADDRESS
579700;579701;HAS_ADDRESS
579705;579706;HAS_ADDRESS
579710;579711;HAS_ADDRESS
579715;579716;HAS_ADDRESS
579720;579721;HAS_ADDRESS
579725;579726;HAS_ADDRESS
579730;579731;HAS_ADDRESS
579735;579736;HAS_ADDRESS
579740;579741;HAS_ADDRESS
579745;579746;HAS_ADDRESS
579750;579751;HAS_ADDRESS
579755;579756;HAS_ADDRESS
579760;579761;HAS_ADDRESS
579765;579766;HAS_ADDRESS
579770;579771;HAS_ADDRESS
579775;579776;HAS_ADDRESS
579780;579781;HAS_ADDRESS
579785;579786;HAS_ADDRESS
579790;579791;HAS_ADDRESS
579795;579796;HAS_ADDRESS
579800;579801;HAS_ADDRESS
579805;579806;HAS_ADDRESS
579810;579811;HAS_ADDRESS
579815;579816;HAS_ADDRESS
579820;579821;HAS_ADDRESS
579825;579826;HAS_ADDRESS
579830;579831;HAS_ADDRESS
579835;579836;HAS_ADDRESS
579840;579841;HAS_ADDRESS
579845;579846;HAS_ADDRESS
579850;579851;HAS_ADDRESS
579855;579856;HAS_ADDRESS
579860;579861;HAS_ADDRESS
579865;579866;HAS_ADDRESS
579870;579871;HAS_ADDRESS
579875;579876;HAS_ADDRESS
579880;579881;HAS_ADDRESS
579885;579886;HAS_ADDRESS
579890;579891;HAS_ADDRESS
579895;579896;HAS_ADDRESS
579900;579901;HAS_ADDRESS
579905;579906;HAS_ADDRESS
579910;579911;HAS_ADDRESS
579915;579916;HAS_ADDRESS
579920;579921;HAS_ADDRESS
579925;579926;HAS_ADDRESS
579930;579931;HAS_ADDRESS
579935;579936;HAS_ADDRESS
579940;579941;HAS_ADDRESS
579945;579946;HAS_ADDRESS
579950;579951;HAS_ADDRESS
579955;579956;HAS_ADDRESS
579960;579961;HAS_ADDRESS
579965;579966;HAS_ADDRESS
579970;579971;HAS_ADDRESS
579975;579976;HAS_ADDRESS
579980;579981;HAS_ADDRESS
579985;579986;HAS_ADDRESS
579990;579991;HAS_ADDRESS
579995;579996;HAS_ADDRESS
580000;580001;HAS_ADDRESS
580005;580006;HAS_ADDRESS
580010;580011;HAS_ADDRESS
580015;580016;HAS_ADDRESS
580020;580021;HAS_ADDRESS
580025;580026;HAS_ADDRESS
580030;580031;HAS_ADDRESS
580035;580036;HAS_ADDRESS
580040;580041;HAS_ADDRESS
580045;580046;HAS_ADDRESS
580050;580051;HAS_ADDRESS
580055;580056;HAS_ADDRESS
580060;580061;HAS_ADDRESS
580065;580066;HAS_ADDRESS
580070;580071;HAS_ADDRESS
580075;580076;HAS_ADDRESS
580080;580081;HAS_ADDRESS
580085;580086;HAS_ADDRESS
580090;580091;HAS_ADDRESS
580095;580096;HAS_ADDRESS
580100;580101;HAS_ADDRESS
580105;580106;HAS_ADDRESS
580110;580111;HAS_ADDRESS
580115;580116;HAS_ADDRESS
580120;580121;HAS_ADDRESS
580125;580126;HAS_ADDRESS
580130;580131;HAS_ADDRESS
580135;580136;HAS_ADDRESS
580140;580141;HAS_ADDRESS
580145;580146;HAS_ADDRESS
580150;580151;HAS_ADDRESS
580155;580156;HAS_ADDRESS
580160;580161;HAS_ADDRESS
580165;580166;HAS_ADDRESS
580170;580171;HAS_ADDRESS
580175;580176;HAS_ADDRESS
580180;580181;HAS_ADDRESS
580185;580186;HAS_ADDRESS
580190;580191;HAS_ADDRESS
580195;580196;HAS_ADDRESS
580200;580201;HAS_ADDRESS
580205;580206;HAS_ADDRESS
580210;580211;HAS_ADDRESS
580215;580216;HAS_ADDRESS
580220;580221;HAS_ADDRESS
580225;580226;HAS_ADDRESS
580230;580231;HAS_ADDRESS
580235;580236;HAS_ADDRESS
580240;580241;HAS_ADDRESS
580245;580246;HAS_ADDRESS
580250;580251;HAS_ADDRESS
580255;580256;HAS_ADDRESS
580260;580261;HAS_ADDRESS
580265;580266;HAS_ADDRESS
580270;580271;HAS_ADDRESS
580275;580276;HAS_ADDRESS
580280;580281;HAS_ADDRESS
580285;580286;HAS_ADDRESS
580290;580291;HAS_ADDRESS
580295;580296;HAS_ADDRESS
580300;580301;HAS_ADDRESS
580305;580306;HAS_ADDRESS
580310;580311;HAS_ADDRESS
580315;580316;HAS_ADDRESS
580320;580321;HAS_ADDRESS
580325;580326;HAS_ADDRESS
580330;580331;HAS_ADDRESS
580335;580336;HAS_ADDRESS
580340;580341;HAS_ADDRESS
580345;580346;HAS_ADDRESS
580350;580351;HAS_ADDRESS
580355;580356;HAS_ADDRESS
580360;580361;HAS_ADDRESS
580365;580366;HAS_ADDRESS
580370;580371;HAS_ADDRESS
580375;580376;HAS_ADDRESS
580380;580381;HAS_ADDRESS
580385;580386;HAS_ADDRESS
580390;580391;HAS_ADDRESS
580395;580396;HAS_ADDRESS
580400;580401;HAS_ADDRESS
580405;580406;HAS_ADDRESS
580410;580411;HAS_ADDRESS
580415;580416;HAS_ADDRESS
580420;580421;HAS_ADDRESS
580425;580426;HAS_ADDRESS
580430;580431;HAS_ADDRESS
580435;580436;HAS_ADDRESS
580440;580441;HAS_ADDRESS
580445;580446;HAS_ADDRESS
580450;580451;HAS_ADDRESS
580455;580456;HAS_ADDRESS
580460;580461;HAS_ADDRESS
580465;580466;HAS_ADDRESS
580470;580471;HAS_ADDRESS
580475;580476;HAS_ADDRESS
580480;580481;HAS_ADDRESS
580485;580486;HAS_ADDRESS
580490;580491;HAS_ADDRESS
580495;580496;HAS_ADDRESS
580500;580501;HAS_ADDRESS
580505;580506;HAS_ADDRESS
580510;580511;HAS_ADDRESS
580515;580516;HAS_ADDRESS
580520;580521;HAS_ADDRESS
580525;580526;HAS_ADDRESS
580530;580531;HAS_ADDRESS
580535;580536;HAS_ADDRESS
580540;580541;HAS_ADDRESS
580545;580546;HAS_ADDRESS
580550;580551;HAS_ADDRESS
580555;580556;HAS_ADDRESS
580560;580561;HAS_ADDRESS
580565;580566;HAS_ADDRESS
580570;580571;HAS_ADDRESS
580575;580576;HAS_ADDRESS
580580;580581;HAS_ADDRESS
580585;580586;HAS_ADDRESS
580590;580591;HAS_ADDRESS
580595;580596;HAS_ADDRESS
580600;580601;HAS_ADDRESS
580605;580606;HAS_ADDRESS
580610;580611;HAS_ADDRESS
580615;580616;HAS_ADDRESS
580620;580621;HAS_ADDRESS
580625;580626;HAS_ADDRESS
580630;580631;HAS_ADDRESS
580635;580636;HAS_ADDRESS
580640;580641;HAS_ADDRESS
580645;580646;HAS_ADDRESS
580650;580651;HAS_ADDRESS
580655;580656;HAS_ADDRESS
580660;580661;HAS_ADDRESS
580665;580666;HAS_ADDRESS
580670;580671;HAS_ADDRESS
580675;580676;HAS_ADDRESS
580680;580681;HAS_ADDRESS
580685;580686;HAS_ADDRESS
580690;580691;HAS_ADDRESS
580695;580696;HAS_ADDRESS
580700;580701;HAS_ADDRESS
580705;580706;HAS_ADDRESS
580710;580711;HAS_ADDRESS
580715;580716;HAS_ADDRESS
580720;580721;HAS_ADDRESS
580725;580726;HAS_ADDRESS
580730;580731;HAS_ADDRESS
580735;580736;HAS_ADDRESS
580740;580741;HAS_ADDRESS
580745;580746;HAS_ADDRESS
580750;580751;HAS_ADDRESS
580755;580756;HAS_ADDRESS
580760;580761;HAS_ADDRESS
580765;580766;HAS_ADDRESS
580770;580771;HAS_ADDRESS
580775;580776;HAS_ADDRESS
580780;580781;HAS_ADDRESS
580785;580786;HAS_ADDRESS
580790;580791;HAS_ADDRESS
580795;580796;HAS_ADDRESS
580800;580801;HAS_ADDRESS
580805;580806;HAS_ADDRESS
580810;580811;HAS_ADDRESS
580815;580816;HAS_ADDRESS
580820;580821;HAS_ADDRESS
580825;580826;HAS_ADDRESS
580830;580831;HAS_ADDRESS
580835;580836;HAS_ADDRESS
580840;580841;HAS_ADDRESS
580845;580846;HAS_ADDRESS
580850;580851;HAS_ADDRESS
580855;580856;HAS_ADDRESS
580860;580861;HAS_ADDRESS
580865;580866;HAS_ADDRESS
580870;580871;HAS_ADDRESS
580875;580876;HAS_ADDRESS
580880;580881;HAS_ADDRESS
580885;580886;HAS_ADDRESS
580890;580891;HAS_ADDRESS
580895;580896;HAS_ADDRESS
580900;580901;HAS_ADDRESS
580905;580906;HAS_ADDRESS
580910;580911;HAS_ADDRESS
580915;580916;HAS_ADDRESS
580920;580921;HAS_ADDRESS
580925;580926;HAS_ADDRESS
580930;580931;HAS_ADDRESS
580935;580936;HAS_ADDRESS
580940;580941;HAS_ADDRESS
580945;580946;HAS_ADDRESS
580950;580951;HAS_ADDRESS
580955;580956;HAS_ADDRESS
580960;580961;HAS_ADDRESS
580965;580966;HAS_ADDRESS
580970;580971;HAS_ADDRESS
580975;580976;HAS_ADDRESS
580980;580981;HAS_ADDRESS
580985;580986;HAS_ADDRESS
580990;580991;HAS_ADDRESS
580995;580996;HAS_ADDRESS
581000;581001;HAS_ADDRESS
581005;581006;HAS_ADDRESS
581010;581011;HAS_ADDRESS
581015;581016;HAS_ADDRESS
581020;581021;HAS_ADDRESS
581025;581026;HAS_ADDRESS
581030;581031;HAS_ADDRESS
581035;581036;HAS_ADDRESS
581040;581041;HAS_ADDRESS
581045;581046;HAS_ADDRESS
581050;581051;HAS_ADDRESS
581055;581056;HAS_ADDRESS
581060;581061;HAS_ADDRESS
581065;581066;HAS_ADDRESS
581070;581071;HAS_ADDRESS
581075;581076;HAS_ADDRESS
581080;581081;HAS_ADDRESS
581085;581086;HAS_ADDRESS
581090;581091;HAS_ADDRESS
581095;581096;HAS_ADDRESS
581100;581101;HAS_ADDRESS
581105;581106;HAS_ADDRESS
581110;581111;HAS_ADDRESS
581115;581116;HAS_ADDRESS
581120;581121;HAS_ADDRESS
581125;581126;HAS_ADDRESS
581130;581131;HAS_ADDRESS
581135;581136;HAS_ADDRESS
581140;581141;HAS_ADDRESS
581145;581146;HAS_ADDRESS
581150;581151;HAS_ADDRESS
581155;581156;HAS_ADDRESS
581160;581161;HAS_ADDRESS
581165;581166;HAS_ADDRESS
581170;581171;HAS_ADDRESS
581175;581176;HAS_ADDRESS
581180;581181;HAS_ADDRESS
581185;581186;HAS_ADDRESS
581190;581191;HAS_ADDRESS
581195;581196;HAS_ADDRESS
581200;581201;HAS_ADDRESS
581205;581206;HAS_ADDRESS
581210;581211;HAS_ADDRESS
581215;581216;HAS_ADDRESS
581220;581221;HAS_ADDRESS
581225;581226;HAS_ADDRESS
581230;581231;HAS_ADDRESS
581235;581236;HAS_ADDRESS
581240;581241;HAS_ADDRESS
581245;581246;HAS_ADDRESS
581250;581251;HAS_ADDRESS
581255;581256;HAS_ADDRESS
581260;581261;HAS_ADDRESS
581265;581266;HAS_ADDRESS
581270;581271;HAS_ADDRESS
581275;581276;HAS_ADDRESS
581280;581281;HAS_ADDRESS
581285;581286;HAS_ADDRESS
581290;581291;HAS_ADDRESS
581295;581296;HAS_ADDRESS
581300;581301;HAS_ADDRESS
581305;581306;HAS_ADDRESS
581310;581311;HAS_ADDRESS
581315;581316;HAS_ADDRESS
581320;581321;HAS_ADDRESS
581325;581326;HAS_ADDRESS
581330;581331;HAS_ADDRESS
581335;581336;HAS_ADDRESS
581340;581341;HAS_ADDRESS
581345;581346;HAS_ADDRESS
581350;581351;HAS_ADDRESS
581355;581356;HAS_ADDRESS
581360;581361;HAS_ADDRESS
581365;581366;HAS_ADDRESS
581370;581371;HAS_ADDRESS
581375;581376;HAS_ADDRESS
581380;581381;HAS_ADDRESS
581385;581386;HAS_ADDRESS
581390;581391;HAS_ADDRESS
581395;581396;HAS_ADDRESS
581400;581401;HAS_ADDRESS
581405;581406;HAS_ADDRESS
581410;581411;HAS_ADDRESS
581415;581416;HAS_ADDRESS
581420;581421;HAS_ADDRESS
581425;581426;HAS_ADDRESS
581430;581431;HAS_ADDRESS
581435;581436;HAS_ADDRESS
581440;581441;HAS_ADDRESS
581445;581446;HAS_ADDRESS
581450;581451;HAS_ADDRESS
581455;581456;HAS_ADDRESS
581460;581461;HAS_ADDRESS
581465;581466;HAS_ADDRESS
581470;581471;HAS_ADDRESS
581475;581476;HAS_ADDRESS
581480;581481;HAS_ADDRESS
581485;581486;HAS_ADDRESS
581490;581491;HAS_ADDRESS
581495;581496;HAS_ADDRESS
581500;581501;HAS_ADDRESS
581505;581506;HAS_ADDRESS
581510;581511;HAS_ADDRESS
581515;581516;HAS_ADDRESS
581520;581521;HAS_ADDRESS
581525;581526;HAS_ADDRESS
581530;581531;HAS_ADDRESS
581535;581536;HAS_ADDRESS
581540;581541;HAS_ADDRESS
581545;581546;HAS_ADDRESS
581550;581551;HAS_ADDRESS
581555;581556;HAS_ADDRESS
581560;581561;HAS_ADDRESS
581565;581566;HAS_ADDRESS
581570;581571;HAS_ADDRESS
581575;581576;HAS_ADDRESS
581580;581581;HAS_ADDRESS
581585;581586;HAS_ADDRESS
581590;581591;HAS_ADDRESS
581595;581596;HAS_ADDRESS
581600;581601;HAS_ADDRESS
581605;581606;HAS_ADDRESS
581610;581611;HAS_ADDRESS
581615;581616;HAS_ADDRESS
581620;581621;HAS_ADDRESS
581625;581626;HAS_ADDRESS
581630;581631;HAS_ADDRESS
581635;581636;HAS_ADDRESS
581640;581641;HAS_ADDRESS
581645;581646;HAS_ADDRESS
581650;581651;HAS_ADDRESS
581655;581656;HAS_ADDRESS
581660;581661;HAS_ADDRESS
581665;581666;HAS_ADDRESS
581670;581671;HAS_ADDRESS
581675;581676;HAS_ADDRESS
581680;581681;HAS_ADDRESS
581685;581686;HAS_ADDRESS
581690;581691;HAS_ADDRESS
581695;581696;HAS_ADDRESS
581700;581701;HAS_ADDRESS
581705;581706;HAS_ADDRESS
581710;581711;HAS_ADDRESS
581715;581716;HAS_ADDRESS
581720;581721;HAS_ADDRESS
581725;581726;HAS_ADDRESS
581730;581731;HAS_ADDRESS
581735;581736;HAS_ADDRESS
581740;581741;HAS_ADDRESS
581745;581746;HAS_ADDRESS
581750;581751;HAS_ADDRESS
581755;581756;HAS_ADDRESS
581760;581761;HAS_ADDRESS
581765;581766;HAS_ADDRESS
581770;581771;HAS_ADDRESS
581775;581776;HAS_ADDRESS
581780;581781;HAS_ADDRESS
581785;581786;HAS_ADDRESS
581790;581791;HAS_ADDRESS
581795;581796;HAS_ADDRESS
581800;581801;HAS_ADDRESS
581805;581806;HAS_ADDRESS
581810;581811;HAS_ADDRESS
581815;581816;HAS_ADDRESS
581820;581821;HAS_ADDRESS
581825;581826;HAS_ADDRESS
581830;581831;HAS_ADDRESS
581835;581836;HAS_ADDRESS
581840;581841;HAS_ADDRESS
581845;581846;HAS_ADDRESS
581850;581851;HAS_ADDRESS
581855;581856;HAS_ADDRESS
581860;581861;HAS_ADDRESS
581865;581866;HAS_ADDRESS
581870;581871;HAS_ADDRESS
581875;581876;HAS_ADDRESS
581880;581881;HAS_ADDRESS
581885;581886;HAS_ADDRESS
581890;581891;HAS_ADDRESS
581895;581896;HAS_ADDRESS
581900;581901;HAS_ADDRESS
581905;581906;HAS_ADDRESS
581910;581911;HAS_ADDRESS
581915;581916;HAS_ADDRESS
581920;581921;HAS_ADDRESS
581925;581926;HAS_ADDRESS
581930;581931;HAS_ADDRESS
581935;581936;HAS_ADDRESS
581940;581941;HAS_ADDRESS
581945;581946;HAS_ADDRESS
581950;581951;HAS_ADDRESS
581955;581956;HAS_ADDRESS
581960;581961;HAS_ADDRESS
581965;581966;HAS_ADDRESS
581970;581971;HAS_ADDRESS
581975;581976;HAS_ADDRESS
581980;581981;HAS_ADDRESS
581985;581986;HAS_ADDRESS
581990;581991;HAS_ADDRESS
581995;581996;HAS_ADDRESS
582000;582001;HAS_ADDRESS
582005;582006;HAS_ADDRESS
582010;582011;HAS_ADDRESS
582015;582016;HAS_ADDRESS
582020;582021;HAS_ADDRESS
582025;582026;HAS_ADDRESS
582030;582031;HAS_ADDRESS
582035;582036;HAS_ADDRESS
582040;582041;HAS_ADDRESS
582045;582046;HAS_ADDRESS
582050;582051;HAS_ADDRESS
582055;582056;HAS_ADDRESS
582060;582061;HAS_ADDRESS
582065;582066;HAS_ADDRESS
582070;582071;HAS_ADDRESS
582075;582076;HAS_ADDRESS
582080;582081;HAS_ADDRESS
582085;582086;HAS_ADDRESS
582090;582091;HAS_ADDRESS
582095;582096;HAS_ADDRESS
582100;582101;HAS_ADDRESS
582105;582106;HAS_ADDRESS
582110;582111;HAS_ADDRESS
582115;582116;HAS_ADDRESS
582120;582121;HAS_ADDRESS
582125;582126;HAS_ADDRESS
582130;582131;HAS_ADDRESS
582135;582136;HAS_ADDRESS
582140;582141;HAS_ADDRESS
582145;582146;HAS_ADDRESS
582150;582151;HAS_ADDRESS
582155;582156;HAS_ADDRESS
582160;582161;HAS_ADDRESS
582165;582166;HAS_ADDRESS
582170;582171;HAS_ADDRESS
582175;582176;HAS_ADDRESS
582180;582181;HAS_ADDRESS
582185;582186;HAS_ADDRESS
582190;582191;HAS_ADDRESS
582195;582196;HAS_ADDRESS
582200;582201;HAS_ADDRESS
582205;582206;HAS_ADDRESS
582210;582211;HAS_ADDRESS
582215;582216;HAS_ADDRESS
582220;582221;HAS_ADDRESS
582225;582226;HAS_ADDRESS
582230;582231;HAS_ADDRESS
582235;582236;HAS_ADDRESS
582240;582241;HAS_ADDRESS
582245;582246;HAS_ADDRESS
582250;582251;HAS_ADDRESS
582255;582256;HAS_ADDRESS
582260;582261;HAS_ADDRESS
582265;582266;HAS_ADDRESS
582270;582271;HAS_ADDRESS
582275;582276;HAS_ADDRESS
582280;582281;HAS_ADDRESS
582285;582286;HAS_ADDRESS
582290;582291;HAS_ADDRESS
582295;582296;HAS_ADDRESS
582300;582301;HAS_ADDRESS
582305;582306;HAS_ADDRESS
582310;582311;HAS_ADDRESS
582315;582316;HAS_ADDRESS
582320;582321;HAS_ADDRESS
582325;582326;HAS_ADDRESS
582330;582331;HAS_ADDRESS
582335;582336;HAS_ADDRESS
582340;582341;HAS_ADDRESS
582345;582346;HAS_ADDRESS
582350;582351;HAS_ADDRESS
582355;582356;HAS_ADDRESS
582360;582361;HAS_ADDRESS
582365;582366;HAS_ADDRESS
582370;582371;HAS_ADDRESS
582375;582376;HAS_ADDRESS
582380;582381;HAS_ADDRESS
582385;582386;HAS_ADDRESS
582390;582391;HAS_ADDRESS
582395;582396;HAS_ADDRESS
582400;582401;HAS_ADDRESS
582405;582406;HAS_ADDRESS
582410;582411;HAS_ADDRESS
582415;582416;HAS_ADDRESS
582420;582421;HAS_ADDRESS
582425;582426;HAS_ADDRESS
582430;582431;HAS_ADDRESS
582435;582436;HAS_ADDRESS
582440;582441;HAS_ADDRESS
582445;582446;HAS_ADDRESS
582450;582451;HAS_ADDRESS
582455;582456;HAS_ADDRESS
582460;582461;HAS_ADDRESS
582465;582466;HAS_ADDRESS
582470;582471;HAS_ADDRESS
582475;582476;HAS_ADDRESS
582480;582481;HAS_ADDRESS
582485;582486;HAS_ADDRESS
582490;582491;HAS_ADDRESS
582495;582496;HAS_ADDRESS
582500;582501;HAS_ADDRESS
582505;582506;HAS_ADDRESS
582510;582511;HAS_ADDRESS
582515;582516;HAS_ADDRESS
582520;582521;HAS_ADDRESS
582525;582526;HAS_ADDRESS
582530;582531;HAS_ADDRESS
582535;582536;HAS_ADDRESS
582540;582541;HAS_ADDRESS
582545;582546;HAS_ADDRESS
582550;582551;HAS_ADDRESS
582555;582556;HAS_ADDRESS
582560;582561;HAS_ADDRESS
582565;582566;HAS_ADDRESS
582570;582571;HAS_ADDRESS
582575;582576;HAS_ADDRESS
582580;582581;HAS_ADDRESS
582585;582586;HAS_ADDRESS
582590;582591;HAS_ADDRESS
582595;582596;HAS_ADDRESS
582600;582601;HAS_ADDRESS
582605;582606;HAS_ADDRESS
582610;582611;HAS_ADDRESS
582615;582616;HAS_ADDRESS
582620;582621;HAS_ADDRESS
582625;582626;HAS_ADDRESS
582630;582631;HAS_ADDRESS
582635;582636;HAS_ADDRESS
582640;582641;HAS_ADDRESS
582645;582646;HAS_ADDRESS
582650;582651;HAS_ADDRESS
582655;582656;HAS_ADDRESS
582660;582661;HAS_ADDRESS
582665;582666;HAS_ADDRESS
582670;582671;HAS_ADDRESS
582675;582676;HAS_ADDRESS
582680;582681;HAS_ADDRESS
582685;582686;HAS_ADDRESS
582690;582691;HAS_ADDRESS
582695;582696;HAS_ADDRESS
582700;582701;HAS_ADDRESS
582705;582706;HAS_ADDRESS
582710;582711;HAS_ADDRESS
582715;582716;HAS_ADDRESS
582720;582721;HAS_ADDRESS
582725;582726;HAS_ADDRESS
582730;582731;HAS_ADDRESS
582735;582736;HAS_ADDRESS
582740;582741;HAS_ADDRESS
582745;582746;HAS_ADDRESS
582750;582751;HAS_ADDRESS
582755;582756;HAS_ADDRESS
582760;582761;HAS_ADDRESS
582765;582766;HAS_ADDRESS
582770;582771;HAS_ADDRESS
582775;582776;HAS_ADDRESS
582780;582781;HAS_ADDRESS
582785;582786;HAS_ADDRESS
582790;582791;HAS_ADDRESS
582795;582796;HAS_ADDRESS
582800;582801;HAS_ADDRESS
582805;582806;HAS_ADDRESS
582810;582811;HAS_ADDRESS
582815;582816;HAS_ADDRESS
582820;582821;HAS_ADDRESS
582825;582826;HAS_ADDRESS
582830;582831;HAS_ADDRESS
582835;582836;HAS_ADDRESS
582840;582841;HAS_ADDRESS
582845;582846;HAS_ADDRESS
582850;582851;HAS_ADDRESS
582855;582856;HAS_ADDRESS
582860;582861;HAS_ADDRESS
582865;582866;HAS_ADDRESS
582870;582871;HAS_ADDRESS
582875;582876;HAS_ADDRESS
582880;582881;HAS_ADDRESS
582885;582886;HAS_ADDRESS
582890;582891;HAS_ADDRESS
582895;582896;HAS_ADDRESS
582900;582901;HAS_ADDRESS
582905;582906;HAS_ADDRESS
582910;582911;HAS_ADDRESS
582915;582916;HAS_ADDRESS
582920;582921;HAS_ADDRESS
582925;582926;HAS_ADDRESS
582930;582931;HAS_ADDRESS
582935;582936;HAS_ADDRESS
582940;582941;HAS_ADDRESS
582945;582946;HAS_ADDRESS
582950;582951;HAS_ADDRESS
582955;582956;HAS_ADDRESS
582960;582961;HAS_ADDRESS
582965;582966;HAS_ADDRESS
582970;582971;HAS_ADDRESS
582975;582976;HAS_ADDRESS
582980;582981;HAS_ADDRESS
582985;582986;HAS_ADDRESS
582990;582991;HAS_ADDRESS
582995;582996;HAS_ADDRESS
583000;583001;HAS_ADDRESS
583005;583006;HAS_ADDRESS
583010;583011;HAS_ADDRESS
583015;583016;HAS_ADDRESS
583020;583021;HAS_ADDRESS
583025;583026;HAS_ADDRESS
583030;583031;HAS_ADDRESS
583035;583036;HAS_ADDRESS
583040;583041;HAS_ADDRESS
583045;583046;HAS_ADDRESS
583050;583051;HAS_ADDRESS
583055;583056;HAS_ADDRESS
583060;583061;HAS_ADDRESS
583065;583066;HAS_ADDRESS
583070;583071;HAS_ADDRESS
583075;583076;HAS_ADDRESS
583080;583081;HAS_ADDRESS
583085;583086;HAS_ADDRESS
583090;583091;HAS_ADDRESS
583095;583096;HAS_ADDRESS
583100;583101;HAS_ADDRESS
583105;583106;HAS_ADDRESS
583110;583111;HAS_ADDRESS
583115;583116;HAS_ADDRESS
583120;583121;HAS_ADDRESS
583125;583126;HAS_ADDRESS
583130;583131;HAS_ADDRESS
583135;583136;HAS_ADDRESS
583140;583141;HAS_ADDRESS
583145;583146;HAS_ADDRESS
583150;583151;HAS_ADDRESS
583155;583156;HAS_ADDRESS
583160;583161;HAS_ADDRESS
583165;583166;HAS_ADDRESS
583170;583171;HAS_ADDRESS
583175;583176;HAS_ADDRESS
583180;583181;HAS_ADDRESS
583185;583186;HAS_ADDRESS
583190;583191;HAS_ADDRESS
583195;583196;HAS_ADDRESS
583200;583201;HAS_ADDRESS
583205;583206;HAS_ADDRESS
583210;583211;HAS_ADDRESS
583215;583216;HAS_ADDRESS
583220;583221;HAS_ADDRESS
583225;583226;HAS_ADDRESS
583230;583231;HAS_ADDRESS
583235;583236;HAS_ADDRESS
583240;583241;HAS_ADDRESS
583245;583246;HAS_ADDRESS
583250;583251;HAS_ADDRESS
583255;583256;HAS_ADDRESS
583260;583261;HAS_ADDRESS
583265;583266;HAS_ADDRESS
583270;583271;HAS_ADDRESS
583275;583276;HAS_ADDRESS
583280;583281;HAS_ADDRESS
583285;583286;HAS_ADDRESS
583290;583291;HAS_ADDRESS
583295;583296;HAS_ADDRESS
583300;583301;HAS_ADDRESS
583305;583306;HAS_ADDRESS
583310;583311;HAS_ADDRESS
583315;583316;HAS_ADDRESS
583320;583321;HAS_ADDRESS
583325;583326;HAS_ADDRESS
583330;583331;HAS_ADDRESS
583335;583336;HAS_ADDRESS
583340;583341;HAS_ADDRESS
583345;583346;HAS_ADDRESS
583350;583351;HAS_ADDRESS
583355;583356;HAS_ADDRESS
583360;583361;HAS_ADDRESS
583365;583366;HAS_ADDRESS
583370;583371;HAS_ADDRESS
583375;583376;HAS_ADDRESS
583380;583381;HAS_ADDRESS
583385;583386;HAS_ADDRESS
583390;583391;HAS_ADDRESS
583395;583396;HAS_ADDRESS
583400;583401;HAS_ADDRESS
583405;583406;HAS_ADDRESS
583410;583411;HAS_ADDRESS
583415;583416;HAS_ADDRESS
583420;583421;HAS_ADDRESS
583425;583426;HAS_ADDRESS
583430;583431;HAS_ADDRESS
583435;583436;HAS_ADDRESS
583440;583441;HAS_ADDRESS
583445;583446;HAS_ADDRESS
583450;583451;HAS_ADDRESS
583455;583456;HAS_ADDRESS
583460;583461;HAS_ADDRESS
583465;583466;HAS_ADDRESS
583470;583471;HAS_ADDRESS
583475;583476;HAS_ADDRESS
583480;583481;HAS_ADDRESS
583485;583486;HAS_ADDRESS
583490;583491;HAS_ADDRESS
583495;583496;HAS_ADDRESS
583500;583501;HAS_ADDRESS
583505;583506;HAS_ADDRESS
583510;583511;HAS_ADDRESS
583515;583516;HAS_ADDRESS
583520;583521;HAS_ADDRESS
583525;583526;HAS_ADDRESS
583530;583531;HAS_ADDRESS
583535;583536;HAS_ADDRESS
583540;583541;HAS_ADDRESS
583545;583546;HAS_ADDRESS
583550;583551;HAS_ADDRESS
583555;583556;HAS_ADDRESS
583560;583561;HAS_ADDRESS
583565;583566;HAS_ADDRESS
583570;583571;HAS_ADDRESS
583575;583576;HAS_ADDRESS
583580;583581;HAS_ADDRESS
583585;583586;HAS_ADDRESS
583590;583591;HAS_ADDRESS
583595;583596;HAS_ADDRESS
583600;583601;HAS_ADDRESS
583605;583606;HAS_ADDRESS
583610;583611;HAS_ADDRESS
583615;583616;HAS_ADDRESS
583620;583621;HAS_ADDRESS
583625;583626;HAS_ADDRESS
583630;583631;HAS_ADDRESS
583635;583636;HAS_ADDRESS
583640;583641;HAS_ADDRESS
583645;583646;HAS_ADDRESS
583650;583651;HAS_ADDRESS
583655;583656;HAS_ADDRESS
583660;583661;HAS_ADDRESS
583665;583666;HAS_ADDRESS
583670;583671;HAS_ADDRESS
583675;583676;HAS_ADDRESS
583680;583681;HAS_ADDRESS
583685;583686;HAS_ADDRESS
583690;583691;HAS_ADDRESS
583695;583696;HAS_ADDRESS
583700;583701;HAS_ADDRESS
583705;583706;HAS_ADDRESS
583710;583711;HAS_ADDRESS
583715;583716;HAS_ADDRESS
583720;583721;HAS_ADDRESS
583725;583726;HAS_ADDRESS
583730;583731;HAS_ADDRESS
583735;583736;HAS_ADDRESS
583740;583741;HAS_ADDRESS
583745;583746;HAS_ADDRESS
583750;583751;HAS_ADDRESS
583755;583756;HAS_ADDRESS
583760;583761;HAS_ADDRESS
583765;583766;HAS_ADDRESS
583770;583771;HAS_ADDRESS
583775;583776;HAS_ADDRESS
583780;583781;HAS_ADDRESS
583785;583786;HAS_ADDRESS
583790;583791;HAS_ADDRESS
583795;583796;HAS_ADDRESS
583800;583801;HAS_ADDRESS
583805;583806;HAS_ADDRESS
583810;583811;HAS_ADDRESS
583815;583816;HAS_ADDRESS
583820;583821;HAS_ADDRESS
583825;583826;HAS_ADDRESS
583830;583831;HAS_ADDRESS
583835;583836;HAS_ADDRESS
583840;583841;HAS_ADDRESS
583845;583846;HAS_ADDRESS
583850;583851;HAS_ADDRESS
583855;583856;HAS_ADDRESS
583860;583861;HAS_ADDRESS
583865;583866;HAS_ADDRESS
583870;583871;HAS_ADDRESS
583875;583876;HAS_ADDRESS
583880;583881;HAS_ADDRESS
583885;583886;HAS_ADDRESS
583890;583891;HAS_ADDRESS
583895;583896;HAS_ADDRESS
583900;583901;HAS_ADDRESS
583905;583906;HAS_ADDRESS
583910;583911;HAS_ADDRESS
583915;583916;HAS_ADDRESS
583920;583921;HAS_ADDRESS
583925;583926;HAS_ADDRESS
583930;583931;HAS_ADDRESS
583935;583936;HAS_ADDRESS
583940;583941;HAS_ADDRESS
583945;583946;HAS_ADDRESS
583950;583951;HAS_ADDRESS
583955;583956;HAS_ADDRESS
583960;583961;HAS_ADDRESS
583965;583966;HAS_ADDRESS
583970;583971;HAS_ADDRESS
583975;583976;HAS_ADDRESS
583980;583981;HAS_ADDRESS
583985;583986;HAS_ADDRESS
583990;583991;HAS_ADDRESS
583995;583996;HAS_ADDRESS
584000;584001;HAS_ADDRESS
584005;584006;HAS_ADDRESS
584010;584011;HAS_ADDRESS
584015;584016;HAS_ADDRESS
584020;584021;HAS_ADDRESS
584025;584026;HAS_ADDRESS
584030;584031;HAS_ADDRESS
584035;584036;HAS_ADDRESS
584040;584041;HAS_ADDRESS
584045;584046;HAS_ADDRESS
584050;584051;HAS_ADDRESS
584055;584056;HAS_ADDRESS
584060;584061;HAS_ADDRESS
584065;584066;HAS_ADDRESS
584070;584071;HAS_ADDRESS
584075;584076;HAS_ADDRESS
584080;584081;HAS_ADDRESS
584085;584086;HAS_ADDRESS
584090;584091;HAS_ADDRESS
584095;584096;HAS_ADDRESS
584100;584101;HAS_ADDRESS
584105;584106;HAS_ADDRESS
584110;584111;HAS_ADDRESS
584115;584116;HAS_ADDRESS
584120;584121;HAS_ADDRESS
584125;584126;HAS_ADDRESS
584130;584131;HAS_ADDRESS
584135;584136;HAS_ADDRESS
584140;584141;HAS_ADDRESS
584145;584146;HAS_ADDRESS
584150;584151;HAS_ADDRESS
584155;584156;HAS_ADDRESS
584160;584161;HAS_ADDRESS
584165;584166;HAS_ADDRESS
584170;584171;HAS_ADDRESS
584175;584176;HAS_ADDRESS
584180;584181;HAS_ADDRESS
584185;584186;HAS_ADDRESS
584190;584191;HAS_ADDRESS
584195;584196;HAS_ADDRESS
584200;584201;HAS_ADDRESS
584205;584206;HAS_ADDRESS
584210;584211;HAS_ADDRESS
584215;584216;HAS_ADDRESS
584220;584221;HAS_ADDRESS
584225;584226;HAS_ADDRESS
584230;584231;HAS_ADDRESS
584235;584236;HAS_ADDRESS
584240;584241;HAS_ADDRESS
584245;584246;HAS_ADDRESS
584250;584251;HAS_ADDRESS
584255;584256;HAS_ADDRESS
584260;584261;HAS_ADDRESS
584265;584266;HAS_ADDRESS
584270;584271;HAS_ADDRESS
584275;584276;HAS_ADDRESS
584280;584281;HAS_ADDRESS
584285;584286;HAS_ADDRESS
584290;584291;HAS_ADDRESS
584295;584296;HAS_ADDRESS
584300;584301;HAS_ADDRESS
584305;584306;HAS_ADDRESS
584310;584311;HAS_ADDRESS
584315;584316;HAS_ADDRESS
584320;584321;HAS_ADDRESS
584325;584326;HAS_ADDRESS
584330;584331;HAS_ADDRESS
584335;584336;HAS_ADDRESS
584340;584341;HAS_ADDRESS
584345;584346;HAS_ADDRESS
584350;584351;HAS_ADDRESS
584355;584356;HAS_ADDRESS
584360;584361;HAS_ADDRESS
584365;584366;HAS_ADDRESS
584370;584371;HAS_ADDRESS
584375;584376;HAS_ADDRESS
584380;584381;HAS_ADDRESS
584385;584386;HAS_ADDRESS
584390;584391;HAS_ADDRESS
584395;584396;HAS_ADDRESS
584400;584401;HAS_ADDRESS
584405;584406;HAS_ADDRESS
584410;584411;HAS_ADDRESS
584415;584416;HAS_ADDRESS
584420;584421;HAS_ADDRESS
584425;584426;HAS_ADDRESS
584430;584431;HAS_ADDRESS
584435;584436;HAS_ADDRESS
584440;584441;HAS_ADDRESS
584445;584446;HAS_ADDRESS
584450;584451;HAS_ADDRESS
584455;584456;HAS_ADDRESS
584460;584461;HAS_ADDRESS
584465;584466;HAS_ADDRESS
584470;584471;HAS_ADDRESS
584475;584476;HAS_ADDRESS
584480;584481;HAS_ADDRESS
584485;584486;HAS_ADDRESS
584490;584491;HAS_ADDRESS
584495;584496;HAS_ADDRESS
584500;584501;HAS_ADDRESS
584505;584506;HAS_ADDRESS
584510;584511;HAS_ADDRESS
584515;584516;HAS_ADDRESS
584520;584521;HAS_ADDRESS
584525;584526;HAS_ADDRESS
584530;584531;HAS_ADDRESS
584535;584536;HAS_ADDRESS
584540;584541;HAS_ADDRESS
584545;584546;HAS_ADDRESS
584550;584551;HAS_ADDRESS
584555;584556;HAS_ADDRESS
584560;584561;HAS_ADDRESS
584565;584566;HAS_ADDRESS
584570;584571;HAS_ADDRESS
584575;584576;HAS_ADDRESS
584580;584581;HAS_ADDRESS
584585;584586;HAS_ADDRESS
584590;584591;HAS_ADDRESS
584595;584596;HAS_ADDRESS
584600;584601;HAS_ADDRESS
584605;584606;HAS_ADDRESS
584610;584611;HAS_ADDRESS
584615;584616;HAS_ADDRESS
584620;584621;HAS_ADDRESS
584625;584626;HAS_ADDRESS
584630;584631;HAS_ADDRESS
584635;584636;HAS_ADDRESS
584640;584641;HAS_ADDRESS
584645;584646;HAS_ADDRESS
584650;584651;HAS_ADDRESS
584655;584656;HAS_ADDRESS
584660;584661;HAS_ADDRESS
584665;584666;HAS_ADDRESS
584670;584671;HAS_ADDRESS
584675;584676;HAS_ADDRESS
584680;584681;HAS_ADDRESS
584685;584686;HAS_ADDRESS
584690;584691;HAS_ADDRESS
584695;584696;HAS_ADDRESS
584700;584701;HAS_ADDRESS
584705;584706;HAS_ADDRESS
584710;584711;HAS_ADDRESS
584715;584716;HAS_ADDRESS
584720;584721;HAS_ADDRESS
584725;584726;HAS_ADDRESS
584730;584731;HAS_ADDRESS
584735;584736;HAS_ADDRESS
584740;584741;HAS_ADDRESS
584745;584746;HAS_ADDRESS
584750;584751;HAS_ADDRESS
584755;584756;HAS_ADDRESS
584760;584761;HAS_ADDRESS
584765;584766;HAS_ADDRESS
584770;584771;HAS_ADDRESS
584775;584776;HAS_ADDRESS
584780;584781;HAS_ADDRESS
584785;584786;HAS_ADDRESS
584790;584791;HAS_ADDRESS
584795;584796;HAS_ADDRESS
584800;584801;HAS_ADDRESS
584805;584806;HAS_ADDRESS
584810;584811;HAS_ADDRESS
584815;584816;HAS_ADDRESS
584820;584821;HAS_ADDRESS
584825;584826;HAS_ADDRESS
584830;584831;HAS_ADDRESS
584835;584836;HAS_ADDRESS
584840;584841;HAS_ADDRESS
584845;584846;HAS_ADDRESS
584850;584851;HAS_ADDRESS
584855;584856;HAS_ADDRESS
584860;584861;HAS_ADDRESS
584865;584866;HAS_ADDRESS
584870;584871;HAS_ADDRESS
584875;584876;HAS_ADDRESS
584880;584881;HAS_ADDRESS
584885;584886;HAS_ADDRESS
584890;584891;HAS_ADDRESS
584895;584896;HAS_ADDRESS
584900;584901;HAS_ADDRESS
584905;584906;HAS_ADDRESS
584910;584911;HAS_ADDRESS
584915;584916;HAS_ADDRESS
584920;584921;HAS_ADDRESS
584925;584926;HAS_ADDRESS
584930;584931;HAS_ADDRESS
584935;584936;HAS_ADDRESS
584940;584941;HAS_ADDRESS
584945;584946;HAS_ADDRESS
584950;584951;HAS_ADDRESS
584955;584956;HAS_ADDRESS
584960;584961;HAS_ADDRESS
584965;584966;HAS_ADDRESS
584970;584971;HAS_ADDRESS
584975;584976;HAS_ADDRESS
584980;584981;HAS_ADDRESS
584985;584986;HAS_ADDRESS
584990;584991;HAS_ADDRESS
584995;584996;HAS_ADDRESS
585000;585001;HAS_ADDRESS
585005;585006;HAS_ADDRESS
585010;585011;HAS_ADDRESS
585015;585016;HAS_ADDRESS
585020;585021;HAS_ADDRESS
585025;585026;HAS_ADDRESS
585030;585031;HAS_ADDRESS
585035;585036;HAS_ADDRESS
585040;585041;HAS_ADDRESS
585045;585046;HAS_ADDRESS
585050;585051;HAS_ADDRESS
585055;585056;HAS_ADDRESS
585060;585061;HAS_ADDRESS
585065;585066;HAS_ADDRESS
585070;585071;HAS_ADDRESS
585075;585076;HAS_ADDRESS
585080;585081;HAS_ADDRESS
585085;585086;HAS_ADDRESS
585090;585091;HAS_ADDRESS
585095;585096;HAS_ADDRESS
585100;585101;HAS_ADDRESS
585105;585106;HAS_ADDRESS
585110;585111;HAS_ADDRESS
585115;585116;HAS_ADDRESS
585120;585121;HAS_ADDRESS
585125;585126;HAS_ADDRESS
585130;585131;HAS_ADDRESS
585135;585136;HAS_ADDRESS
585140;585141;HAS_ADDRESS
585145;585146;HAS_ADDRESS
585150;585151;HAS_ADDRESS
585155;585156;HAS_ADDRESS
585160;585161;HAS_ADDRESS
585165;585166;HAS_ADDRESS
585170;585171;HAS_ADDRESS
585175;585176;HAS_ADDRESS
585180;585181;HAS_ADDRESS
585185;585186;HAS_ADDRESS
585190;585191;HAS_ADDRESS
585195;585196;HAS_ADDRESS
585200;585201;HAS_ADDRESS
585205;585206;HAS_ADDRESS
585210;585211;HAS_ADDRESS
585215;585216;HAS_ADDRESS
585220;585221;HAS_ADDRESS
585225;585226;HAS_ADDRESS
585230;585231;HAS_ADDRESS
585235;585236;HAS_ADDRESS
585240;585241;HAS_ADDRESS
585245;585246;HAS_ADDRESS
585250;585251;HAS_ADDRESS
585255;585256;HAS_ADDRESS
585260;585261;HAS_ADDRESS
585265;585266;HAS_ADDRESS
585270;585271;HAS_ADDRESS
585275;585276;HAS_ADDRESS
585280;585281;HAS_ADDRESS
585285;585286;HAS_ADDRESS
585290;585291;HAS_ADDRESS
585295;585296;HAS_ADDRESS
585300;585301;HAS_ADDRESS
585305;585306;HAS_ADDRESS
585310;585311;HAS_ADDRESS
585315;585316;HAS_ADDRESS
585320;585321;HAS_ADDRESS
585325;585326;HAS_ADDRESS
585330;585331;HAS_ADDRESS
585335;585336;HAS_ADDRESS
585340;585341;HAS_ADDRESS
585345;585346;HAS_ADDRESS
585350;585351;HAS_ADDRESS
585355;585356;HAS_ADDRESS
585360;585361;HAS_ADDRESS
585365;585366;HAS_ADDRESS
585370;585371;HAS_ADDRESS
585375;585376;HAS_ADDRESS
585380;585381;HAS_ADDRESS
585385;585386;HAS_ADDRESS
585390;585391;HAS_ADDRESS
585395;585396;HAS_ADDRESS
585400;585401;HAS_ADDRESS
585405;585406;HAS_ADDRESS
585410;585411;HAS_ADDRESS
585415;585416;HAS_ADDRESS
585420;585421;HAS_ADDRESS
585425;585426;HAS_ADDRESS
585430;585431;HAS_ADDRESS
585435;585436;HAS_ADDRESS
585440;585441;HAS_ADDRESS
585445;585446;HAS_ADDRESS
585450;585451;HAS_ADDRESS
585455;585456;HAS_ADDRESS
585460;585461;HAS_ADDRESS
585465;585466;HAS_ADDRESS
585470;585471;HAS_ADDRESS
585475;585476;HAS_ADDRESS
585480;585481;HAS_ADDRESS
585485;585486;HAS_ADDRESS
585490;585491;HAS_ADDRESS
585495;585496;HAS_ADDRESS
585500;585501;HAS_ADDRESS
585505;585506;HAS_ADDRESS
585510;585511;HAS_ADDRESS
585515;585516;HAS_ADDRESS
585520;585521;HAS_ADDRESS
585525;585526;HAS_ADDRESS
585530;585531;HAS_ADDRESS
585535;585536;HAS_ADDRESS
585540;585541;HAS_ADDRESS
585545;585546;HAS_ADDRESS
585550;585551;HAS_ADDRESS
585555;585556;HAS_ADDRESS
585560;585561;HAS_ADDRESS
585565;585566;HAS_ADDRESS
585570;585571;HAS_ADDRESS
585575;585576;HAS_ADDRESS
585580;585581;HAS_ADDRESS
585585;585586;HAS_ADDRESS
585590;585591;HAS_ADDRESS
585595;585596;HAS_ADDRESS
585600;585601;HAS_ADDRESS
585605;585606;HAS_ADDRESS
585610;585611;HAS_ADDRESS
585615;585616;HAS_ADDRESS
585620;585621;HAS_ADDRESS
585625;585626;HAS_ADDRESS
585630;585631;HAS_ADDRESS
585635;585636;HAS_ADDRESS
585640;585641;HAS_ADDRESS
585645;585646;HAS_ADDRESS
585650;585651;HAS_ADDRESS
585655;585656;HAS_ADDRESS
585660;585661;HAS_ADDRESS
585665;585666;HAS_ADDRESS
585670;585671;HAS_ADDRESS
585675;585676;HAS_ADDRESS
585680;585681;HAS_ADDRESS
585685;585686;HAS_ADDRESS
585690;585691;HAS_ADDRESS
585695;585696;HAS_ADDRESS
585700;585701;HAS_ADDRESS
585705;585706;HAS_ADDRESS
585710;585711;HAS_ADDRESS
585715;585716;HAS_ADDRESS
585720;585721;HAS_ADDRESS
585725;585726;HAS_ADDRESS
585730;585731;HAS_ADDRESS
585735;585736;HAS_ADDRESS
585740;585741;HAS_ADDRESS
585745;585746;HAS_ADDRESS
585750;585751;HAS_ADDRESS
585755;585756;HAS_ADDRESS
585760;585761;HAS_ADDRESS
585765;585766;HAS_ADDRESS
585770;585771;HAS_ADDRESS
585775;585776;HAS_ADDRESS
585780;585781;HAS_ADDRESS
585785;585786;HAS_ADDRESS
585790;585791;HAS_ADDRESS
585795;585796;HAS_ADDRESS
585800;585801;HAS_ADDRESS
585805;585806;HAS_ADDRESS
585810;585811;HAS_ADDRESS
585815;585816;HAS_ADDRESS
585820;585821;HAS_ADDRESS
585825;585826;HAS_ADDRESS
585830;585831;HAS_ADDRESS
585835;585836;HAS_ADDRESS
585840;585841;HAS_ADDRESS
585845;585846;HAS_ADDRESS
585850;585851;HAS_ADDRESS
585855;585856;HAS_ADDRESS
585860;585861;HAS_ADDRESS
585865;585866;HAS_ADDRESS
585870;585871;HAS_ADDRESS
585875;585876;HAS_ADDRESS
585880;585881;HAS_ADDRESS
585885;585886;HAS_ADDRESS
585890;585891;HAS_ADDRESS
585895;585896;HAS_ADDRESS
585900;585901;HAS_ADDRESS
585905;585906;HAS_ADDRESS
585910;585911;HAS_ADDRESS
585915;585916;HAS_ADDRESS
585920;585921;HAS_ADDRESS
585925;585926;HAS_ADDRESS
585930;585931;HAS_ADDRESS
585935;585936;HAS_ADDRESS
585940;585941;HAS_ADDRESS
585945;585946;HAS_ADDRESS
585950;585951;HAS_ADDRESS
585955;585956;HAS_ADDRESS
585960;585961;HAS_ADDRESS
585965;585966;HAS_ADDRESS
585970;585971;HAS_ADDRESS
585975;585976;HAS_ADDRESS
585980;585981;HAS_ADDRESS
585985;585986;HAS_ADDRESS
585990;585991;HAS_ADDRESS
585995;585996;HAS_ADDRESS
586000;586001;HAS_ADDRESS
586005;586006;HAS_ADDRESS
586010;586011;HAS_ADDRESS
586015;586016;HAS_ADDRESS
586020;586021;HAS_ADDRESS
586025;586026;HAS_ADDRESS
586030;586031;HAS_ADDRESS
586035;586036;HAS_ADDRESS
586040;586041;HAS_ADDRESS
586045;586046;HAS_ADDRESS
586050;586051;HAS_ADDRESS
586055;586056;HAS_ADDRESS
586060;586061;HAS_ADDRESS
586065;586066;HAS_ADDRESS
586070;586071;HAS_ADDRESS
586075;586076;HAS_ADDRESS
586080;586081;HAS_ADDRESS
586085;586086;HAS_ADDRESS
586090;586091;HAS_ADDRESS
586095;586096;HAS_ADDRESS
586100;586101;HAS_ADDRESS
586105;586106;HAS_ADDRESS
586110;586111;HAS_ADDRESS
586115;586116;HAS_ADDRESS
586120;586121;HAS_ADDRESS
586125;586126;HAS_ADDRESS
586130;586131;HAS_ADDRESS
586135;586136;HAS_ADDRESS
586140;586141;HAS_ADDRESS
586145;586146;HAS_ADDRESS
586150;586151;HAS_ADDRESS
586155;586156;HAS_ADDRESS
586160;586161;HAS_ADDRESS
586165;586166;HAS_ADDRESS
586170;586171;HAS_ADDRESS
586175;586176;HAS_ADDRESS
586180;586181;HAS_ADDRESS
586185;586186;HAS_ADDRESS
586190;586191;HAS_ADDRESS
586195;586196;HAS_ADDRESS
586200;586201;HAS_ADDRESS
586205;586206;HAS_ADDRESS
586210;586211;HAS_ADDRESS
586215;586216;HAS_ADDRESS
586220;586221;HAS_ADDRESS
586225;586226;HAS_ADDRESS
586230;586231;HAS_ADDRESS
586235;586236;HAS_ADDRESS
586240;586241;HAS_ADDRESS
586245;586246;HAS_ADDRESS
586250;586251;HAS_ADDRESS
586255;586256;HAS_ADDRESS
586260;586261;HAS_ADDRESS
586265;586266;HAS_ADDRESS
586270;586271;HAS_ADDRESS
586275;586276;HAS_ADDRESS
586280;586281;HAS_ADDRESS
586285;586286;HAS_ADDRESS
586290;586291;HAS_ADDRESS
586295;586296;HAS_ADDRESS
586300;586301;HAS_ADDRESS
586305;586306;HAS_ADDRESS
586310;586311;HAS_ADDRESS
586315;586316;HAS_ADDRESS
586320;586321;HAS_ADDRESS
586325;586326;HAS_ADDRESS
586330;586331;HAS_ADDRESS
586335;586336;HAS_ADDRESS
586340;586341;HAS_ADDRESS
586345;586346;HAS_ADDRESS
586350;586351;HAS_ADDRESS
586355;586356;HAS_ADDRESS
586360;586361;HAS_ADDRESS
586365;586366;HAS_ADDRESS
586370;586371;HAS_ADDRESS
586375;586376;HAS_ADDRESS
586380;586381;HAS_ADDRESS
586385;586386;HAS_ADDRESS
586390;586391;HAS_ADDRESS
586395;586396;HAS_ADDRESS
586400;586401;HAS_ADDRESS
586405;586406;HAS_ADDRESS
586410;586411;HAS_ADDRESS
586415;586416;HAS_ADDRESS
586420;586421;HAS_ADDRESS
586425;586426;HAS_ADDRESS
586430;586431;HAS_ADDRESS
586435;586436;HAS_ADDRESS
586440;586441;HAS_ADDRESS
586445;586446;HAS_ADDRESS
586450;586451;HAS_ADDRESS
586455;586456;HAS_ADDRESS
586460;586461;HAS_ADDRESS
586465;586466;HAS_ADDRESS
586470;586471;HAS_ADDRESS
586475;586476;HAS_ADDRESS
586480;586481;HAS_ADDRESS
586485;586486;HAS_ADDRESS
586490;586491;HAS_ADDRESS
586495;586496;HAS_ADDRESS
586500;586501;HAS_ADDRESS
586505;586506;HAS_ADDRESS
586510;586511;HAS_ADDRESS
586515;586516;HAS_ADDRESS
586520;586521;HAS_ADDRESS
586525;586526;HAS_ADDRESS
586530;586531;HAS_ADDRESS
586535;586536;HAS_ADDRESS
586540;586541;HAS_ADDRESS
586545;586546;HAS_ADDRESS
586550;586551;HAS_ADDRESS
586555;586556;HAS_ADDRESS
586560;586561;HAS_ADDRESS
586565;586566;HAS_ADDRESS
586570;586571;HAS_ADDRESS
586575;586576;HAS_ADDRESS
586580;586581;HAS_ADDRESS
586585;586586;HAS_ADDRESS
586590;586591;HAS_ADDRESS
586595;586596;HAS_ADDRESS
586600;586601;HAS_ADDRESS
586605;586606;HAS_ADDRESS
586610;586611;HAS_ADDRESS
586615;586616;HAS_ADDRESS
586620;586621;HAS_ADDRESS
586625;586626;HAS_ADDRESS
586630;586631;HAS_ADDRESS
586635;586636;HAS_ADDRESS
586640;586641;HAS_ADDRESS
586645;586646;HAS_ADDRESS
586650;586651;HAS_ADDRESS
586655;586656;HAS_ADDRESS
586660;586661;HAS_ADDRESS
586665;586666;HAS_ADDRESS
586670;586671;HAS_ADDRESS
586675;586676;HAS_ADDRESS
586680;586681;HAS_ADDRESS
586685;586686;HAS_ADDRESS
586690;586691;HAS_ADDRESS
586695;586696;HAS_ADDRESS
586700;586701;HAS_ADDRESS
586705;586706;HAS_ADDRESS
586710;586711;HAS_ADDRESS
586715;586716;HAS_ADDRESS
586720;586721;HAS_ADDRESS
586725;586726;HAS_ADDRESS
586730;586731;HAS_ADDRESS
586735;586736;HAS_ADDRESS
586740;586741;HAS_ADDRESS
586745;586746;HAS_ADDRESS
586750;586751;HAS_ADDRESS
586755;586756;HAS_ADDRESS
586760;586761;HAS_ADDRESS
586765;586766;HAS_ADDRESS
586770;586771;HAS_ADDRESS
586775;586776;HAS_ADDRESS
586780;586781;HAS_ADDRESS
586785;586786;HAS_ADDRESS
586790;586791;HAS_ADDRESS
586795;586796;HAS_ADDRESS
586800;586801;HAS_ADDRESS
586805;586806;HAS_ADDRESS
586810;586811;HAS_ADDRESS
586815;586816;HAS_ADDRESS
586820;586821;HAS_ADDRESS
586825;586826;HAS_ADDRESS
586830;586831;HAS_ADDRESS
586835;586836;HAS_ADDRESS
586840;586841;HAS_ADDRESS
586845;586846;HAS_ADDRESS
586850;586851;HAS_ADDRESS
586855;586856;HAS_ADDRESS
586860;586861;HAS_ADDRESS
586865;586866;HAS_ADDRESS
586870;586871;HAS_ADDRESS
586875;586876;HAS_ADDRESS
586880;586881;HAS_ADDRESS
586885;586886;HAS_ADDRESS
586890;586891;HAS_ADDRESS
586895;586896;HAS_ADDRESS
586900;586901;HAS_ADDRESS
586905;586906;HAS_ADDRESS
586910;586911;HAS_ADDRESS
586915;586916;HAS_ADDRESS
586920;586921;HAS_ADDRESS
586925;586926;HAS_ADDRESS
586930;586931;HAS_ADDRESS
586935;586936;HAS_ADDRESS
586940;586941;HAS_ADDRESS
586945;586946;HAS_ADDRESS
586950;586951;HAS_ADDRESS
586955;586956;HAS_ADDRESS
586960;586961;HAS_ADDRESS
586965;586966;HAS_ADDRESS
586970;586971;HAS_ADDRESS
586975;586976;HAS_ADDRESS
586980;586981;HAS_ADDRESS
586985;586986;HAS_ADDRESS
586990;586991;HAS_ADDRESS
586995;586996;HAS_ADDRESS
587000;587001;HAS_ADDRESS
587005;587006;HAS_ADDRESS
587010;587011;HAS_ADDRESS
587015;587016;HAS_ADDRESS
587020;587021;HAS_ADDRESS
587025;587026;HAS_ADDRESS
587030;587031;HAS_ADDRESS
587035;587036;HAS_ADDRESS
587040;587041;HAS_ADDRESS
587045;587046;HAS_ADDRESS
587050;587051;HAS_ADDRESS
587055;587056;HAS_ADDRESS
587060;587061;HAS_ADDRESS
587065;587066;HAS_ADDRESS
587070;587071;HAS_ADDRESS
587075;587076;HAS_ADDRESS
587080;587081;HAS_ADDRESS
587085;587086;HAS_ADDRESS
587090;587091;HAS_ADDRESS
587095;587096;HAS_ADDRESS
587100;587101;HAS_ADDRESS
587105;587106;HAS_ADDRESS
587110;587111;HAS_ADDRESS
587115;587116;HAS_ADDRESS
587120;587121;HAS_ADDRESS
587125;587126;HAS_ADDRESS
587130;587131;HAS_ADDRESS
587135;587136;HAS_ADDRESS
587140;587141;HAS_ADDRESS
587145;587146;HAS_ADDRESS
587150;587151;HAS_ADDRESS
587155;587156;HAS_ADDRESS
587160;587161;HAS_ADDRESS
587165;587166;HAS_ADDRESS
587170;587171;HAS_ADDRESS
587175;587176;HAS_ADDRESS
587180;587181;HAS_ADDRESS
587185;587186;HAS_ADDRESS
587190;587191;HAS_ADDRESS
587195;587196;HAS_ADDRESS
587200;587201;HAS_ADDRESS
587205;587206;HAS_ADDRESS
587210;587211;HAS_ADDRESS
587215;587216;HAS_ADDRESS
587220;587221;HAS_ADDRESS
587225;587226;HAS_ADDRESS
587230;587231;HAS_ADDRESS
587235;587236;HAS_ADDRESS
587240;587241;HAS_ADDRESS
587245;587246;HAS_ADDRESS
587250;587251;HAS_ADDRESS
587255;587256;HAS_ADDRESS
587260;587261;HAS_ADDRESS
587265;587266;HAS_ADDRESS
587270;587271;HAS_ADDRESS
587275;587276;HAS_ADDRESS
587280;587281;HAS_ADDRESS
587285;587286;HAS_ADDRESS
587290;587291;HAS_ADDRESS
587295;587296;HAS_ADDRESS
587300;587301;HAS_ADDRESS
587305;587306;HAS_ADDRESS
587310;587311;HAS_ADDRESS
587315;587316;HAS_ADDRESS
587320;587321;HAS_ADDRESS
587325;587326;HAS_ADDRESS
587330;587331;HAS_ADDRESS
587335;587336;HAS_ADDRESS
587340;587341;HAS_ADDRESS
587345;587346;HAS_ADDRESS
587350;587351;HAS_ADDRESS
587355;587356;HAS_ADDRESS
587360;587361;HAS_ADDRESS
587365;587366;HAS_ADDRESS
587370;587371;HAS_ADDRESS
587375;587376;HAS_ADDRESS
587380;587381;HAS_ADDRESS
587385;587386;HAS_ADDRESS
587390;587391;HAS_ADDRESS
587395;587396;HAS_ADDRESS
587400;587401;HAS_ADDRESS
587405;587406;HAS_ADDRESS
587410;587411;HAS_ADDRESS
587415;587416;HAS_ADDRESS
587420;587421;HAS_ADDRESS
587425;587426;HAS_ADDRESS
587430;587431;HAS_ADDRESS
587435;587436;HAS_ADDRESS
587440;587441;HAS_ADDRESS
587445;587446;HAS_ADDRESS
587450;587451;HAS_ADDRESS
587455;587456;HAS_ADDRESS
587460;587461;HAS_ADDRESS
587465;587466;HAS_ADDRESS
587470;587471;HAS_ADDRESS
587475;587476;HAS_ADDRESS
587480;587481;HAS_ADDRESS
587485;587486;HAS_ADDRESS
587490;587491;HAS_ADDRESS
587495;587496;HAS_ADDRESS
587500;587501;HAS_ADDRESS
587505;587506;HAS_ADDRESS
587510;587511;HAS_ADDRESS
587515;587516;HAS_ADDRESS
587520;587521;HAS_ADDRESS
587525;587526;HAS_ADDRESS
587530;587531;HAS_ADDRESS
587535;587536;HAS_ADDRESS
587540;587541;HAS_ADDRESS
587545;587546;HAS_ADDRESS
587550;587551;HAS_ADDRESS
587555;587556;HAS_ADDRESS
587560;587561;HAS_ADDRESS
587565;587566;HAS_ADDRESS
587570;587571;HAS_ADDRESS
587575;587576;HAS_ADDRESS
587580;587581;HAS_ADDRESS
587585;587586;HAS_ADDRESS
587590;587591;HAS_ADDRESS
587595;587596;HAS_ADDRESS
587600;587601;HAS_ADDRESS
587605;587606;HAS_ADDRESS
587610;587611;HAS_ADDRESS
587615;587616;HAS_ADDRESS
587620;587621;HAS_ADDRESS
587625;587626;HAS_ADDRESS
587630;587631;HAS_ADDRESS
587635;587636;HAS_ADDRESS
587640;587641;HAS_ADDRESS
587645;587646;HAS_ADDRESS
587650;587651;HAS_ADDRESS
587655;587656;HAS_ADDRESS
587660;587661;HAS_ADDRESS
587665;587666;HAS_ADDRESS
587670;587671;HAS_ADDRESS
587675;587676;HAS_ADDRESS
587680;587681;HAS_ADDRESS
587685;587686;HAS_ADDRESS
587690;587691;HAS_ADDRESS
587695;587696;HAS_ADDRESS
587700;587701;HAS_ADDRESS
587705;587706;HAS_ADDRESS
587710;587711;HAS_ADDRESS
587715;587716;HAS_ADDRESS
587720;587721;HAS_ADDRESS
587725;587726;HAS_ADDRESS
587730;587731;HAS_ADDRESS
587735;587736;HAS_ADDRESS
587740;587741;HAS_ADDRESS
587745;587746;HAS_ADDRESS
587750;587751;HAS_ADDRESS
587755;587756;HAS_ADDRESS
587760;587761;HAS_ADDRESS
587765;587766;HAS_ADDRESS
587770;587771;HAS_ADDRESS
587775;587776;HAS_ADDRESS
587780;587781;HAS_ADDRESS
587785;587786;HAS_ADDRESS
587790;587791;HAS_ADDRESS
587795;587796;HAS_ADDRESS
587800;587801;HAS_ADDRESS
587805;587806;HAS_ADDRESS
587810;587811;HAS_ADDRESS
587815;587816;HAS_ADDRESS
587820;587821;HAS_ADDRESS
587825;587826;HAS_ADDRESS
587830;587831;HAS_ADDRESS
587835;587836;HAS_ADDRESS
587840;587841;HAS_ADDRESS
587845;587846;HAS_ADDRESS
587850;587851;HAS_ADDRESS
587855;587856;HAS_ADDRESS
587860;587861;HAS_ADDRESS
587865;587866;HAS_ADDRESS
587870;587871;HAS_ADDRESS
587875;587876;HAS_ADDRESS
587880;587881;HAS_ADDRESS
587885;587886;HAS_ADDRESS
587890;587891;HAS_ADDRESS
587895;587896;HAS_ADDRESS
587900;587901;HAS_ADDRESS
587905;587906;HAS_ADDRESS
587910;587911;HAS_ADDRESS
587915;587916;HAS_ADDRESS
587920;587921;HAS_ADDRESS
587925;587926;HAS_ADDRESS
587930;587931;HAS_ADDRESS
587935;587936;HAS_ADDRESS
587940;587941;HAS_ADDRESS
587945;587946;HAS_ADDRESS
587950;587951;HAS_ADDRESS
587955;587956;HAS_ADDRESS
587960;587961;HAS_ADDRESS
587965;587966;HAS_ADDRESS
587970;587971;HAS_ADDRESS
587975;587976;HAS_ADDRESS
587980;587981;HAS_ADDRESS
587985;587986;HAS_ADDRESS
587990;587991;HAS_ADDRESS
587995;587996;HAS_ADDRESS
588000;588001;HAS_ADDRESS
588005;588006;HAS_ADDRESS
588010;588011;HAS_ADDRESS
588015;588016;HAS_ADDRESS
588020;588021;HAS_ADDRESS
588025;588026;HAS_ADDRESS
588030;588031;HAS_ADDRESS
588035;588036;HAS_ADDRESS
588040;588041;HAS_ADDRESS
588045;588046;HAS_ADDRESS
588050;588051;HAS_ADDRESS
588055;588056;HAS_ADDRESS
588060;588061;HAS_ADDRESS
588065;588066;HAS_ADDRESS
588070;588071;HAS_ADDRESS
588075;588076;HAS_ADDRESS
588080;588081;HAS_ADDRESS
588085;588086;HAS_ADDRESS
588090;588091;HAS_ADDRESS
588095;588096;HAS_ADDRESS
588100;588101;HAS_ADDRESS
588105;588106;HAS_ADDRESS
588110;588111;HAS_ADDRESS
588115;588116;HAS_ADDRESS
588120;588121;HAS_ADDRESS
588125;588126;HAS_ADDRESS
588130;588131;HAS_ADDRESS
588135;588136;HAS_ADDRESS
588140;588141;HAS_ADDRESS
588145;588146;HAS_ADDRESS
588150;588151;HAS_ADDRESS
588155;588156;HAS_ADDRESS
588160;588161;HAS_ADDRESS
588165;588166;HAS_ADDRESS
588170;588171;HAS_ADDRESS
588175;588176;HAS_ADDRESS
588180;588181;HAS_ADDRESS
588185;588186;HAS_ADDRESS
588190;588191;HAS_ADDRESS
588195;588196;HAS_ADDRESS
588200;588201;HAS_ADDRESS
588205;588206;HAS_ADDRESS
588210;588211;HAS_ADDRESS
588215;588216;HAS_ADDRESS
588220;588221;HAS_ADDRESS
588225;588226;HAS_ADDRESS
588230;588231;HAS_ADDRESS
588235;588236;HAS_ADDRESS
588240;588241;HAS_ADDRESS
588245;588246;HAS_ADDRESS
588250;588251;HAS_ADDRESS
588255;588256;HAS_ADDRESS
588260;588261;HAS_ADDRESS
588265;588266;HAS_ADDRESS
588270;588271;HAS_ADDRESS
588275;588276;HAS_ADDRESS
588280;588281;HAS_ADDRESS
588285;588286;HAS_ADDRESS
588290;588291;HAS_ADDRESS
588295;588296;HAS_ADDRESS
588300;588301;HAS_ADDRESS
588305;588306;HAS_ADDRESS
588310;588311;HAS_ADDRESS
588315;588316;HAS_ADDRESS
588320;588321;HAS_ADDRESS
588325;588326;HAS_ADDRESS
588330;588331;HAS_ADDRESS
588335;588336;HAS_ADDRESS
588340;588341;HAS_ADDRESS
588345;588346;HAS_ADDRESS
588350;588351;HAS_ADDRESS
588355;588356;HAS_ADDRESS
588360;588361;HAS_ADDRESS
588365;588366;HAS_ADDRESS
588370;588371;HAS_ADDRESS
588375;588376;HAS_ADDRESS
588380;588381;HAS_ADDRESS
588385;588386;HAS_ADDRESS
588390;588391;HAS_ADDRESS
588395;588396;HAS_ADDRESS
588400;588401;HAS_ADDRESS
588405;588406;HAS_ADDRESS
588410;588411;HAS_ADDRESS
588415;588416;HAS_ADDRESS
588420;588421;HAS_ADDRESS
588425;588426;HAS_ADDRESS
588430;588431;HAS_ADDRESS
588435;588436;HAS_ADDRESS
588440;588441;HAS_ADDRESS
588445;588446;HAS_ADDRESS
588450;588451;HAS_ADDRESS
588455;588456;HAS_ADDRESS
588460;588461;HAS_ADDRESS
588465;588466;HAS_ADDRESS
588470;588471;HAS_ADDRESS
588475;588476;HAS_ADDRESS
588480;588481;HAS_ADDRESS
588485;588486;HAS_ADDRESS
588490;588491;HAS_ADDRESS
588495;588496;HAS_ADDRESS
588500;588501;HAS_ADDRESS
588505;588506;HAS_ADDRESS
588510;588511;HAS_ADDRESS
588515;588516;HAS_ADDRESS
588520;588521;HAS_ADDRESS
588525;588526;HAS_ADDRESS
588530;588531;HAS_ADDRESS
588535;588536;HAS_ADDRESS
588540;588541;HAS_ADDRESS
588545;588546;HAS_ADDRESS
588550;588551;HAS_ADDRESS
588555;588556;HAS_ADDRESS
588560;588561;HAS_ADDRESS
588565;588566;HAS_ADDRESS
588570;588571;HAS_ADDRESS
588575;588576;HAS_ADDRESS
588580;588581;HAS_ADDRESS
588585;588586;HAS_ADDRESS
588590;588591;HAS_ADDRESS
588595;588596;HAS_ADDRESS
588600;588601;HAS_ADDRESS
588605;588606;HAS_ADDRESS
588610;588611;HAS_ADDRESS
588615;588616;HAS_ADDRESS
588620;588621;HAS_ADDRESS
588625;588626;HAS_ADDRESS
588630;588631;HAS_ADDRESS
588635;588636;HAS_ADDRESS
588640;588641;HAS_ADDRESS
588645;588646;HAS_ADDRESS
588650;588651;HAS_ADDRESS
588655;588656;HAS_ADDRESS
588660;588661;HAS_ADDRESS
588665;588666;HAS_ADDRESS
588670;588671;HAS_ADDRESS
588675;588676;HAS_ADDRESS
588680;588681;HAS_ADDRESS
588685;588686;HAS_ADDRESS
588690;588691;HAS_ADDRESS
588695;588696;HAS_ADDRESS
588700;588701;HAS_ADDRESS
588705;588706;HAS_ADDRESS
588710;588711;HAS_ADDRESS
588715;588716;HAS_ADDRESS
588720;588721;HAS_ADDRESS
588725;588726;HAS_ADDRESS
588730;588731;HAS_ADDRESS
588735;588736;HAS_ADDRESS
588740;588741;HAS_ADDRESS
588745;588746;HAS_ADDRESS
588750;588751;HAS_ADDRESS
588755;588756;HAS_ADDRESS
588760;588761;HAS_ADDRESS
588765;588766;HAS_ADDRESS
588770;588771;HAS_ADDRESS
588775;588776;HAS_ADDRESS
588780;588781;HAS_ADDRESS
588785;588786;HAS_ADDRESS
588790;588791;HAS_ADDRESS
588795;588796;HAS_ADDRESS
588800;588801;HAS_ADDRESS
588805;588806;HAS_ADDRESS
588810;588811;HAS_ADDRESS
588815;588816;HAS_ADDRESS
588820;588821;HAS_ADDRESS
588825;588826;HAS_ADDRESS
588830;588831;HAS_ADDRESS
588835;588836;HAS_ADDRESS
588840;588841;HAS_ADDRESS
588845;588846;HAS_ADDRESS
588850;588851;HAS_ADDRESS
588855;588856;HAS_ADDRESS
588860;588861;HAS_ADDRESS
588865;588866;HAS_ADDRESS
588870;588871;HAS_ADDRESS
588875;588876;HAS_ADDRESS
588880;588881;HAS_ADDRESS
588885;588886;HAS_ADDRESS
588890;588891;HAS_ADDRESS
588895;588896;HAS_ADDRESS
588900;588901;HAS_ADDRESS
588905;588906;HAS_ADDRESS
588910;588911;HAS_ADDRESS
588915;588916;HAS_ADDRESS
588920;588921;HAS_ADDRESS
588925;588926;HAS_ADDRESS
588930;588931;HAS_ADDRESS
588935;588936;HAS_ADDRESS
588940;588941;HAS_ADDRESS
588945;588946;HAS_ADDRESS
588950;588951;HAS_ADDRESS
588955;588956;HAS_ADDRESS
588960;588961;HAS_ADDRESS
588965;588966;HAS_ADDRESS
588970;588971;HAS_ADDRESS
588975;588976;HAS_ADDRESS
588980;588981;HAS_ADDRESS
588985;588986;HAS_ADDRESS
588990;588991;HAS_ADDRESS
588995;588996;HAS_ADDRESS
589000;589001;HAS_ADDRESS
589005;589006;HAS_ADDRESS
589010;589011;HAS_ADDRESS
589015;589016;HAS_ADDRESS
589020;589021;HAS_ADDRESS
589025;589026;HAS_ADDRESS
589030;589031;HAS_ADDRESS
589035;589036;HAS_ADDRESS
589040;589041;HAS_ADDRESS
589045;589046;HAS_ADDRESS
589050;589051;HAS_ADDRESS
589055;589056;HAS_ADDRESS
589060;589061;HAS_ADDRESS
589065;589066;HAS_ADDRESS
589070;589071;HAS_ADDRESS
589075;589076;HAS_ADDRESS
589080;589081;HAS_ADDRESS
589085;589086;HAS_ADDRESS
589090;589091;HAS_ADDRESS
589095;589096;HAS_ADDRESS
589100;589101;HAS_ADDRESS
589105;589106;HAS_ADDRESS
589110;589111;HAS_ADDRESS
589115;589116;HAS_ADDRESS
589120;589121;HAS_ADDRESS
589125;589126;HAS_ADDRESS
589130;589131;HAS_ADDRESS
589135;589136;HAS_ADDRESS
589140;589141;HAS_ADDRESS
589145;589146;HAS_ADDRESS
589150;589151;HAS_ADDRESS
589155;589156;HAS_ADDRESS
589160;589161;HAS_ADDRESS
589165;589166;HAS_ADDRESS
589170;589171;HAS_ADDRESS
589175;589176;HAS_ADDRESS
589180;589181;HAS_ADDRESS
589185;589186;HAS_ADDRESS
589190;589191;HAS_ADDRESS
589195;589196;HAS_ADDRESS
589200;589201;HAS_ADDRESS
589205;589206;HAS_ADDRESS
589210;589211;HAS_ADDRESS
589215;589216;HAS_ADDRESS
589220;589221;HAS_ADDRESS
589225;589226;HAS_ADDRESS
589230;589231;HAS_ADDRESS
589235;589236;HAS_ADDRESS
589240;589241;HAS_ADDRESS
589245;589246;HAS_ADDRESS
589250;589251;HAS_ADDRESS
589255;589256;HAS_ADDRESS
589260;589261;HAS_ADDRESS
589265;589266;HAS_ADDRESS
589270;589271;HAS_ADDRESS
589275;589276;HAS_ADDRESS
589280;589281;HAS_ADDRESS
589285;589286;HAS_ADDRESS
589290;589291;HAS_ADDRESS
589295;589296;HAS_ADDRESS
589300;589301;HAS_ADDRESS
589305;589306;HAS_ADDRESS
589310;589311;HAS_ADDRESS
589315;589316;HAS_ADDRESS
589320;589321;HAS_ADDRESS
589325;589326;HAS_ADDRESS
589330;589331;HAS_ADDRESS
589335;589336;HAS_ADDRESS
589340;589341;HAS_ADDRESS
589345;589346;HAS_ADDRESS
589350;589351;HAS_ADDRESS
589355;589356;HAS_ADDRESS
589360;589361;HAS_ADDRESS
589365;589366;HAS_ADDRESS
589370;589371;HAS_ADDRESS
589375;589376;HAS_ADDRESS
589380;589381;HAS_ADDRESS
589385;589386;HAS_ADDRESS
589390;589391;HAS_ADDRESS
589395;589396;HAS_ADDRESS
589400;589401;HAS_ADDRESS
589404;589405;HAS_ADDRESS
589408;589409;HAS_ADDRESS
589412;589413;HAS_ADDRESS
589416;589417;HAS_ADDRESS
589420;589421;HAS_ADDRESS
589424;589425;HAS_ADDRESS
589428;589429;HAS_ADDRESS
589432;589433;HAS_ADDRESS
589436;589437;HAS_ADDRESS
589440;589441;HAS_ADDRESS
589444;589445;HAS_ADDRESS
589448;589449;HAS_ADDRESS
589452;589453;HAS_ADDRESS
589456;589457;HAS_ADDRESS
589460;589461;HAS_ADDRESS
589464;589465;HAS_ADDRESS
589468;589469;HAS_ADDRESS
589472;589473;HAS_ADDRESS
589476;589477;HAS_ADDRESS
589480;589481;HAS_ADDRESS
589484;589485;HAS_ADDRESS
589488;589489;HAS_ADDRESS
589492;589493;HAS_ADDRESS
589496;589497;HAS_ADDRESS
589500;589501;HAS_ADDRESS
589504;589505;HAS_ADDRESS
589508;589509;HAS_ADDRESS
589512;589513;HAS_ADDRESS
589516;589517;HAS_ADDRESS
589520;589521;HAS_ADDRESS
589524;589525;HAS_ADDRESS
589528;589529;HAS_ADDRESS
589532;589533;HAS_ADDRESS
589536;589537;HAS_ADDRESS
589540;589541;HAS_ADDRESS
589544;589545;HAS_ADDRESS
589548;589549;HAS_ADDRESS
589552;589553;HAS_ADDRESS
589556;589557;HAS_ADDRESS
589560;589561;HAS_ADDRESS
589564;589565;HAS_ADDRESS
589568;589569;HAS_ADDRESS
589572;589573;HAS_ADDRESS
589576;589577;HAS_ADDRESS
589580;589581;HAS_ADDRESS
589584;589585;HAS_ADDRESS
589588;589589;HAS_ADDRESS
589592;589593;HAS_ADDRESS
589596;589597;HAS_ADDRESS
589600;589601;HAS_ADDRESS
589604;589605;HAS_ADDRESS
589608;589609;HAS_ADDRESS
589612;589613;HAS_ADDRESS
589616;589617;HAS_ADDRESS
589620;589621;HAS_ADDRESS
589624;589625;HAS_ADDRESS
589628;589629;HAS_ADDRESS
589632;589633;HAS_ADDRESS
589636;589637;HAS_ADDRESS
589640;589641;HAS_ADDRESS
589644;589645;HAS_ADDRESS
589648;589649;HAS_ADDRESS
589652;589653;HAS_ADDRESS
589656;589657;HAS_ADDRESS
589660;589661;HAS_ADDRESS
589664;589665;HAS_ADDRESS
589668;589669;HAS_ADDRESS
589672;589673;HAS_ADDRESS
589676;589677;HAS_ADDRESS
589680;589681;HAS_ADDRESS
589684;589685;HAS_ADDRESS
589688;589689;HAS_ADDRESS
589692;589693;HAS_ADDRESS
589696;589697;HAS_ADDRESS
589700;589701;HAS_ADDRESS
589704;589705;HAS_ADDRESS
589708;589709;HAS_ADDRESS
589712;589713;HAS_ADDRESS
589716;589717;HAS_ADDRESS
589720;589721;HAS_ADDRESS
589724;589725;HAS_ADDRESS
589728;589729;HAS_ADDRESS
589732;589733;HAS_ADDRESS
589736;589737;HAS_ADDRESS
589740;589741;HAS_ADDRESS
589744;589745;HAS_ADDRESS
589748;589749;HAS_ADDRESS
589752;589753;HAS_ADDRESS
589756;589757;HAS_ADDRESS
589760;589761;HAS_ADDRESS
589764;589765;HAS_ADDRESS
589768;589769;HAS_ADDRESS
589772;589773;HAS_ADDRESS
589776;589777;HAS_ADDRESS
589780;589781;HAS_ADDRESS
589784;589785;HAS_ADDRESS
589788;589789;HAS_ADDRESS
589792;589793;HAS_ADDRESS
589796;589797;HAS_ADDRESS
589800;589801;HAS_ADDRESS
589804;589805;HAS_ADDRESS
589808;589809;HAS_ADDRESS
589812;589813;HAS_ADDRESS
589816;589817;HAS_ADDRESS
589820;589821;HAS_ADDRESS
589824;589825;HAS_ADDRESS
589828;589829;HAS_ADDRESS
589832;589833;HAS_ADDRESS
589836;589837;HAS_ADDRESS
589840;589841;HAS_ADDRESS
589844;589845;HAS_ADDRESS
589848;589849;HAS_ADDRESS
589852;589853;HAS_ADDRESS
589856;589857;HAS_ADDRESS
589860;589861;HAS_ADDRESS
589864;589865;HAS_ADDRESS
589868;589869;HAS_ADDRESS
589872;589873;HAS_ADDRESS
589876;589877;HAS_ADDRESS
589880;589881;HAS_ADDRESS
589884;589885;HAS_ADDRESS
589888;589889;HAS_ADDRESS
589892;589893;HAS_ADDRESS
589896;589897;HAS_ADDRESS
589900;589901;HAS_ADDRESS
589904;589905;HAS_ADDRESS
589908;589909;HAS_ADDRESS
589912;589913;HAS_ADDRESS
589916;589917;HAS_ADDRESS
589920;589921;HAS_ADDRESS
589924;589925;HAS_ADDRESS
589928;589929;HAS_ADDRESS
589932;589933;HAS_ADDRESS
589936;589937;HAS_ADDRESS
589940;589941;HAS_ADDRESS
589944;589945;HAS_ADDRESS
589948;589949;HAS_ADDRESS
589952;589953;HAS_ADDRESS
589956;589957;HAS_ADDRESS
589960;589961;HAS_ADDRESS
589964;589965;HAS_ADDRESS
589968;589969;HAS_ADDRESS
589972;589973;HAS_ADDRESS
589976;589977;HAS_ADDRESS
589980;589981;HAS_ADDRESS
589984;589985;HAS_ADDRESS
589988;589989;HAS_ADDRESS
589992;589993;HAS_ADDRESS
589996;589997;HAS_ADDRESS
590000;590001;HAS_ADDRESS
590004;590005;HAS_ADDRESS
590008;590009;HAS_ADDRESS
590012;590013;HAS_ADDRESS
590016;590017;HAS_ADDRESS
590020;590021;HAS_ADDRESS
590024;590025;HAS_ADDRESS
590028;590029;HAS_ADDRESS
590032;590033;HAS_ADDRESS
590036;590037;HAS_ADDRESS
590040;590041;HAS_ADDRESS
590044;590045;HAS_ADDRESS
590048;590049;HAS_ADDRESS
590052;590053;HAS_ADDRESS
590056;590057;HAS_ADDRESS
590060;590061;HAS_ADDRESS
590064;590065;HAS_ADDRESS
590068;590069;HAS_ADDRESS
590072;590073;HAS_ADDRESS
590076;590077;HAS_ADDRESS
590080;590081;HAS_ADDRESS
590084;590085;HAS_ADDRESS
590088;590089;HAS_ADDRESS
590092;590093;HAS_ADDRESS
590096;590097;HAS_ADDRESS
590100;590101;HAS_ADDRESS
590104;590105;HAS_ADDRESS
590108;590109;HAS_ADDRESS
590112;590113;HAS_ADDRESS
590116;590117;HAS_ADDRESS
590120;590121;HAS_ADDRESS
590124;590125;HAS_ADDRESS
590128;590129;HAS_ADDRESS
590132;590133;HAS_ADDRESS
590136;590137;HAS_ADDRESS
590140;590141;HAS_ADDRESS
590144;590145;HAS_ADDRESS
590148;590149;HAS_ADDRESS
590152;590153;HAS_ADDRESS
590156;590157;HAS_ADDRESS
590160;590161;HAS_ADDRESS
590164;590165;HAS_ADDRESS
590168;590169;HAS_ADDRESS
590172;590173;HAS_ADDRESS
590176;590177;HAS_ADDRESS
590180;590181;HAS_ADDRESS
590184;590185;HAS_ADDRESS
590188;590189;HAS_ADDRESS
590192;590193;HAS_ADDRESS
590196;590197;HAS_ADDRESS
590200;590201;HAS_ADDRESS
590204;590205;HAS_ADDRESS
590208;590209;HAS_ADDRESS
590212;590213;HAS_ADDRESS
590216;590217;HAS_ADDRESS
590220;590221;HAS_ADDRESS
590224;590225;HAS_ADDRESS
590228;590229;HAS_ADDRESS
590232;590233;HAS_ADDRESS
590236;590237;HAS_ADDRESS
590240;590241;HAS_ADDRESS
590244;590245;HAS_ADDRESS
590248;590249;HAS_ADDRESS
590252;590253;HAS_ADDRESS
590256;590257;HAS_ADDRESS
590260;590261;HAS_ADDRESS
590264;590265;HAS_ADDRESS
590268;590269;HAS_ADDRESS
590272;590273;HAS_ADDRESS
590276;590277;HAS_ADDRESS
590280;590281;HAS_ADDRESS
590284;590285;HAS_ADDRESS
590288;590289;HAS_ADDRESS
590292;590293;HAS_ADDRESS
590296;590297;HAS_ADDRESS
590300;590301;HAS_ADDRESS
590304;590305;HAS_ADDRESS
590308;590309;HAS_ADDRESS
590312;590313;HAS_ADDRESS
590316;590317;HAS_ADDRESS
590320;590321;HAS_ADDRESS
590324;590325;HAS_ADDRESS
590328;590329;HAS_ADDRESS
590332;590333;HAS_ADDRESS
590336;590337;HAS_ADDRESS
590340;590341;HAS_ADDRESS
590344;590345;HAS_ADDRESS
590348;590349;HAS_ADDRESS
590352;590353;HAS_ADDRESS
590356;590357;HAS_ADDRESS
590360;590361;HAS_ADDRESS
590364;590365;HAS_ADDRESS
590368;590369;HAS_ADDRESS
590372;590373;HAS_ADDRESS
590376;590377;HAS_ADDRESS
590380;590381;HAS_ADDRESS
590384;590385;HAS_ADDRESS
590388;590389;HAS_ADDRESS
590392;590393;HAS_ADDRESS
590396;590397;HAS_ADDRESS
590400;590401;HAS_ADDRESS
590404;590405;HAS_ADDRESS
590408;590409;HAS_ADDRESS
590412;590413;HAS_ADDRESS
590416;590417;HAS_ADDRESS
590420;590421;HAS_ADDRESS
590424;590425;HAS_ADDRESS
590428;590429;HAS_ADDRESS
590432;590433;HAS_ADDRESS
590436;590437;HAS_ADDRESS
590440;590441;HAS_ADDRESS
590444;590445;HAS_ADDRESS
590448;590449;HAS_ADDRESS
590452;590453;HAS_ADDRESS
590456;590457;HAS_ADDRESS
590460;590461;HAS_ADDRESS
590464;590465;HAS_ADDRESS
590468;590469;HAS_ADDRESS
590472;590473;HAS_ADDRESS
590476;590477;HAS_ADDRESS
590480;590481;HAS_ADDRESS
590484;590485;HAS_ADDRESS
590488;590489;HAS_ADDRESS
590492;590493;HAS_ADDRESS
590496;590497;HAS_ADDRESS
590500;590501;HAS_ADDRESS
590504;590505;HAS_ADDRESS
590508;590509;HAS_ADDRESS
590512;590513;HAS_ADDRESS
590516;590517;HAS_ADDRESS
590520;590521;HAS_ADDRESS
590524;590525;HAS_ADDRESS
590528;590529;HAS_ADDRESS
590532;590533;HAS_ADDRESS
590536;590537;HAS_ADDRESS
590540;590541;HAS_ADDRESS
590544;590545;HAS_ADDRESS
590548;590549;HAS_ADDRESS
590552;590553;HAS_ADDRESS
590556;590557;HAS_ADDRESS
590560;590561;HAS_ADDRESS
590564;590565;HAS_ADDRESS
590568;590569;HAS_ADDRESS
590572;590573;HAS_ADDRESS
590576;590577;HAS_ADDRESS
590580;590581;HAS_ADDRESS
590584;590585;HAS_ADDRESS
590588;590589;HAS_ADDRESS
590592;590593;HAS_ADDRESS
590596;590597;HAS_ADDRESS
590600;590601;HAS_ADDRESS
590604;590605;HAS_ADDRESS
590608;590609;HAS_ADDRESS
590612;590613;HAS_ADDRESS
590616;590617;HAS_ADDRESS
590620;590621;HAS_ADDRESS
590624;590625;HAS_ADDRESS
590628;590629;HAS_ADDRESS
590632;590633;HAS_ADDRESS
590636;590637;HAS_ADDRESS
590640;590641;HAS_ADDRESS
590644;590645;HAS_ADDRESS
590648;590649;HAS_ADDRESS
590652;590653;HAS_ADDRESS
590656;590657;HAS_ADDRESS
590660;590661;HAS_ADDRESS
590664;590665;HAS_ADDRESS
590668;590669;HAS_ADDRESS
590672;590673;HAS_ADDRESS
590676;590677;HAS_ADDRESS
590680;590681;HAS_ADDRESS
590684;590685;HAS_ADDRESS
590688;590689;HAS_ADDRESS
590692;590693;HAS_ADDRESS
590696;590697;HAS_ADDRESS
590700;590701;HAS_ADDRESS
590704;590705;HAS_ADDRESS
590708;590709;HAS_ADDRESS
590712;590713;HAS_ADDRESS
590716;590717;HAS_ADDRESS
590720;590721;HAS_ADDRESS
590724;590725;HAS_ADDRESS
590728;590729;HAS_ADDRESS
590732;590733;HAS_ADDRESS
590736;590737;HAS_ADDRESS
590740;590741;HAS_ADDRESS
590744;590745;HAS_ADDRESS
590748;590749;HAS_ADDRESS
590752;590753;HAS_ADDRESS
590756;590757;HAS_ADDRESS
590760;590761;HAS_ADDRESS
590764;590765;HAS_ADDRESS
590768;590769;HAS_ADDRESS
590772;590773;HAS_ADDRESS
590776;590777;HAS_ADDRESS
590780;590781;HAS_ADDRESS
590784;590785;HAS_ADDRESS
590788;590789;HAS_ADDRESS
590792;590793;HAS_ADDRESS
590796;590797;HAS_ADDRESS
590800;590801;HAS_ADDRESS
590804;590805;HAS_ADDRESS
590808;590809;HAS_ADDRESS
590812;590813;HAS_ADDRESS
590816;590817;HAS_ADDRESS
590820;590821;HAS_ADDRESS
590824;590825;HAS_ADDRESS
590828;590829;HAS_ADDRESS
590832;590833;HAS_ADDRESS
590836;590837;HAS_ADDRESS
590840;590841;HAS_ADDRESS
590844;590845;HAS_ADDRESS
590848;590849;HAS_ADDRESS
590852;590853;HAS_ADDRESS
590856;590857;HAS_ADDRESS
590860;590861;HAS_ADDRESS
590864;590865;HAS_ADDRESS
590868;590869;HAS_ADDRESS
590872;590873;HAS_ADDRESS
590876;590877;HAS_ADDRESS
590880;590881;HAS_ADDRESS
590884;590885;HAS_ADDRESS
590888;590889;HAS_ADDRESS
590892;590893;HAS_ADDRESS
590896;590897;HAS_ADDRESS
590900;590901;HAS_ADDRESS
590904;590905;HAS_ADDRESS
590908;590909;HAS_ADDRESS
590912;590913;HAS_ADDRESS
590916;590917;HAS_ADDRESS
590920;590921;HAS_ADDRESS
590924;590925;HAS_ADDRESS
590928;590929;HAS_ADDRESS
590932;590933;HAS_ADDRESS
590936;590937;HAS_ADDRESS
590940;590941;HAS_ADDRESS
590944;590945;HAS_ADDRESS
590948;590949;HAS_ADDRESS
590952;590953;HAS_ADDRESS
590956;590957;HAS_ADDRESS
590960;590961;HAS_ADDRESS
590964;590965;HAS_ADDRESS
590968;590969;HAS_ADDRESS
590972;590973;HAS_ADDRESS
590976;590977;HAS_ADDRESS
590980;590981;HAS_ADDRESS
590984;590985;HAS_ADDRESS
590988;590989;HAS_ADDRESS
590992;590993;HAS_ADDRESS
590996;590997;HAS_ADDRESS
591000;591001;HAS_ADDRESS
591004;591005;HAS_ADDRESS
591008;591009;HAS_ADDRESS
591012;591013;HAS_ADDRESS
591016;591017;HAS_ADDRESS
591020;591021;HAS_ADDRESS
591024;591025;HAS_ADDRESS
591028;591029;HAS_ADDRESS
591032;591033;HAS_ADDRESS
591036;591037;HAS_ADDRESS
591040;591041;HAS_ADDRESS
591044;591045;HAS_ADDRESS
591048;591049;HAS_ADDRESS
591052;591053;HAS_ADDRESS
591056;591057;HAS_ADDRESS
591060;591061;HAS_ADDRESS
591064;591065;HAS_ADDRESS
591068;591069;HAS_ADDRESS
591072;591073;HAS_ADDRESS
591076;591077;HAS_ADDRESS
591080;591081;HAS_ADDRESS
591084;591085;HAS_ADDRESS
591088;591089;HAS_ADDRESS
591092;591093;HAS_ADDRESS
591096;591097;HAS_ADDRESS
591100;591101;HAS_ADDRESS
591104;591105;HAS_ADDRESS
591108;591109;HAS_ADDRESS
591112;591113;HAS_ADDRESS
591116;591117;HAS_ADDRESS
591120;591121;HAS_ADDRESS
591124;591125;HAS_ADDRESS
591128;591129;HAS_ADDRESS
591132;591133;HAS_ADDRESS
591136;591137;HAS_ADDRESS
591140;591141;HAS_ADDRESS
591144;591145;HAS_ADDRESS
591148;591149;HAS_ADDRESS
591152;591153;HAS_ADDRESS
591156;591157;HAS_ADDRESS
591160;591161;HAS_ADDRESS
591164;591165;HAS_ADDRESS
591168;591169;HAS_ADDRESS
591172;591173;HAS_ADDRESS
591176;591177;HAS_ADDRESS
591180;591181;HAS_ADDRESS
591184;591185;HAS_ADDRESS
591188;591189;HAS_ADDRESS
591192;591193;HAS_ADDRESS
591196;591197;HAS_ADDRESS
591200;591201;HAS_ADDRESS
591204;591205;HAS_ADDRESS
591208;591209;HAS_ADDRESS
591212;591213;HAS_ADDRESS
591216;591217;HAS_ADDRESS
591220;591221;HAS_ADDRESS
591224;591225;HAS_ADDRESS
591228;591229;HAS_ADDRESS
591232;591233;HAS_ADDRESS
591236;591237;HAS_ADDRESS
591240;591241;HAS_ADDRESS
591244;591245;HAS_ADDRESS
591248;591249;HAS_ADDRESS
591252;591253;HAS_ADDRESS
591256;591257;HAS_ADDRESS
591260;591261;HAS_ADDRESS
591264;591265;HAS_ADDRESS
591268;591269;HAS_ADDRESS
591272;591273;HAS_ADDRESS
591276;591277;HAS_ADDRESS
591280;591281;HAS_ADDRESS
591284;591285;HAS_ADDRESS
591288;591289;HAS_ADDRESS
591292;591293;HAS_ADDRESS
591296;591297;HAS_ADDRESS
591300;591301;HAS_ADDRESS
591304;591305;HAS_ADDRESS
591308;591309;HAS_ADDRESS
591312;591313;HAS_ADDRESS
591316;591317;HAS_ADDRESS
591320;591321;HAS_ADDRESS
591324;591325;HAS_ADDRESS
591328;591329;HAS_ADDRESS
591332;591333;HAS_ADDRESS
591336;591337;HAS_ADDRESS
591340;591341;HAS_ADDRESS
591344;591345;HAS_ADDRESS
591348;591349;HAS_ADDRESS
591352;591353;HAS_ADDRESS
591356;591357;HAS_ADDRESS
591360;591361;HAS_ADDRESS
591364;591365;HAS_ADDRESS
591368;591369;HAS_ADDRESS
591372;591373;HAS_ADDRESS
591376;591377;HAS_ADDRESS
591380;591381;HAS_ADDRESS
591384;591385;HAS_ADDRESS
591388;591389;HAS_ADDRESS
591392;591393;HAS_ADDRESS
591396;591397;HAS_ADDRESS
591400;591401;HAS_ADDRESS
591404;591405;HAS_ADDRESS
591408;591409;HAS_ADDRESS
591412;591413;HAS_ADDRESS
591416;591417;HAS_ADDRESS
591420;591421;HAS_ADDRESS
591424;591425;HAS_ADDRESS
591428;591429;HAS_ADDRESS
591432;591433;HAS_ADDRESS
591436;591437;HAS_ADDRESS
591440;591441;HAS_ADDRESS
591444;591445;HAS_ADDRESS
591448;591449;HAS_ADDRESS
591452;591453;HAS_ADDRESS
591456;591457;HAS_ADDRESS
591460;591461;HAS_ADDRESS
591464;591465;HAS_ADDRESS
591468;591469;HAS_ADDRESS
591472;591473;HAS_ADDRESS
591476;591477;HAS_ADDRESS
591480;591481;HAS_ADDRESS
591484;591485;HAS_ADDRESS
591488;591489;HAS_ADDRESS
591492;591493;HAS_ADDRESS
591496;591497;HAS_ADDRESS
591500;591501;HAS_ADDRESS
591504;591505;HAS_ADDRESS
591508;591509;HAS_ADDRESS
591512;591513;HAS_ADDRESS
591516;591517;HAS_ADDRESS
591520;591521;HAS_ADDRESS
591524;591525;HAS_ADDRESS
591528;591529;HAS_ADDRESS
591532;591533;HAS_ADDRESS
591536;591537;HAS_ADDRESS
591540;591541;HAS_ADDRESS
591544;591545;HAS_ADDRESS
591548;591549;HAS_ADDRESS
591552;591553;HAS_ADDRESS
591556;591557;HAS_ADDRESS
591560;591561;HAS_ADDRESS
591564;591565;HAS_ADDRESS
591568;591569;HAS_ADDRESS
591572;591573;HAS_ADDRESS
591576;591577;HAS_ADDRESS
591580;591581;HAS_ADDRESS
591584;591585;HAS_ADDRESS
591588;591589;HAS_ADDRESS
591592;591593;HAS_ADDRESS
591596;591597;HAS_ADDRESS
591600;591601;HAS_ADDRESS
591604;591605;HAS_ADDRESS
591608;591609;HAS_ADDRESS
591612;591613;HAS_ADDRESS
591616;591617;HAS_ADDRESS
591620;591621;HAS_ADDRESS
591624;591625;HAS_ADDRESS
591628;591629;HAS_ADDRESS
591632;591633;HAS_ADDRESS
591636;591637;HAS_ADDRESS
591640;591641;HAS_ADDRESS
591644;591645;HAS_ADDRESS
591648;591649;HAS_ADDRESS
591652;591653;HAS_ADDRESS
591656;591657;HAS_ADDRESS
591660;591661;HAS_ADDRESS
591664;591665;HAS_ADDRESS
591668;591669;HAS_ADDRESS
591672;591673;HAS_ADDRESS
591676;591677;HAS_ADDRESS
591680;591681;HAS_ADDRESS
591684;591685;HAS_ADDRESS
591688;591689;HAS_ADDRESS
591692;591693;HAS_ADDRESS
591696;591697;HAS_ADDRESS
591700;591701;HAS_ADDRESS
591704;591705;HAS_ADDRESS
591708;591709;HAS_ADDRESS
591712;591713;HAS_ADDRESS
591716;591717;HAS_ADDRESS
591720;591721;HAS_ADDRESS
591724;591725;HAS_ADDRESS
591728;591729;HAS_ADDRESS
591732;591733;HAS_ADDRESS
591736;591737;HAS_ADDRESS
591740;591741;HAS_ADDRESS
591744;591745;HAS_ADDRESS
591748;591749;HAS_ADDRESS
591752;591753;HAS_ADDRESS
591756;591757;HAS_ADDRESS
591760;591761;HAS_ADDRESS
591764;591765;HAS_ADDRESS
591768;591769;HAS_ADDRESS
591772;591773;HAS_ADDRESS
591776;591777;HAS_ADDRESS
591780;591781;HAS_ADDRESS
591784;591785;HAS_ADDRESS
591788;591789;HAS_ADDRESS
591792;591793;HAS_ADDRESS
591796;591797;HAS_ADDRESS
591800;591801;HAS_ADDRESS
591804;591805;HAS_ADDRESS
591808;591809;HAS_ADDRESS
591812;591813;HAS_ADDRESS
591816;591817;HAS_ADDRESS
591820;591821;HAS_ADDRESS
591824;591825;HAS_ADDRESS
591828;591829;HAS_ADDRESS
591832;591833;HAS_ADDRESS
591836;591837;HAS_ADDRESS
591840;591841;HAS_ADDRESS
591844;591845;HAS_ADDRESS
591848;591849;HAS_ADDRESS
591852;591853;HAS_ADDRESS
591856;591857;HAS_ADDRESS
591860;591861;HAS_ADDRESS
591864;591865;HAS_ADDRESS
591868;591869;HAS_ADDRESS
591872;591873;HAS_ADDRESS
591876;591877;HAS_ADDRESS
591880;591881;HAS_ADDRESS
591884;591885;HAS_ADDRESS
591888;591889;HAS_ADDRESS
591892;591893;HAS_ADDRESS
591896;591897;HAS_ADDRESS
591900;591901;HAS_ADDRESS
591904;591905;HAS_ADDRESS
591908;591909;HAS_ADDRESS
591912;591913;HAS_ADDRESS
591916;591917;HAS_ADDRESS
591920;591921;HAS_ADDRESS
591924;591925;HAS_ADDRESS
591928;591929;HAS_ADDRESS
591932;591933;HAS_ADDRESS
591936;591937;HAS_ADDRESS
591940;591941;HAS_ADDRESS
591944;591945;HAS_ADDRESS
591948;591949;HAS_ADDRESS
591952;591953;HAS_ADDRESS
591956;591957;HAS_ADDRESS
591960;591961;HAS_ADDRESS
591964;591965;HAS_ADDRESS
591968;591969;HAS_ADDRESS
591972;591973;HAS_ADDRESS
591976;591977;HAS_ADDRESS
591980;591981;HAS_ADDRESS
591984;591985;HAS_ADDRESS
591988;591989;HAS_ADDRESS
591992;591993;HAS_ADDRESS
591996;591997;HAS_ADDRESS
592000;592001;HAS_ADDRESS
592004;592005;HAS_ADDRESS
592008;592009;HAS_ADDRESS
592012;592013;HAS_ADDRESS
592016;592017;HAS_ADDRESS
592020;592021;HAS_ADDRESS
592024;592025;HAS_ADDRESS
592028;592029;HAS_ADDRESS
592032;592033;HAS_ADDRESS
592036;592037;HAS_ADDRESS
592040;592041;HAS_ADDRESS
592044;592045;HAS_ADDRESS
592048;592049;HAS_ADDRESS
592052;592053;HAS_ADDRESS
592056;592057;HAS_ADDRESS
592060;592061;HAS_ADDRESS
592064;592065;HAS_ADDRESS
592068;592069;HAS_ADDRESS
592072;592073;HAS_ADDRESS
592076;592077;HAS_ADDRESS
592080;592081;HAS_ADDRESS
592084;592085;HAS_ADDRESS
592088;592089;HAS_ADDRESS
592092;592093;HAS_ADDRESS
592096;592097;HAS_ADDRESS
592100;592101;HAS_ADDRESS
592104;592105;HAS_ADDRESS
592108;592109;HAS_ADDRESS
592112;592113;HAS_ADDRESS
592116;592117;HAS_ADDRESS
592120;592121;HAS_ADDRESS
592124;592125;HAS_ADDRESS
592128;592129;HAS_ADDRESS
592132;592133;HAS_ADDRESS
592136;592137;HAS_ADDRESS
592140;592141;HAS_ADDRESS
592144;592145;HAS_ADDRESS
592148;592149;HAS_ADDRESS
592152;592153;HAS_ADDRESS
592156;592157;HAS_ADDRESS
592160;592161;HAS_ADDRESS
592164;592165;HAS_ADDRESS
592168;592169;HAS_ADDRESS
592172;592173;HAS_ADDRESS
592176;592177;HAS_ADDRESS
592180;592181;HAS_ADDRESS
592184;592185;HAS_ADDRESS
592188;592189;HAS_ADDRESS
592192;592193;HAS_ADDRESS
592196;592197;HAS_ADDRESS
592200;592201;HAS_ADDRESS
592204;592205;HAS_ADDRESS
592208;592209;HAS_ADDRESS
592212;592213;HAS_ADDRESS
592216;592217;HAS_ADDRESS
592220;592221;HAS_ADDRESS
592224;592225;HAS_ADDRESS
592228;592229;HAS_ADDRESS
592232;592233;HAS_ADDRESS
592236;592237;HAS_ADDRESS
592240;592241;HAS_ADDRESS
592244;592245;HAS_ADDRESS
592248;592249;HAS_ADDRESS
592252;592253;HAS_ADDRESS
592256;592257;HAS_ADDRESS
592260;592261;HAS_ADDRESS
592264;592265;HAS_ADDRESS
592268;592269;HAS_ADDRESS
592272;592273;HAS_ADDRESS
592276;592277;HAS_ADDRESS
592280;592281;HAS_ADDRESS
592284;592285;HAS_ADDRESS
592288;592289;HAS_ADDRESS
592292;592293;HAS_ADDRESS
592296;592297;HAS_ADDRESS
592300;592301;HAS_ADDRESS
592304;592305;HAS_ADDRESS
592308;592309;HAS_ADDRESS
592312;592313;HAS_ADDRESS
592316;592317;HAS_ADDRESS
592320;592321;HAS_ADDRESS
592324;592325;HAS_ADDRESS
592328;592329;HAS_ADDRESS
592332;592333;HAS_ADDRESS
592336;592337;HAS_ADDRESS
592340;592341;HAS_ADDRESS
592344;592345;HAS_ADDRESS
592348;592349;HAS_ADDRESS
592352;592353;HAS_ADDRESS
592356;592357;HAS_ADDRESS
592360;592361;HAS_ADDRESS
592364;592365;HAS_ADDRESS
592368;592369;HAS_ADDRESS
592372;592373;HAS_ADDRESS
592376;592377;HAS_ADDRESS
592380;592381;HAS_ADDRESS
592384;592385;HAS_ADDRESS
592388;592389;HAS_ADDRESS
592392;592393;HAS_ADDRESS
592396;592397;HAS_ADDRESS
592400;592401;HAS_ADDRESS
592404;592405;HAS_ADDRESS
592408;592409;HAS_ADDRESS
592412;592413;HAS_ADDRESS
592416;592417;HAS_ADDRESS
592420;592421;HAS_ADDRESS
592424;592425;HAS_ADDRESS
592428;592429;HAS_ADDRESS
592432;592433;HAS_ADDRESS
592436;592437;HAS_ADDRESS
592440;592441;HAS_ADDRESS
592444;592445;HAS_ADDRESS
592448;592449;HAS_ADDRESS
592452;592453;HAS_ADDRESS
592456;592457;HAS_ADDRESS
592460;592461;HAS_ADDRESS
592464;592465;HAS_ADDRESS
592468;592469;HAS_ADDRESS
592472;592473;HAS_ADDRESS
592476;592477;HAS_ADDRESS
592480;592481;HAS_ADDRESS
592484;592485;HAS_ADDRESS
592488;592489;HAS_ADDRESS
592492;592493;HAS_ADDRESS
592496;592497;HAS_ADDRESS
592500;592501;HAS_ADDRESS
592504;592505;HAS_ADDRESS
592508;592509;HAS_ADDRESS
592512;592513;HAS_ADDRESS
592516;592517;HAS_ADDRESS
592520;592521;HAS_ADDRESS
592524;592525;HAS_ADDRESS
592528;592529;HAS_ADDRESS
592532;592533;HAS_ADDRESS
592536;592537;HAS_ADDRESS
592540;592541;HAS_ADDRESS
592544;592545;HAS_ADDRESS
592548;592549;HAS_ADDRESS
592552;592553;HAS_ADDRESS
592556;592557;HAS_ADDRESS
592560;592561;HAS_ADDRESS
592564;592565;HAS_ADDRESS
592568;592569;HAS_ADDRESS
592572;592573;HAS_ADDRESS
592576;592577;HAS_ADDRESS
592580;592581;HAS_ADDRESS
592584;592585;HAS_ADDRESS
592588;592589;HAS_ADDRESS
592592;592593;HAS_ADDRESS
592596;592597;HAS_ADDRESS
592600;592601;HAS_ADDRESS
592604;592605;HAS_ADDRESS
592608;592609;HAS_ADDRESS
592612;592613;HAS_ADDRESS
592616;592617;HAS_ADDRESS
592620;592621;HAS_ADDRESS
592624;592625;HAS_ADDRESS
592628;592629;HAS_ADDRESS
592632;592633;HAS_ADDRESS
592636;592637;HAS_ADDRESS
592640;592641;HAS_ADDRESS
592644;592645;HAS_ADDRESS
592648;592649;HAS_ADDRESS
592652;592653;HAS_ADDRESS
592656;592657;HAS_ADDRESS
592660;592661;HAS_ADDRESS
592664;592665;HAS_ADDRESS
592668;592669;HAS_ADDRESS
592672;592673;HAS_ADDRESS
592676;592677;HAS_ADDRESS
592680;592681;HAS_ADDRESS
592684;592685;HAS_ADDRESS
592688;592689;HAS_ADDRESS
592692;592693;HAS_ADDRESS
592696;592697;HAS_ADDRESS
592700;592701;HAS_ADDRESS
592704;592705;HAS_ADDRESS
592708;592709;HAS_ADDRESS
592712;592713;HAS_ADDRESS
592716;592717;HAS_ADDRESS
592720;592721;HAS_ADDRESS
592724;592725;HAS_ADDRESS
592728;592729;HAS_ADDRESS
592732;592733;HAS_ADDRESS
592736;592737;HAS_ADDRESS
592740;592741;HAS_ADDRESS
592744;592745;HAS_ADDRESS
592748;592749;HAS_ADDRESS
592752;592753;HAS_ADDRESS
592756;592757;HAS_ADDRESS
592760;592761;HAS_ADDRESS
592764;592765;HAS_ADDRESS
592768;592769;HAS_ADDRESS
592772;592773;HAS_ADDRESS
592776;592777;HAS_ADDRESS
592780;592781;HAS_ADDRESS
592784;592785;HAS_ADDRESS
592788;592789;HAS_ADDRESS
592792;592793;HAS_ADDRESS
592796;592797;HAS_ADDRESS
592800;592801;HAS_ADDRESS
592804;592805;HAS_ADDRESS
592808;592809;HAS_ADDRESS
592812;592813;HAS_ADDRESS
592816;592817;HAS_ADDRESS
592820;592821;HAS_ADDRESS
592824;592825;HAS_ADDRESS
592828;592829;HAS_ADDRESS
592832;592833;HAS_ADDRESS
592836;592837;HAS_ADDRESS
592840;592841;HAS_ADDRESS
592844;592845;HAS_ADDRESS
592848;592849;HAS_ADDRESS
592852;592853;HAS_ADDRESS
592856;592857;HAS_ADDRESS
592860;592861;HAS_ADDRESS
592864;592865;HAS_ADDRESS
592868;592869;HAS_ADDRESS
592872;592873;HAS_ADDRESS
592876;592877;HAS_ADDRESS
592880;592881;HAS_ADDRESS
592884;592885;HAS_ADDRESS
592888;592889;HAS_ADDRESS
592892;592893;HAS_ADDRESS
592896;592897;HAS_ADDRESS
592900;592901;HAS_ADDRESS
592904;592905;HAS_ADDRESS
592908;592909;HAS_ADDRESS
592912;592913;HAS_ADDRESS
592916;592917;HAS_ADDRESS
592920;592921;HAS_ADDRESS
592924;592925;HAS_ADDRESS
592928;592929;HAS_ADDRESS
592932;592933;HAS_ADDRESS
592936;592937;HAS_ADDRESS
592940;592941;HAS_ADDRESS
592944;592945;HAS_ADDRESS
592948;592949;HAS_ADDRESS
592952;592953;HAS_ADDRESS
592956;592957;HAS_ADDRESS
592960;592961;HAS_ADDRESS
592964;592965;HAS_ADDRESS
592968;592969;HAS_ADDRESS
592972;592973;HAS_ADDRESS
592976;592977;HAS_ADDRESS
592980;592981;HAS_ADDRESS
592984;592985;HAS_ADDRESS
592988;592989;HAS_ADDRESS
592992;592993;HAS_ADDRESS
592996;592997;HAS_ADDRESS
593000;593001;HAS_ADDRESS
593004;593005;HAS_ADDRESS
593008;593009;HAS_ADDRESS
593012;593013;HAS_ADDRESS
593016;593017;HAS_ADDRESS
593020;593021;HAS_ADDRESS
593024;593025;HAS_ADDRESS
593028;593029;HAS_ADDRESS
593032;593033;HAS_ADDRESS
593036;593037;HAS_ADDRESS
593040;593041;HAS_ADDRESS
593044;593045;HAS_ADDRESS
593048;593049;HAS_ADDRESS
593052;593053;HAS_ADDRESS
593056;593057;HAS_ADDRESS
593060;593061;HAS_ADDRESS
593064;593065;HAS_ADDRESS
593068;593069;HAS_ADDRESS
593072;593073;HAS_ADDRESS
593076;593077;HAS_ADDRESS
593080;593081;HAS_ADDRESS
593084;593085;HAS_ADDRESS
593088;593089;HAS_ADDRESS
593092;593093;HAS_ADDRESS
593096;593097;HAS_ADDRESS
593100;593101;HAS_ADDRESS
593104;593105;HAS_ADDRESS
593108;593109;HAS_ADDRESS
593112;593113;HAS_ADDRESS
593116;593117;HAS_ADDRESS
593120;593121;HAS_ADDRESS
593124;593125;HAS_ADDRESS
593128;593129;HAS_ADDRESS
593132;593133;HAS_ADDRESS
593136;593137;HAS_ADDRESS
593140;593141;HAS_ADDRESS
593144;593145;HAS_ADDRESS
593148;593149;HAS_ADDRESS
593152;593153;HAS_ADDRESS
593156;593157;HAS_ADDRESS
593160;593161;HAS_ADDRESS
593164;593165;HAS_ADDRESS
593168;593169;HAS_ADDRESS
593172;593173;HAS_ADDRESS
593176;593177;HAS_ADDRESS
593180;593181;HAS_ADDRESS
593184;593185;HAS_ADDRESS
593188;593189;HAS_ADDRESS
593192;593193;HAS_ADDRESS
593196;593197;HAS_ADDRESS
593200;593201;HAS_ADDRESS
593204;593205;HAS_ADDRESS
593208;593209;HAS_ADDRESS
593212;593213;HAS_ADDRESS
593216;593217;HAS_ADDRESS
593220;593221;HAS_ADDRESS
593224;593225;HAS_ADDRESS
593228;593229;HAS_ADDRESS
593232;593233;HAS_ADDRESS
593236;593237;HAS_ADDRESS
593240;593241;HAS_ADDRESS
593244;593245;HAS_ADDRESS
593248;593249;HAS_ADDRESS
593252;593253;HAS_ADDRESS
593256;593257;HAS_ADDRESS
593260;593261;HAS_ADDRESS
593264;593265;HAS_ADDRESS
593268;593269;HAS_ADDRESS
593272;593273;HAS_ADDRESS
593276;593277;HAS_ADDRESS
593280;593281;HAS_ADDRESS
593284;593285;HAS_ADDRESS
593288;593289;HAS_ADDRESS
593292;593293;HAS_ADDRESS
593296;593297;HAS_ADDRESS
593300;593301;HAS_ADDRESS
593304;593305;HAS_ADDRESS
593308;593309;HAS_ADDRESS
593312;593313;HAS_ADDRESS
593316;593317;HAS_ADDRESS
593320;593321;HAS_ADDRESS
593324;593325;HAS_ADDRESS
593328;593329;HAS_ADDRESS
593332;593333;HAS_ADDRESS
593336;593337;HAS_ADDRESS
593340;593341;HAS_ADDRESS
593344;593345;HAS_ADDRESS
593348;593349;HAS_ADDRESS
593352;593353;HAS_ADDRESS
593356;593357;HAS_ADDRESS
593360;593361;HAS_ADDRESS
593364;593365;HAS_ADDRESS
593368;593369;HAS_ADDRESS
593372;593373;HAS_ADDRESS
593376;593377;HAS_ADDRESS
593380;593381;HAS_ADDRESS
593384;593385;HAS_ADDRESS
593388;593389;HAS_ADDRESS
593392;593393;HAS_ADDRESS
593396;593397;HAS_ADDRESS
593400;593401;HAS_ADDRESS
593404;593405;HAS_ADDRESS
593408;593409;HAS_ADDRESS
593412;593413;HAS_ADDRESS
593416;593417;HAS_ADDRESS
593420;593421;HAS_ADDRESS
593424;593425;HAS_ADDRESS
593428;593429;HAS_ADDRESS
593432;593433;HAS_ADDRESS
593436;593437;HAS_ADDRESS
593440;593441;HAS_ADDRESS
593444;593445;HAS_ADDRESS
593448;593449;HAS_ADDRESS
593452;593453;HAS_ADDRESS
593456;593457;HAS_ADDRESS
593460;593461;HAS_ADDRESS
593464;593465;HAS_ADDRESS
593468;593469;HAS_ADDRESS
593472;593473;HAS_ADDRESS
593476;593477;HAS_ADDRESS
593480;593481;HAS_ADDRESS
593484;593485;HAS_ADDRESS
593488;593489;HAS_ADDRESS
593492;593493;HAS_ADDRESS
593496;593497;HAS_ADDRESS
593500;593501;HAS_ADDRESS
593504;593505;HAS_ADDRESS
593508;593509;HAS_ADDRESS
593512;593513;HAS_ADDRESS
593516;593517;HAS_ADDRESS
593520;593521;HAS_ADDRESS
593524;593525;HAS_ADDRESS
593528;593529;HAS_ADDRESS
593532;593533;HAS_ADDRESS
593536;593537;HAS_ADDRESS
593540;593541;HAS_ADDRESS
593544;593545;HAS_ADDRESS
593548;593549;HAS_ADDRESS
593552;593553;HAS_ADDRESS
593556;593557;HAS_ADDRESS
593560;593561;HAS_ADDRESS
593564;593565;HAS_ADDRESS
593568;593569;HAS_ADDRESS
593572;593573;HAS_ADDRESS
593576;593577;HAS_ADDRESS
593580;593581;HAS_ADDRESS
593584;593585;HAS_ADDRESS
593588;593589;HAS_ADDRESS
593592;593593;HAS_ADDRESS
593596;593597;HAS_ADDRESS
593600;593601;HAS_ADDRESS
593604;593605;HAS_ADDRESS
593608;593609;HAS_ADDRESS
593612;593613;HAS_ADDRESS
593616;593617;HAS_ADDRESS
593620;593621;HAS_ADDRESS
593624;593625;HAS_ADDRESS
593628;593629;HAS_ADDRESS
593632;593633;HAS_ADDRESS
593636;593637;HAS_ADDRESS
593640;593641;HAS_ADDRESS
593644;593645;HAS_ADDRESS
593648;593649;HAS_ADDRESS
593652;593653;HAS_ADDRESS
593656;593657;HAS_ADDRESS
593660;593661;HAS_ADDRESS
593664;593665;HAS_ADDRESS
593668;593669;HAS_ADDRESS
593672;593673;HAS_ADDRESS
593676;593677;HAS_ADDRESS
593680;593681;HAS_ADDRESS
593684;593685;HAS_ADDRESS
593688;593689;HAS_ADDRESS
593692;593693;HAS_ADDRESS
593696;593697;HAS_ADDRESS
593700;593701;HAS_ADDRESS
593704;593705;HAS_ADDRESS
593708;593709;HAS_ADDRESS
593712;593713;HAS_ADDRESS
593716;593717;HAS_ADDRESS
593720;593721;HAS_ADDRESS
593724;593725;HAS_ADDRESS
593728;593729;HAS_ADDRESS
593732;593733;HAS_ADDRESS
593736;593737;HAS_ADDRESS
593740;593741;HAS_ADDRESS
593744;593745;HAS_ADDRESS
593748;593749;HAS_ADDRESS
593752;593753;HAS_ADDRESS
593756;593757;HAS_ADDRESS
593760;593761;HAS_ADDRESS
593764;593765;HAS_ADDRESS
593768;593769;HAS_ADDRESS
593772;593773;HAS_ADDRESS
593776;593777;HAS_ADDRESS
593780;593781;HAS_ADDRESS
593784;593785;HAS_ADDRESS
593788;593789;HAS_ADDRESS
593792;593793;HAS_ADDRESS
593796;593797;HAS_ADDRESS
593800;593801;HAS_ADDRESS
593804;593805;HAS_ADDRESS
593808;593809;HAS_ADDRESS
593812;593813;HAS_ADDRESS
593816;593817;HAS_ADDRESS
593820;593821;HAS_ADDRESS
593824;593825;HAS_ADDRESS
593828;593829;HAS_ADDRESS
593832;593833;HAS_ADDRESS
593836;593837;HAS_ADDRESS
593840;593841;HAS_ADDRESS
593844;593845;HAS_ADDRESS
593848;593849;HAS_ADDRESS
593852;593853;HAS_ADDRESS
593856;593857;HAS_ADDRESS
593860;593861;HAS_ADDRESS
593864;593865;HAS_ADDRESS
593868;593869;HAS_ADDRESS
593872;593873;HAS_ADDRESS
593876;593877;HAS_ADDRESS
593880;593881;HAS_ADDRESS
593884;593885;HAS_ADDRESS
593888;593889;HAS_ADDRESS
593892;593893;HAS_ADDRESS
593896;593897;HAS_ADDRESS
593900;593901;HAS_ADDRESS
593904;593905;HAS_ADDRESS
593908;593909;HAS_ADDRESS
593912;593913;HAS_ADDRESS
593916;593917;HAS_ADDRESS
593920;593921;HAS_ADDRESS
593924;593925;HAS_ADDRESS
593928;593929;HAS_ADDRESS
593932;593933;HAS_ADDRESS
593936;593937;HAS_ADDRESS
593940;593941;HAS_ADDRESS
593944;593945;HAS_ADDRESS
593948;593949;HAS_ADDRESS
593952;593953;HAS_ADDRESS
593956;593957;HAS_ADDRESS
593960;593961;HAS_ADDRESS
593964;593965;HAS_ADDRESS
593968;593969;HAS_ADDRESS
593972;593973;HAS_ADDRESS
593976;593977;HAS_ADDRESS
593980;593981;HAS_ADDRESS
593984;593985;HAS_ADDRESS
593988;593989;HAS_ADDRESS
593992;593993;HAS_ADDRESS
593996;593997;HAS_ADDRESS
594000;594001;HAS_ADDRESS
594004;594005;HAS_ADDRESS
594008;594009;HAS_ADDRESS
594012;594013;HAS_ADDRESS
594016;594017;HAS_ADDRESS
594020;594021;HAS_ADDRESS
594024;594025;HAS_ADDRESS
594028;594029;HAS_ADDRESS
594032;594033;HAS_ADDRESS
594036;594037;HAS_ADDRESS
594040;594041;HAS_ADDRESS
594044;594045;HAS_ADDRESS
594048;594049;HAS_ADDRESS
594052;594053;HAS_ADDRESS
594056;594057;HAS_ADDRESS
594060;594061;HAS_ADDRESS
594064;594065;HAS_ADDRESS
594068;594069;HAS_ADDRESS
594072;594073;HAS_ADDRESS
594076;594077;HAS_ADDRESS
594080;594081;HAS_ADDRESS
594084;594085;HAS_ADDRESS
594088;594089;HAS_ADDRESS
594092;594093;HAS_ADDRESS
594096;594097;HAS_ADDRESS
594100;594101;HAS_ADDRESS
594104;594105;HAS_ADDRESS
594108;594109;HAS_ADDRESS
594112;594113;HAS_ADDRESS
594116;594117;HAS_ADDRESS
594120;594121;HAS_ADDRESS
594124;594125;HAS_ADDRESS
594128;594129;HAS_ADDRESS
594132;594133;HAS_ADDRESS
594136;594137;HAS_ADDRESS
594140;594141;HAS_ADDRESS
594144;594145;HAS_ADDRESS
594148;594149;HAS_ADDRESS
594152;594153;HAS_ADDRESS
594156;594157;HAS_ADDRESS
594160;594161;HAS_ADDRESS
594164;594165;HAS_ADDRESS
594168;594169;HAS_ADDRESS
594172;594173;HAS_ADDRESS
594176;594177;HAS_ADDRESS
594180;594181;HAS_ADDRESS
594184;594185;HAS_ADDRESS
594188;594189;HAS_ADDRESS
594192;594193;HAS_ADDRESS
594196;594197;HAS_ADDRESS
594200;594201;HAS_ADDRESS
594204;594205;HAS_ADDRESS
594208;594209;HAS_ADDRESS
594212;594213;HAS_ADDRESS
594216;594217;HAS_ADDRESS
594220;594221;HAS_ADDRESS
594224;594225;HAS_ADDRESS
594228;594229;HAS_ADDRESS
594232;594233;HAS_ADDRESS
594236;594237;HAS_ADDRESS
594240;594241;HAS_ADDRESS
594244;594245;HAS_ADDRESS
594248;594249;HAS_ADDRESS
594252;594253;HAS_ADDRESS
594256;594257;HAS_ADDRESS
594260;594261;HAS_ADDRESS
594264;594265;HAS_ADDRESS
594268;594269;HAS_ADDRESS
594272;594273;HAS_ADDRESS
594276;594277;HAS_ADDRESS
594280;594281;HAS_ADDRESS
594284;594285;HAS_ADDRESS
594288;594289;HAS_ADDRESS
594292;594293;HAS_ADDRESS
594296;594297;HAS_ADDRESS
594300;594301;HAS_ADDRESS
594304;594305;HAS_ADDRESS
594308;594309;HAS_ADDRESS
594312;594313;HAS_ADDRESS
594316;594317;HAS_ADDRESS
594320;594321;HAS_ADDRESS
594324;594325;HAS_ADDRESS
594328;594329;HAS_ADDRESS
594332;594333;HAS_ADDRESS
594336;594337;HAS_ADDRESS
594340;594341;HAS_ADDRESS
594344;594345;HAS_ADDRESS
594348;594349;HAS_ADDRESS
594352;594353;HAS_ADDRESS
594356;594357;HAS_ADDRESS
594360;594361;HAS_ADDRESS
594364;594365;HAS_ADDRESS
594368;594369;HAS_ADDRESS
594372;594373;HAS_ADDRESS
594376;594377;HAS_ADDRESS
594380;594381;HAS_ADDRESS
594384;594385;HAS_ADDRESS
594388;594389;HAS_ADDRESS
594392;594393;HAS_ADDRESS
594396;594397;HAS_ADDRESS
594400;594401;HAS_ADDRESS
594404;594405;HAS_ADDRESS
594408;594409;HAS_ADDRESS
594412;594413;HAS_ADDRESS
594416;594417;HAS_ADDRESS
594420;594421;HAS_ADDRESS
594424;594425;HAS_ADDRESS
594428;594429;HAS_ADDRESS
594432;594433;HAS_ADDRESS
594436;594437;HAS_ADDRESS
594440;594441;HAS_ADDRESS
594444;594445;HAS_ADDRESS
594448;594449;HAS_ADDRESS
594452;594453;HAS_ADDRESS
594456;594457;HAS_ADDRESS
594460;594461;HAS_ADDRESS
594464;594465;HAS_ADDRESS
594468;594469;HAS_ADDRESS
594472;594473;HAS_ADDRESS
594476;594477;HAS_ADDRESS
594480;594481;HAS_ADDRESS
594484;594485;HAS_ADDRESS
594488;594489;HAS_ADDRESS
594492;594493;HAS_ADDRESS
594496;594497;HAS_ADDRESS
594500;594501;HAS_ADDRESS
594504;594505;HAS_ADDRESS
594508;594509;HAS_ADDRESS
594512;594513;HAS_ADDRESS
594516;594517;HAS_ADDRESS
594520;594521;HAS_ADDRESS
594524;594525;HAS_ADDRESS
594528;594529;HAS_ADDRESS
594532;594533;HAS_ADDRESS
594536;594537;HAS_ADDRESS
594540;594541;HAS_ADDRESS
594544;594545;HAS_ADDRESS
594548;594549;HAS_ADDRESS
594552;594553;HAS_ADDRESS
594556;594557;HAS_ADDRESS
594560;594561;HAS_ADDRESS
594564;594565;HAS_ADDRESS
594568;594569;HAS_ADDRESS
594572;594573;HAS_ADDRESS
594576;594577;HAS_ADDRESS
594580;594581;HAS_ADDRESS
594584;594585;HAS_ADDRESS
594588;594589;HAS_ADDRESS
594592;594593;HAS_ADDRESS
594596;594597;HAS_ADDRESS
594600;594601;HAS_ADDRESS
594604;594605;HAS_ADDRESS
594608;594609;HAS_ADDRESS
594612;594613;HAS_ADDRESS
594616;594617;HAS_ADDRESS
594620;594621;HAS_ADDRESS
594624;594625;HAS_ADDRESS
594628;594629;HAS_ADDRESS
594632;594633;HAS_ADDRESS
594636;594637;HAS_ADDRESS
594640;594641;HAS_ADDRESS
594644;594645;HAS_ADDRESS
594648;594649;HAS_ADDRESS
594652;594653;HAS_ADDRESS
594656;594657;HAS_ADDRESS
594660;594661;HAS_ADDRESS
594664;594665;HAS_ADDRESS
594668;594669;HAS_ADDRESS
594672;594673;HAS_ADDRESS
594676;594677;HAS_ADDRESS
594680;594681;HAS_ADDRESS
594684;594685;HAS_ADDRESS
594688;594689;HAS_ADDRESS
594692;594693;HAS_ADDRESS
594696;594697;HAS_ADDRESS
594700;594701;HAS_ADDRESS
594704;594705;HAS_ADDRESS
594708;594709;HAS_ADDRESS
594712;594713;HAS_ADDRESS
594716;594717;HAS_ADDRESS
594720;594721;HAS_ADDRESS
594724;594725;HAS_ADDRESS
594728;594729;HAS_ADDRESS
594732;594733;HAS_ADDRESS
594736;594737;HAS_ADDRESS
594740;594741;HAS_ADDRESS
594744;594745;HAS_ADDRESS
594748;594749;HAS_ADDRESS
594752;594753;HAS_ADDRESS
594756;594757;HAS_ADDRESS
594760;594761;HAS_ADDRESS
594764;594765;HAS_ADDRESS
594768;594769;HAS_ADDRESS
594772;594773;HAS_ADDRESS
594776;594777;HAS_ADDRESS
594780;594781;HAS_ADDRESS
594784;594785;HAS_ADDRESS
594788;594789;HAS_ADDRESS
594792;594793;HAS_ADDRESS
594796;594797;HAS_ADDRESS
594800;594801;HAS_ADDRESS
594804;594805;HAS_ADDRESS
594808;594809;HAS_ADDRESS
594812;594813;HAS_ADDRESS
594816;594817;HAS_ADDRESS
594820;594821;HAS_ADDRESS
594824;594825;HAS_ADDRESS
594828;594829;HAS_ADDRESS
594832;594833;HAS_ADDRESS
594836;594837;HAS_ADDRESS
594840;594841;HAS_ADDRESS
594844;594845;HAS_ADDRESS
594848;594849;HAS_ADDRESS
594852;594853;HAS_ADDRESS
594856;594857;HAS_ADDRESS
594860;594861;HAS_ADDRESS
594864;594865;HAS_ADDRESS
594868;594869;HAS_ADDRESS
594872;594873;HAS_ADDRESS
594876;594877;HAS_ADDRESS
594880;594881;HAS_ADDRESS
594884;594885;HAS_ADDRESS
594888;594889;HAS_ADDRESS
594892;594893;HAS_ADDRESS
594896;594897;HAS_ADDRESS
594900;594901;HAS_ADDRESS
594904;594905;HAS_ADDRESS
594908;594909;HAS_ADDRESS
594912;594913;HAS_ADDRESS
594916;594917;HAS_ADDRESS
594920;594921;HAS_ADDRESS
594924;594925;HAS_ADDRESS
594928;594929;HAS_ADDRESS
594932;594933;HAS_ADDRESS
594936;594937;HAS_ADDRESS
594940;594941;HAS_ADDRESS
594944;594945;HAS_ADDRESS
594948;594949;HAS_ADDRESS
594952;594953;HAS_ADDRESS
594956;594957;HAS_ADDRESS
594960;594961;HAS_ADDRESS
594964;594965;HAS_ADDRESS
594968;594969;HAS_ADDRESS
594972;594973;HAS_ADDRESS
594976;594977;HAS_ADDRESS
594980;594981;HAS_ADDRESS
594984;594985;HAS_ADDRESS
594988;594989;HAS_ADDRESS
594992;594993;HAS_ADDRESS
594996;594997;HAS_ADDRESS
595000;595001;HAS_ADDRESS
595004;595005;HAS_ADDRESS
595008;595009;HAS_ADDRESS
595012;595013;HAS_ADDRESS
595016;595017;HAS_ADDRESS
595020;595021;HAS_ADDRESS
595024;595025;HAS_ADDRESS
595028;595029;HAS_ADDRESS
595032;595033;HAS_ADDRESS
595036;595037;HAS_ADDRESS
595040;595041;HAS_ADDRESS
595044;595045;HAS_ADDRESS
595048;595049;HAS_ADDRESS
595052;595053;HAS_ADDRESS
595056;595057;HAS_ADDRESS
595060;595061;HAS_ADDRESS
595064;595065;HAS_ADDRESS
595068;595069;HAS_ADDRESS
595072;595073;HAS_ADDRESS
595076;595077;HAS_ADDRESS
595080;595081;HAS_ADDRESS
595084;595085;HAS_ADDRESS
595088;595089;HAS_ADDRESS
595092;595093;HAS_ADDRESS
595096;595097;HAS_ADDRESS
595100;595101;HAS_ADDRESS
595104;595105;HAS_ADDRESS
595108;595109;HAS_ADDRESS
595112;595113;HAS_ADDRESS
595116;595117;HAS_ADDRESS
595120;595121;HAS_ADDRESS
595124;595125;HAS_ADDRESS
595128;595129;HAS_ADDRESS
595132;595133;HAS_ADDRESS
595136;595137;HAS_ADDRESS
595140;595141;HAS_ADDRESS
595144;595145;HAS_ADDRESS
595148;595149;HAS_ADDRESS
595152;595153;HAS_ADDRESS
595156;595157;HAS_ADDRESS
595160;595161;HAS_ADDRESS
595164;595165;HAS_ADDRESS
595168;595169;HAS_ADDRESS
595172;595173;HAS_ADDRESS
595176;595177;HAS_ADDRESS
595180;595181;HAS_ADDRESS
595184;595185;HAS_ADDRESS
595188;595189;HAS_ADDRESS
595192;595193;HAS_ADDRESS
595196;595197;HAS_ADDRESS
595200;595201;HAS_ADDRESS
595204;595205;HAS_ADDRESS
595208;595209;HAS_ADDRESS
595212;595213;HAS_ADDRESS
595216;595217;HAS_ADDRESS
595220;595221;HAS_ADDRESS
595224;595225;HAS_ADDRESS
595228;595229;HAS_ADDRESS
595232;595233;HAS_ADDRESS
595236;595237;HAS_ADDRESS
595240;595241;HAS_ADDRESS
595244;595245;HAS_ADDRESS
595248;595249;HAS_ADDRESS
595252;595253;HAS_ADDRESS
595256;595257;HAS_ADDRESS
595260;595261;HAS_ADDRESS
595264;595265;HAS_ADDRESS
595268;595269;HAS_ADDRESS
595272;595273;HAS_ADDRESS
595276;595277;HAS_ADDRESS
595280;595281;HAS_ADDRESS
595284;595285;HAS_ADDRESS
595288;595289;HAS_ADDRESS
595292;595293;HAS_ADDRESS
595296;595297;HAS_ADDRESS
595300;595301;HAS_ADDRESS
595304;595305;HAS_ADDRESS
595308;595309;HAS_ADDRESS
595312;595313;HAS_ADDRESS
595316;595317;HAS_ADDRESS
595320;595321;HAS_ADDRESS
595324;595325;HAS_ADDRESS
595328;595329;HAS_ADDRESS
595332;595333;HAS_ADDRESS
595336;595337;HAS_ADDRESS
595340;595341;HAS_ADDRESS
595344;595345;HAS_ADDRESS
595348;595349;HAS_ADDRESS
595352;595353;HAS_ADDRESS
595356;595357;HAS_ADDRESS
595360;595361;HAS_ADDRESS
595364;595365;HAS_ADDRESS
595368;595369;HAS_ADDRESS
595372;595373;HAS_ADDRESS
595376;595377;HAS_ADDRESS
595380;595381;HAS_ADDRESS
595384;595385;HAS_ADDRESS
595388;595389;HAS_ADDRESS
595392;595393;HAS_ADDRESS
595396;595397;HAS_ADDRESS
595400;595401;HAS_ADDRESS
595404;595405;HAS_ADDRESS
595408;595409;HAS_ADDRESS
595412;595413;HAS_ADDRESS
595416;595417;HAS_ADDRESS
595420;595421;HAS_ADDRESS
595424;595425;HAS_ADDRESS
595428;595429;HAS_ADDRESS
595432;595433;HAS_ADDRESS
595436;595437;HAS_ADDRESS
595440;595441;HAS_ADDRESS
595444;595445;HAS_ADDRESS
595448;595449;HAS_ADDRESS
595452;595453;HAS_ADDRESS
595456;595457;HAS_ADDRESS
595460;595461;HAS_ADDRESS
595464;595465;HAS_ADDRESS
595468;595469;HAS_ADDRESS
595472;595473;HAS_ADDRESS
595476;595477;HAS_ADDRESS
595480;595481;HAS_ADDRESS
595484;595485;HAS_ADDRESS
595488;595489;HAS_ADDRESS
595492;595493;HAS_ADDRESS
595496;595497;HAS_ADDRESS
595500;595501;HAS_ADDRESS
595504;595505;HAS_ADDRESS
595508;595509;HAS_ADDRESS
595512;595513;HAS_ADDRESS
595516;595517;HAS_ADDRESS
595520;595521;HAS_ADDRESS
595524;595525;HAS_ADDRESS
595528;595529;HAS_ADDRESS
595532;595533;HAS_ADDRESS
595536;595537;HAS_ADDRESS
595540;595541;HAS_ADDRESS
595544;595545;HAS_ADDRESS
595548;595549;HAS_ADDRESS
595552;595553;HAS_ADDRESS
595556;595557;HAS_ADDRESS
595560;595561;HAS_ADDRESS
595564;595565;HAS_ADDRESS
595568;595569;HAS_ADDRESS
595572;595573;HAS_ADDRESS
595576;595577;HAS_ADDRESS
595580;595581;HAS_ADDRESS
595584;595585;HAS_ADDRESS
595588;595589;HAS_ADDRESS
595592;595593;HAS_ADDRESS
595596;595597;HAS_ADDRESS
595600;595601;HAS_ADDRESS
595604;595605;HAS_ADDRESS
595608;595609;HAS_ADDRESS
595612;595613;HAS_ADDRESS
595616;595617;HAS_ADDRESS
595620;595621;HAS_ADDRESS
595624;595625;HAS_ADDRESS
595628;595629;HAS_ADDRESS
595632;595633;HAS_ADDRESS
595636;595637;HAS_ADDRESS
595640;595641;HAS_ADDRESS
595644;595645;HAS_ADDRESS
595648;595649;HAS_ADDRESS
595652;595653;HAS_ADDRESS
595656;595657;HAS_ADDRESS
595660;595661;HAS_ADDRESS
595664;595665;HAS_ADDRESS
595668;595669;HAS_ADDRESS
595672;595673;HAS_ADDRESS
595676;595677;HAS_ADDRESS
595680;595681;HAS_ADDRESS
595684;595685;HAS_ADDRESS
595688;595689;HAS_ADDRESS
595692;595693;HAS_ADDRESS
595696;595697;HAS_ADDRESS
595700;595701;HAS_ADDRESS
595704;595705;HAS_ADDRESS
595708;595709;HAS_ADDRESS
595712;595713;HAS_ADDRESS
595716;595717;HAS_ADDRESS
595720;595721;HAS_ADDRESS
595724;595725;HAS_ADDRESS
595728;595729;HAS_ADDRESS
595732;595733;HAS_ADDRESS
595736;595737;HAS_ADDRESS
595740;595741;HAS_ADDRESS
595744;595745;HAS_ADDRESS
595748;595749;HAS_ADDRESS
595752;595753;HAS_ADDRESS
595756;595757;HAS_ADDRESS
595760;595761;HAS_ADDRESS
595764;595765;HAS_ADDRESS
595768;595769;HAS_ADDRESS
595772;595773;HAS_ADDRESS
595776;595777;HAS_ADDRESS
595780;595781;HAS_ADDRESS
595784;595785;HAS_ADDRESS
595788;595789;HAS_ADDRESS
595792;595793;HAS_ADDRESS
595796;595797;HAS_ADDRESS
595800;595801;HAS_ADDRESS
595804;595805;HAS_ADDRESS
595808;595809;HAS_ADDRESS
595812;595813;HAS_ADDRESS
595816;595817;HAS_ADDRESS
595820;595821;HAS_ADDRESS
595824;595825;HAS_ADDRESS
595828;595829;HAS_ADDRESS
595832;595833;HAS_ADDRESS
595836;595837;HAS_ADDRESS
595840;595841;HAS_ADDRESS
595844;595845;HAS_ADDRESS
595848;595849;HAS_ADDRESS
595852;595853;HAS_ADDRESS
595856;595857;HAS_ADDRESS
595860;595861;HAS_ADDRESS
595864;595865;HAS_ADDRESS
595868;595869;HAS_ADDRESS
595872;595873;HAS_ADDRESS
595876;595877;HAS_ADDRESS
595880;595881;HAS_ADDRESS
595884;595885;HAS_ADDRESS
595888;595889;HAS_ADDRESS
595892;595893;HAS_ADDRESS
595896;595897;HAS_ADDRESS
595900;595901;HAS_ADDRESS
595904;595905;HAS_ADDRESS
595908;595909;HAS_ADDRESS
595912;595913;HAS_ADDRESS
595916;595917;HAS_ADDRESS
595920;595921;HAS_ADDRESS
595924;595925;HAS_ADDRESS
595928;595929;HAS_ADDRESS
595932;595933;HAS_ADDRESS
595936;595937;HAS_ADDRESS
595940;595941;HAS_ADDRESS
595944;595945;HAS_ADDRESS
595948;595949;HAS_ADDRESS
595952;595953;HAS_ADDRESS
595956;595957;HAS_ADDRESS
595960;595961;HAS_ADDRESS
595964;595965;HAS_ADDRESS
595968;595969;HAS_ADDRESS
595972;595973;HAS_ADDRESS
595976;595977;HAS_ADDRESS
595980;595981;HAS_ADDRESS
595984;595985;HAS_ADDRESS
595988;595989;HAS_ADDRESS
595992;595993;HAS_ADDRESS
595996;595997;HAS_ADDRESS
596000;596001;HAS_ADDRESS
596004;596005;HAS_ADDRESS
596008;596009;HAS_ADDRESS
596012;596013;HAS_ADDRESS
596016;596017;HAS_ADDRESS
596020;596021;HAS_ADDRESS
596024;596025;HAS_ADDRESS
596028;596029;HAS_ADDRESS
596032;596033;HAS_ADDRESS
596036;596037;HAS_ADDRESS
596040;596041;HAS_ADDRESS
596044;596045;HAS_ADDRESS
596048;596049;HAS_ADDRESS
596052;596053;HAS_ADDRESS
596056;596057;HAS_ADDRESS
596060;596061;HAS_ADDRESS
596064;596065;HAS_ADDRESS
596068;596069;HAS_ADDRESS
596072;596073;HAS_ADDRESS
596076;596077;HAS_ADDRESS
596080;596081;HAS_ADDRESS
596084;596085;HAS_ADDRESS
596088;596089;HAS_ADDRESS
596092;596093;HAS_ADDRESS
596096;596097;HAS_ADDRESS
596100;596101;HAS_ADDRESS
596104;596105;HAS_ADDRESS
596108;596109;HAS_ADDRESS
596112;596113;HAS_ADDRESS
596116;596117;HAS_ADDRESS
596120;596121;HAS_ADDRESS
596124;596125;HAS_ADDRESS
596128;596129;HAS_ADDRESS
596132;596133;HAS_ADDRESS
596136;596137;HAS_ADDRESS
596140;596141;HAS_ADDRESS
596144;596145;HAS_ADDRESS
596148;596149;HAS_ADDRESS
596152;596153;HAS_ADDRESS
596156;596157;HAS_ADDRESS
596160;596161;HAS_ADDRESS
596164;596165;HAS_ADDRESS
596168;596169;HAS_ADDRESS
596172;596173;HAS_ADDRESS
596176;596177;HAS_ADDRESS
596180;596181;HAS_ADDRESS
596184;596185;HAS_ADDRESS
596188;596189;HAS_ADDRESS
596192;596193;HAS_ADDRESS
596196;596197;HAS_ADDRESS
596200;596201;HAS_ADDRESS
596204;596205;HAS_ADDRESS
596208;596209;HAS_ADDRESS
596212;596213;HAS_ADDRESS
596216;596217;HAS_ADDRESS
596220;596221;HAS_ADDRESS
596224;596225;HAS_ADDRESS
596228;596229;HAS_ADDRESS
596232;596233;HAS_ADDRESS
596236;596237;HAS_ADDRESS
596240;596241;HAS_ADDRESS
596244;596245;HAS_ADDRESS
596248;596249;HAS_ADDRESS
596252;596253;HAS_ADDRESS
596256;596257;HAS_ADDRESS
596260;596261;HAS_ADDRESS
596264;596265;HAS_ADDRESS
596268;596269;HAS_ADDRESS
596272;596273;HAS_ADDRESS
596276;596277;HAS_ADDRESS
596280;596281;HAS_ADDRESS
596284;596285;HAS_ADDRESS
596288;596289;HAS_ADDRESS
596292;596293;HAS_ADDRESS
596296;596297;HAS_ADDRESS
596300;596301;HAS_ADDRESS
596304;596305;HAS_ADDRESS
596308;596309;HAS_ADDRESS
596312;596313;HAS_ADDRESS
596316;596317;HAS_ADDRESS
596320;596321;HAS_ADDRESS
596324;596325;HAS_ADDRESS
596328;596329;HAS_ADDRESS
596332;596333;HAS_ADDRESS
596336;596337;HAS_ADDRESS
596340;596341;HAS_ADDRESS
596344;596345;HAS_ADDRESS
596348;596349;HAS_ADDRESS
596352;596353;HAS_ADDRESS
596356;596357;HAS_ADDRESS
596360;596361;HAS_ADDRESS
596364;596365;HAS_ADDRESS
596368;596369;HAS_ADDRESS
596372;596373;HAS_ADDRESS
596376;596377;HAS_ADDRESS
596380;596381;HAS_ADDRESS
596384;596385;HAS_ADDRESS
596388;596389;HAS_ADDRESS
596392;596393;HAS_ADDRESS
596396;596397;HAS_ADDRESS
596400;596401;HAS_ADDRESS
596404;596405;HAS_ADDRESS
596408;596409;HAS_ADDRESS
596412;596413;HAS_ADDRESS
596416;596417;HAS_ADDRESS
596420;596421;HAS_ADDRESS
596424;596425;HAS_ADDRESS
596428;596429;HAS_ADDRESS
596432;596433;HAS_ADDRESS
596436;596437;HAS_ADDRESS
596440;596441;HAS_ADDRESS
596444;596445;HAS_ADDRESS
596448;596449;HAS_ADDRESS
596452;596453;HAS_ADDRESS
596456;596457;HAS_ADDRESS
596460;596461;HAS_ADDRESS
596464;596465;HAS_ADDRESS
596468;596469;HAS_ADDRESS
596472;596473;HAS_ADDRESS
596476;596477;HAS_ADDRESS
596480;596481;HAS_ADDRESS
596484;596485;HAS_ADDRESS
596488;596489;HAS_ADDRESS
596492;596493;HAS_ADDRESS
596496;596497;HAS_ADDRESS
596500;596501;HAS_ADDRESS
596504;596505;HAS_ADDRESS
596508;596509;HAS_ADDRESS
596512;596513;HAS_ADDRESS
596516;596517;HAS_ADDRESS
596520;596521;HAS_ADDRESS
596524;596525;HAS_ADDRESS
596528;596529;HAS_ADDRESS
596532;596533;HAS_ADDRESS
596536;596537;HAS_ADDRESS
596540;596541;HAS_ADDRESS
596544;596545;HAS_ADDRESS
596548;596549;HAS_ADDRESS
596552;596553;HAS_ADDRESS
596556;596557;HAS_ADDRESS
596560;596561;HAS_ADDRESS
596564;596565;HAS_ADDRESS
596568;596569;HAS_ADDRESS
596572;596573;HAS_ADDRESS
596576;596577;HAS_ADDRESS
596580;596581;HAS_ADDRESS
596584;596585;HAS_ADDRESS
596588;596589;HAS_ADDRESS
596592;596593;HAS_ADDRESS
596596;596597;HAS_ADDRESS
596600;596601;HAS_ADDRESS
596604;596605;HAS_ADDRESS
596608;596609;HAS_ADDRESS
596612;596613;HAS_ADDRESS
596616;596617;HAS_ADDRESS
596620;596621;HAS_ADDRESS
596624;596625;HAS_ADDRESS
596628;596629;HAS_ADDRESS
596632;596633;HAS_ADDRESS
596636;596637;HAS_ADDRESS
596640;596641;HAS_ADDRESS
596644;596645;HAS_ADDRESS
596648;596649;HAS_ADDRESS
596652;596653;HAS_ADDRESS
596656;596657;HAS_ADDRESS
596660;596661;HAS_ADDRESS
596664;596665;HAS_ADDRESS
596668;596669;HAS_ADDRESS
596672;596673;HAS_ADDRESS
596676;596677;HAS_ADDRESS
596680;596681;HAS_ADDRESS
596684;596685;HAS_ADDRESS
596688;596689;HAS_ADDRESS
596692;596693;HAS_ADDRESS
596696;596697;HAS_ADDRESS
596700;596701;HAS_ADDRESS
596704;596705;HAS_ADDRESS
596708;596709;HAS_ADDRESS
596712;596713;HAS_ADDRESS
596716;596717;HAS_ADDRESS
596720;596721;HAS_ADDRESS
596724;596725;HAS_ADDRESS
596728;596729;HAS_ADDRESS
596732;596733;HAS_ADDRESS
596736;596737;HAS_ADDRESS
596740;596741;HAS_ADDRESS
596744;596745;HAS_ADDRESS
596748;596749;HAS_ADDRESS
596752;596753;HAS_ADDRESS
596756;596757;HAS_ADDRESS
596760;596761;HAS_ADDRESS
596764;596765;HAS_ADDRESS
596768;596769;HAS_ADDRESS
596772;596773;HAS_ADDRESS
596776;596777;HAS_ADDRESS
596780;596781;HAS_ADDRESS
596784;596785;HAS_ADDRESS
596788;596789;HAS_ADDRESS
596792;596793;HAS_ADDRESS
596796;596797;HAS_ADDRESS
596800;596801;HAS_ADDRESS
596804;596805;HAS_ADDRESS
596808;596809;HAS_ADDRESS
596812;596813;HAS_ADDRESS
596816;596817;HAS_ADDRESS
596820;596821;HAS_ADDRESS
596824;596825;HAS_ADDRESS
596828;596829;HAS_ADDRESS
596832;596833;HAS_ADDRESS
596836;596837;HAS_ADDRESS
596840;596841;HAS_ADDRESS
596844;596845;HAS_ADDRESS
596848;596849;HAS_ADDRESS
596852;596853;HAS_ADDRESS
596856;596857;HAS_ADDRESS
596860;596861;HAS_ADDRESS
596864;596865;HAS_ADDRESS
596868;596869;HAS_ADDRESS
596872;596873;HAS_ADDRESS
596876;596877;HAS_ADDRESS
596880;596881;HAS_ADDRESS
596884;596885;HAS_ADDRESS
596888;596889;HAS_ADDRESS
596892;596893;HAS_ADDRESS
596896;596897;HAS_ADDRESS
596900;596901;HAS_ADDRESS
596904;596905;HAS_ADDRESS
596908;596909;HAS_ADDRESS
596912;596913;HAS_ADDRESS
596916;596917;HAS_ADDRESS
596920;596921;HAS_ADDRESS
596924;596925;HAS_ADDRESS
596928;596929;HAS_ADDRESS
596932;596933;HAS_ADDRESS
596936;596937;HAS_ADDRESS
596940;596941;HAS_ADDRESS
596944;596945;HAS_ADDRESS
596948;596949;HAS_ADDRESS
596952;596953;HAS_ADDRESS
596956;596957;HAS_ADDRESS
596960;596961;HAS_ADDRESS
596964;596965;HAS_ADDRESS
596968;596969;HAS_ADDRESS
596972;596973;HAS_ADDRESS
596976;596977;HAS_ADDRESS
596980;596981;HAS_ADDRESS
596984;596985;HAS_ADDRESS
596988;596989;HAS_ADDRESS
596992;596993;HAS_ADDRESS
596996;596997;HAS_ADDRESS
597000;597001;HAS_ADDRESS
597004;597005;HAS_ADDRESS
597008;597009;HAS_ADDRESS
597012;597013;HAS_ADDRESS
597016;597017;HAS_ADDRESS
597020;597021;HAS_ADDRESS
597024;597025;HAS_ADDRESS
597028;597029;HAS_ADDRESS
597032;597033;HAS_ADDRESS
597036;597037;HAS_ADDRESS
597040;597041;HAS_ADDRESS
597044;597045;HAS_ADDRESS
597048;597049;HAS_ADDRESS
597052;597053;HAS_ADDRESS
597056;597057;HAS_ADDRESS
597060;597061;HAS_ADDRESS
597064;597065;HAS_ADDRESS
597068;597069;HAS_ADDRESS
597072;597073;HAS_ADDRESS
597076;597077;HAS_ADDRESS
597080;597081;HAS_ADDRESS
597084;597085;HAS_ADDRESS
597088;597089;HAS_ADDRESS
597092;597093;HAS_ADDRESS
597096;597097;HAS_ADDRESS
597100;597101;HAS_ADDRESS
597104;597105;HAS_ADDRESS
597108;597109;HAS_ADDRESS
597112;597113;HAS_ADDRESS
597116;597117;HAS_ADDRESS
597120;597121;HAS_ADDRESS
597124;597125;HAS_ADDRESS
597128;597129;HAS_ADDRESS
597132;597133;HAS_ADDRESS
597136;597137;HAS_ADDRESS
597140;597141;HAS_ADDRESS
597144;597145;HAS_ADDRESS
597148;597149;HAS_ADDRESS
597152;597153;HAS_ADDRESS
597156;597157;HAS_ADDRESS
597160;597161;HAS_ADDRESS
597164;597165;HAS_ADDRESS
597168;597169;HAS_ADDRESS
597172;597173;HAS_ADDRESS
597176;597177;HAS_ADDRESS
597180;597181;HAS_ADDRESS
597184;597185;HAS_ADDRESS
597188;597189;HAS_ADDRESS
597192;597193;HAS_ADDRESS
597196;597197;HAS_ADDRESS
597200;597201;HAS_ADDRESS
597204;597205;HAS_ADDRESS
597208;597209;HAS_ADDRESS
597212;597213;HAS_ADDRESS
597216;597217;HAS_ADDRESS
597220;597221;HAS_ADDRESS
597224;597225;HAS_ADDRESS
597228;597229;HAS_ADDRESS
597232;597233;HAS_ADDRESS
597236;597237;HAS_ADDRESS
597240;597241;HAS_ADDRESS
597244;597245;HAS_ADDRESS
597248;597249;HAS_ADDRESS
597252;597253;HAS_ADDRESS
597256;597257;HAS_ADDRESS
597260;597261;HAS_ADDRESS
597264;597265;HAS_ADDRESS
597268;597269;HAS_ADDRESS
597272;597273;HAS_ADDRESS
597276;597277;HAS_ADDRESS
597280;597281;HAS_ADDRESS
597284;597285;HAS_ADDRESS
597288;597289;HAS_ADDRESS
597292;597293;HAS_ADDRESS
597296;597297;HAS_ADDRESS
597300;597301;HAS_ADDRESS
597304;597305;HAS_ADDRESS
597308;597309;HAS_ADDRESS
597312;597313;HAS_ADDRESS
597316;597317;HAS_ADDRESS
597320;597321;HAS_ADDRESS
597324;597325;HAS_ADDRESS
597328;597329;HAS_ADDRESS
597332;597333;HAS_ADDRESS
597336;597337;HAS_ADDRESS
597340;597341;HAS_ADDRESS
597344;597345;HAS_ADDRESS
597348;597349;HAS_ADDRESS
597352;597353;HAS_ADDRESS
597356;597357;HAS_ADDRESS
597360;597361;HAS_ADDRESS
597364;597365;HAS_ADDRESS
597368;597369;HAS_ADDRESS
597372;597373;HAS_ADDRESS
597376;597377;HAS_ADDRESS
597380;597381;HAS_ADDRESS
597384;597385;HAS_ADDRESS
597388;597389;HAS_ADDRESS
597392;597393;HAS_ADDRESS
597396;597397;HAS_ADDRESS
597400;597401;HAS_ADDRESS
597404;597405;HAS_ADDRESS
597408;597409;HAS_ADDRESS
597412;597413;HAS_ADDRESS
597416;597417;HAS_ADDRESS
597420;597421;HAS_ADDRESS
597424;597425;HAS_ADDRESS
597428;597429;HAS_ADDRESS
597432;597433;HAS_ADDRESS
597436;597437;HAS_ADDRESS
597440;597441;HAS_ADDRESS
597444;597445;HAS_ADDRESS
597448;597449;HAS_ADDRESS
597452;597453;HAS_ADDRESS
597456;597457;HAS_ADDRESS
597460;597461;HAS_ADDRESS
597464;597465;HAS_ADDRESS
597468;597469;HAS_ADDRESS
597472;597473;HAS_ADDRESS
597476;597477;HAS_ADDRESS
597480;597481;HAS_ADDRESS
597484;597485;HAS_ADDRESS
597488;597489;HAS_ADDRESS
597492;597493;HAS_ADDRESS
597496;597497;HAS_ADDRESS
597500;597501;HAS_ADDRESS
597504;597505;HAS_ADDRESS
597508;597509;HAS_ADDRESS
597512;597513;HAS_ADDRESS
597516;597517;HAS_ADDRESS
597520;597521;HAS_ADDRESS
597524;597525;HAS_ADDRESS
597528;597529;HAS_ADDRESS
597532;597533;HAS_ADDRESS
597536;597537;HAS_ADDRESS
597540;597541;HAS_ADDRESS
597544;597545;HAS_ADDRESS
597548;597549;HAS_ADDRESS
597552;597553;HAS_ADDRESS
597556;597557;HAS_ADDRESS
597560;597561;HAS_ADDRESS
597564;597565;HAS_ADDRESS
597568;597569;HAS_ADDRESS
597572;597573;HAS_ADDRESS
597576;597577;HAS_ADDRESS
597580;597581;HAS_ADDRESS
597584;597585;HAS_ADDRESS
597588;597589;HAS_ADDRESS
597592;597593;HAS_ADDRESS
597596;597597;HAS_ADDRESS
597600;597601;HAS_ADDRESS
597604;597605;HAS_ADDRESS
597608;597609;HAS_ADDRESS
597612;597613;HAS_ADDRESS
597616;597617;HAS_ADDRESS
597620;597621;HAS_ADDRESS
597624;597625;HAS_ADDRESS
597628;597629;HAS_ADDRESS
597632;597633;HAS_ADDRESS
597636;597637;HAS_ADDRESS
597640;597641;HAS_ADDRESS
597644;597645;HAS_ADDRESS
597648;597649;HAS_ADDRESS
597652;597653;HAS_ADDRESS
597656;597657;HAS_ADDRESS
597660;597661;HAS_ADDRESS
597664;597665;HAS_ADDRESS
597668;597669;HAS_ADDRESS
597672;597673;HAS_ADDRESS
597676;597677;HAS_ADDRESS
597680;597681;HAS_ADDRESS
597684;597685;HAS_ADDRESS
597688;597689;HAS_ADDRESS
597692;597693;HAS_ADDRESS
597696;597697;HAS_ADDRESS
597700;597701;HAS_ADDRESS
597704;597705;HAS_ADDRESS
597708;597709;HAS_ADDRESS
597712;597713;HAS_ADDRESS
597716;597717;HAS_ADDRESS
597720;597721;HAS_ADDRESS
597724;597725;HAS_ADDRESS
597728;597729;HAS_ADDRESS
597732;597733;HAS_ADDRESS
597736;597737;HAS_ADDRESS
597740;597741;HAS_ADDRESS
597744;597745;HAS_ADDRESS
597748;597749;HAS_ADDRESS
597752;597753;HAS_ADDRESS
597756;597757;HAS_ADDRESS
597760;597761;HAS_ADDRESS
597764;597765;HAS_ADDRESS
597768;597769;HAS_ADDRESS
597772;597773;HAS_ADDRESS
597776;597777;HAS_ADDRESS
597780;597781;HAS_ADDRESS
597784;597785;HAS_ADDRESS
597788;597789;HAS_ADDRESS
597792;597793;HAS_ADDRESS
597796;597797;HAS_ADDRESS
597800;597801;HAS_ADDRESS
597804;597805;HAS_ADDRESS
597808;597809;HAS_ADDRESS
597812;597813;HAS_ADDRESS
597816;597817;HAS_ADDRESS
597820;597821;HAS_ADDRESS
597824;597825;HAS_ADDRESS
597828;597829;HAS_ADDRESS
597832;597833;HAS_ADDRESS
597836;597837;HAS_ADDRESS
597840;597841;HAS_ADDRESS
597844;597845;HAS_ADDRESS
597848;597849;HAS_ADDRESS
597852;597853;HAS_ADDRESS
597856;597857;HAS_ADDRESS
597860;597861;HAS_ADDRESS
597864;597865;HAS_ADDRESS
597868;597869;HAS_ADDRESS
597872;597873;HAS_ADDRESS
597876;597877;HAS_ADDRESS
597880;597881;HAS_ADDRESS
597884;597885;HAS_ADDRESS
597888;597889;HAS_ADDRESS
597892;597893;HAS_ADDRESS
597896;597897;HAS_ADDRESS
597900;597901;HAS_ADDRESS
597904;597905;HAS_ADDRESS
597908;597909;HAS_ADDRESS
597912;597913;HAS_ADDRESS
597916;597917;HAS_ADDRESS
597920;597921;HAS_ADDRESS
597924;597925;HAS_ADDRESS
597928;597929;HAS_ADDRESS
597932;597933;HAS_ADDRESS
597936;597937;HAS_ADDRESS
597940;597941;HAS_ADDRESS
597944;597945;HAS_ADDRESS
597948;597949;HAS_ADDRESS
597952;597953;HAS_ADDRESS
597956;597957;HAS_ADDRESS
597960;597961;HAS_ADDRESS
597964;597965;HAS_ADDRESS
597968;597969;HAS_ADDRESS
597972;597973;HAS_ADDRESS
597976;597977;HAS_ADDRESS
597980;597981;HAS_ADDRESS
597984;597985;HAS_ADDRESS
597988;597989;HAS_ADDRESS
597992;597993;HAS_ADDRESS
597996;597997;HAS_ADDRESS
598000;598001;HAS_ADDRESS
598004;598005;HAS_ADDRESS
598008;598009;HAS_ADDRESS
598012;598013;HAS_ADDRESS
598016;598017;HAS_ADDRESS
598020;598021;HAS_ADDRESS
598024;598025;HAS_ADDRESS
598028;598029;HAS_ADDRESS
598032;598033;HAS_ADDRESS
598036;598037;HAS_ADDRESS
598040;598041;HAS_ADDRESS
598044;598045;HAS_ADDRESS
598048;598049;HAS_ADDRESS
598052;598053;HAS_ADDRESS
598056;598057;HAS_ADDRESS
598060;598061;HAS_ADDRESS
598064;598065;HAS_ADDRESS
598068;598069;HAS_ADDRESS
598072;598073;HAS_ADDRESS
598076;598077;HAS_ADDRESS
598080;598081;HAS_ADDRESS
598084;598085;HAS_ADDRESS
598088;598089;HAS_ADDRESS
598092;598093;HAS_ADDRESS
598096;598097;HAS_ADDRESS
598100;598101;HAS_ADDRESS
598104;598105;HAS_ADDRESS
598108;598109;HAS_ADDRESS
598112;598113;HAS_ADDRESS
598116;598117;HAS_ADDRESS
598120;598121;HAS_ADDRESS
598124;598125;HAS_ADDRESS
598128;598129;HAS_ADDRESS
598132;598133;HAS_ADDRESS
598136;598137;HAS_ADDRESS
598140;598141;HAS_ADDRESS
598144;598145;HAS_ADDRESS
598148;598149;HAS_ADDRESS
598152;598153;HAS_ADDRESS
598156;598157;HAS_ADDRESS
598160;598161;HAS_ADDRESS
598164;598165;HAS_ADDRESS
598168;598169;HAS_ADDRESS
598172;598173;HAS_ADDRESS
598176;598177;HAS_ADDRESS
598180;598181;HAS_ADDRESS
598184;598185;HAS_ADDRESS
598188;598189;HAS_ADDRESS
598192;598193;HAS_ADDRESS
598196;598197;HAS_ADDRESS
598200;598201;HAS_ADDRESS
598204;598205;HAS_ADDRESS
598208;598209;HAS_ADDRESS
598212;598213;HAS_ADDRESS
598216;598217;HAS_ADDRESS
598220;598221;HAS_ADDRESS
598224;598225;HAS_ADDRESS
598228;598229;HAS_ADDRESS
598232;598233;HAS_ADDRESS
598236;598237;HAS_ADDRESS
598240;598241;HAS_ADDRESS
598244;598245;HAS_ADDRESS
598248;598249;HAS_ADDRESS
598252;598253;HAS_ADDRESS
598256;598257;HAS_ADDRESS
598260;598261;HAS_ADDRESS
598264;598265;HAS_ADDRESS
598268;598269;HAS_ADDRESS
598272;598273;HAS_ADDRESS
598276;598277;HAS_ADDRESS
598280;598281;HAS_ADDRESS
598284;598285;HAS_ADDRESS
598288;598289;HAS_ADDRESS
598292;598293;HAS_ADDRESS
598296;598297;HAS_ADDRESS
598300;598301;HAS_ADDRESS
598304;598305;HAS_ADDRESS
598308;598309;HAS_ADDRESS
598312;598313;HAS_ADDRESS
598316;598317;HAS_ADDRESS
598320;598321;HAS_ADDRESS
598324;598325;HAS_ADDRESS
598328;598329;HAS_ADDRESS
598332;598333;HAS_ADDRESS
598336;598337;HAS_ADDRESS
598340;598341;HAS_ADDRESS
598344;598345;HAS_ADDRESS
598348;598349;HAS_ADDRESS
598352;598353;HAS_ADDRESS
598356;598357;HAS_ADDRESS
598360;598361;HAS_ADDRESS
598364;598365;HAS_ADDRESS
598368;598369;HAS_ADDRESS
598372;598373;HAS_ADDRESS
598376;598377;HAS_ADDRESS
598380;598381;HAS_ADDRESS
598384;598385;HAS_ADDRESS
598388;598389;HAS_ADDRESS
598392;598393;HAS_ADDRESS
598396;598397;HAS_ADDRESS
598400;598401;HAS_ADDRESS
598404;598405;HAS_ADDRESS
598408;598409;HAS_ADDRESS
598412;598413;HAS_ADDRESS
598416;598417;HAS_ADDRESS
598420;598421;HAS_ADDRESS
598424;598425;HAS_ADDRESS
598428;598429;HAS_ADDRESS
598432;598433;HAS_ADDRESS
598436;598437;HAS_ADDRESS
598440;598441;HAS_ADDRESS
598444;598445;HAS_ADDRESS
598448;598449;HAS_ADDRESS
598452;598453;HAS_ADDRESS
598456;598457;HAS_ADDRESS
598460;598461;HAS_ADDRESS
598464;598465;HAS_ADDRESS
598468;598469;HAS_ADDRESS
598472;598473;HAS_ADDRESS
598476;598477;HAS_ADDRESS
598480;598481;HAS_ADDRESS
598484;598485;HAS_ADDRESS
598488;598489;HAS_ADDRESS
598492;598493;HAS_ADDRESS
598496;598497;HAS_ADDRESS
598500;598501;HAS_ADDRESS
598504;598505;HAS_ADDRESS
598508;598509;HAS_ADDRESS
598512;598513;HAS_ADDRESS
598516;598517;HAS_ADDRESS
598520;598521;HAS_ADDRESS
598524;598525;HAS_ADDRESS
598528;598529;HAS_ADDRESS
598532;598533;HAS_ADDRESS
598536;598537;HAS_ADDRESS
598540;598541;HAS_ADDRESS
598544;598545;HAS_ADDRESS
598548;598549;HAS_ADDRESS
598552;598553;HAS_ADDRESS
598556;598557;HAS_ADDRESS
598560;598561;HAS_ADDRESS
598564;598565;HAS_ADDRESS
598568;598569;HAS_ADDRESS
598572;598573;HAS_ADDRESS
598576;598577;HAS_ADDRESS
598580;598581;HAS_ADDRESS
598584;598585;HAS_ADDRESS
598588;598589;HAS_ADDRESS
598592;598593;HAS_ADDRESS
598596;598597;HAS_ADDRESS
598600;598601;HAS_ADDRESS
598604;598605;HAS_ADDRESS
598608;598609;HAS_ADDRESS
598612;598613;HAS_ADDRESS
598616;598617;HAS_ADDRESS
598620;598621;HAS_ADDRESS
598624;598625;HAS_ADDRESS
598628;598629;HAS_ADDRESS
598632;598633;HAS_ADDRESS
598636;598637;HAS_ADDRESS
598640;598641;HAS_ADDRESS
598644;598645;HAS_ADDRESS
598648;598649;HAS_ADDRESS
598652;598653;HAS_ADDRESS
598656;598657;HAS_ADDRESS
598660;598661;HAS_ADDRESS
598664;598665;HAS_ADDRESS
598668;598669;HAS_ADDRESS
598672;598673;HAS_ADDRESS
598676;598677;HAS_ADDRESS
598680;598681;HAS_ADDRESS
598684;598685;HAS_ADDRESS
598688;598689;HAS_ADDRESS
598692;598693;HAS_ADDRESS
598696;598697;HAS_ADDRESS
598700;598701;HAS_ADDRESS
598704;598705;HAS_ADDRESS
598708;598709;HAS_ADDRESS
598712;598713;HAS_ADDRESS
598716;598717;HAS_ADDRESS
598720;598721;HAS_ADDRESS
598724;598725;HAS_ADDRESS
598728;598729;HAS_ADDRESS
598732;598733;HAS_ADDRESS
598736;598737;HAS_ADDRESS
598740;598741;HAS_ADDRESS
598744;598745;HAS_ADDRESS
598748;598749;HAS_ADDRESS
598752;598753;HAS_ADDRESS
598756;598757;HAS_ADDRESS
598760;598761;HAS_ADDRESS
598764;598765;HAS_ADDRESS
598768;598769;HAS_ADDRESS
598772;598773;HAS_ADDRESS
598776;598777;HAS_ADDRESS
598780;598781;HAS_ADDRESS
598784;598785;HAS_ADDRESS
598788;598789;HAS_ADDRESS
598792;598793;HAS_ADDRESS
598796;598797;HAS_ADDRESS
598800;598801;HAS_ADDRESS
598804;598805;HAS_ADDRESS
598808;598809;HAS_ADDRESS
598812;598813;HAS_ADDRESS
598816;598817;HAS_ADDRESS
598820;598821;HAS_ADDRESS
598824;598825;HAS_ADDRESS
598828;598829;HAS_ADDRESS
598832;598833;HAS_ADDRESS
598836;598837;HAS_ADDRESS
598840;598841;HAS_ADDRESS
598844;598845;HAS_ADDRESS
598848;598849;HAS_ADDRESS
598852;598853;HAS_ADDRESS
598856;598857;HAS_ADDRESS
598860;598861;HAS_ADDRESS
598864;598865;HAS_ADDRESS
598868;598869;HAS_ADDRESS
598872;598873;HAS_ADDRESS
598876;598877;HAS_ADDRESS
598880;598881;HAS_ADDRESS
598884;598885;HAS_ADDRESS
598888;598889;HAS_ADDRESS
598892;598893;HAS_ADDRESS
598896;598897;HAS_ADDRESS
598900;598901;HAS_ADDRESS
598904;598905;HAS_ADDRESS
598908;598909;HAS_ADDRESS
598912;598913;HAS_ADDRESS
598916;598917;HAS_ADDRESS
598920;598921;HAS_ADDRESS
598924;598925;HAS_ADDRESS
598928;598929;HAS_ADDRESS
598932;598933;HAS_ADDRESS
598936;598937;HAS_ADDRESS
598940;598941;HAS_ADDRESS
598944;598945;HAS_ADDRESS
598948;598949;HAS_ADDRESS
598952;598953;HAS_ADDRESS
598956;598957;HAS_ADDRESS
598960;598961;HAS_ADDRESS
598964;598965;HAS_ADDRESS
598968;598969;HAS_ADDRESS
598972;598973;HAS_ADDRESS
598976;598977;HAS_ADDRESS
598980;598981;HAS_ADDRESS
598984;598985;HAS_ADDRESS
598988;598989;HAS_ADDRESS
598992;598993;HAS_ADDRESS
598996;598997;HAS_ADDRESS
599000;599001;HAS_ADDRESS
599004;599005;HAS_ADDRESS
599008;599009;HAS_ADDRESS
599012;599013;HAS_ADDRESS
599016;599017;HAS_ADDRESS
599020;599021;HAS_ADDRESS
599024;599025;HAS_ADDRESS
599028;599029;HAS_ADDRESS
599032;599033;HAS_ADDRESS
599036;599037;HAS_ADDRESS
599040;599041;HAS_ADDRESS
599044;599045;HAS_ADDRESS
599048;599049;HAS_ADDRESS
599052;599053;HAS_ADDRESS
599056;599057;HAS_ADDRESS
599060;599061;HAS_ADDRESS
599064;599065;HAS_ADDRESS
599068;599069;HAS_ADDRESS
599072;599073;HAS_ADDRESS
599076;599077;HAS_ADDRESS
599080;599081;HAS_ADDRESS
599084;599085;HAS_ADDRESS
599088;599089;HAS_ADDRESS
599092;599093;HAS_ADDRESS
599096;599097;HAS_ADDRESS
599100;599101;HAS_ADDRESS
599104;599105;HAS_ADDRESS
599108;599109;HAS_ADDRESS
599112;599113;HAS_ADDRESS
599116;599117;HAS_ADDRESS
599120;599121;HAS_ADDRESS
599124;599125;HAS_ADDRESS
599128;599129;HAS_ADDRESS
599132;599133;HAS_ADDRESS
599136;599137;HAS_ADDRESS
599140;599141;HAS_ADDRESS
599144;599145;HAS_ADDRESS
599148;599149;HAS_ADDRESS
599152;599153;HAS_ADDRESS
599156;599157;HAS_ADDRESS
599160;599161;HAS_ADDRESS
599164;599165;HAS_ADDRESS
599168;599169;HAS_ADDRESS
599172;599173;HAS_ADDRESS
599176;599177;HAS_ADDRESS
599180;599181;HAS_ADDRESS
599184;599185;HAS_ADDRESS
599188;599189;HAS_ADDRESS
599192;599193;HAS_ADDRESS
599196;599197;HAS_ADDRESS
599200;599201;HAS_ADDRESS
599204;599205;HAS_ADDRESS
599208;599209;HAS_ADDRESS
599212;599213;HAS_ADDRESS
599216;599217;HAS_ADDRESS
599220;599221;HAS_ADDRESS
599224;599225;HAS_ADDRESS
599228;599229;HAS_ADDRESS
599232;599233;HAS_ADDRESS
599236;599237;HAS_ADDRESS
599240;599241;HAS_ADDRESS
599244;599245;HAS_ADDRESS
599248;599249;HAS_ADDRESS
599252;599253;HAS_ADDRESS
599256;599257;HAS_ADDRESS
599260;599261;HAS_ADDRESS
599264;599265;HAS_ADDRESS
599268;599269;HAS_ADDRESS
599272;599273;HAS_ADDRESS
599276;599277;HAS_ADDRESS
599280;599281;HAS_ADDRESS
599284;599285;HAS_ADDRESS
599288;599289;HAS_ADDRESS
599292;599293;HAS_ADDRESS
599296;599297;HAS_ADDRESS
599300;599301;HAS_ADDRESS
599304;599305;HAS_ADDRESS
599308;599309;HAS_ADDRESS
599312;599313;HAS_ADDRESS
599316;599317;HAS_ADDRESS
599320;599321;HAS_ADDRESS
599324;599325;HAS_ADDRESS
599328;599329;HAS_ADDRESS
599332;599333;HAS_ADDRESS
599336;599337;HAS_ADDRESS
599340;599341;HAS_ADDRESS
599344;599345;HAS_ADDRESS
599348;599349;HAS_ADDRESS
599352;599353;HAS_ADDRESS
599356;599357;HAS_ADDRESS
599360;599361;HAS_ADDRESS
599364;599365;HAS_ADDRESS
599368;599369;HAS_ADDRESS
599372;599373;HAS_ADDRESS
599376;599377;HAS_ADDRESS
599380;599381;HAS_ADDRESS
599384;599385;HAS_ADDRESS
599388;599389;HAS_ADDRESS
599392;599393;HAS_ADDRESS
599396;599397;HAS_ADDRESS
599400;599401;HAS_ADDRESS
599404;599405;HAS_ADDRESS
599408;599409;HAS_ADDRESS
599412;599413;HAS_ADDRESS
599416;599417;HAS_ADDRESS
599420;599421;HAS_ADDRESS
599424;599425;HAS_ADDRESS
599428;599429;HAS_ADDRESS
599432;599433;HAS_ADDRESS
599436;599437;HAS_ADDRESS
599440;599441;HAS_ADDRESS
599444;599445;HAS_ADDRESS
599448;599449;HAS_ADDRESS
599452;599453;HAS_ADDRESS
599456;599457;HAS_ADDRESS
599460;599461;HAS_ADDRESS
599464;599465;HAS_ADDRESS
599468;599469;HAS_ADDRESS
599472;599473;HAS_ADDRESS
599476;599477;HAS_ADDRESS
599480;599481;HAS_ADDRESS
599484;599485;HAS_ADDRESS
599488;599489;HAS_ADDRESS
599492;599493;HAS_ADDRESS
599496;599497;HAS_ADDRESS
599500;599501;HAS_ADDRESS
599504;599505;HAS_ADDRESS
599508;599509;HAS_ADDRESS
599512;599513;HAS_ADDRESS
599516;599517;HAS_ADDRESS
599520;599521;HAS_ADDRESS
599524;599525;HAS_ADDRESS
599528;599529;HAS_ADDRESS
599532;599533;HAS_ADDRESS
599536;599537;HAS_ADDRESS
599540;599541;HAS_ADDRESS
599544;599545;HAS_ADDRESS
599548;599549;HAS_ADDRESS
599552;599553;HAS_ADDRESS
599556;599557;HAS_ADDRESS
599560;599561;HAS_ADDRESS
599564;599565;HAS_ADDRESS
599568;599569;HAS_ADDRESS
599572;599573;HAS_ADDRESS
599576;599577;HAS_ADDRESS
599580;599581;HAS_ADDRESS
599584;599585;HAS_ADDRESS
599588;599589;HAS_ADDRESS
599592;599593;HAS_ADDRESS
599596;599597;HAS_ADDRESS
599600;599601;HAS_ADDRESS
599604;599605;HAS_ADDRESS
599608;599609;HAS_ADDRESS
599612;599613;HAS_ADDRESS
599616;599617;HAS_ADDRESS
599620;599621;HAS_ADDRESS
599624;599625;HAS_ADDRESS
599628;599629;HAS_ADDRESS
599632;599633;HAS_ADDRESS
599636;599637;HAS_ADDRESS
599640;599641;HAS_ADDRESS
599644;599645;HAS_ADDRESS
599648;599649;HAS_ADDRESS
599652;599653;HAS_ADDRESS
599656;599657;HAS_ADDRESS
599660;599661;HAS_ADDRESS
599664;599665;HAS_ADDRESS
599668;599669;HAS_ADDRESS
599672;599673;HAS_ADDRESS
599676;599677;HAS_ADDRESS
599680;599681;HAS_ADDRESS
599684;599685;HAS_ADDRESS
599688;599689;HAS_ADDRESS
599692;599693;HAS_ADDRESS
599696;599697;HAS_ADDRESS
599700;599701;HAS_ADDRESS
599704;599705;HAS_ADDRESS
599708;599709;HAS_ADDRESS
599712;599713;HAS_ADDRESS
599716;599717;HAS_ADDRESS
599720;599721;HAS_ADDRESS
599724;599725;HAS_ADDRESS
599728;599729;HAS_ADDRESS
599732;599733;HAS_ADDRESS
599736;599737;HAS_ADDRESS
599740;599741;HAS_ADDRESS
599744;599745;HAS_ADDRESS
599748;599749;HAS_ADDRESS
599752;599753;HAS_ADDRESS
599756;599757;HAS_ADDRESS
599760;599761;HAS_ADDRESS
599764;599765;HAS_ADDRESS
599768;599769;HAS_ADDRESS
599772;599773;HAS_ADDRESS
599776;599777;HAS_ADDRESS
599780;599781;HAS_ADDRESS
599784;599785;HAS_ADDRESS
599788;599789;HAS_ADDRESS
599792;599793;HAS_ADDRESS
599796;599797;HAS_ADDRESS
599800;599801;HAS_ADDRESS
599804;599805;HAS_ADDRESS
599808;599809;HAS_ADDRESS
599812;599813;HAS_ADDRESS
599816;599817;HAS_ADDRESS
599820;599821;HAS_ADDRESS
599824;599825;HAS_ADDRESS
599828;599829;HAS_ADDRESS
599832;599833;HAS_ADDRESS
599836;599837;HAS_ADDRESS
599840;599841;HAS_ADDRESS
599844;599845;HAS_ADDRESS
599848;599849;HAS_ADDRESS
599852;599853;HAS_ADDRESS
599856;599857;HAS_ADDRESS
599860;599861;HAS_ADDRESS
599864;599865;HAS_ADDRESS
599868;599869;HAS_ADDRESS
599872;599873;HAS_ADDRESS
599876;599877;HAS_ADDRESS
599880;599881;HAS_ADDRESS
599884;599885;HAS_ADDRESS
599888;599889;HAS_ADDRESS
599892;599893;HAS_ADDRESS
599896;599897;HAS_ADDRESS
599900;599901;HAS_ADDRESS
599904;599905;HAS_ADDRESS
599908;599909;HAS_ADDRESS
599912;599913;HAS_ADDRESS
599916;599917;HAS_ADDRESS
599920;599921;HAS_ADDRESS
599924;599925;HAS_ADDRESS
599928;599929;HAS_ADDRESS
599932;599933;HAS_ADDRESS
599936;599937;HAS_ADDRESS
599940;599941;HAS_ADDRESS
599944;599945;HAS_ADDRESS
599948;599949;HAS_ADDRESS
599952;599953;HAS_ADDRESS
599956;599957;HAS_ADDRESS
599960;599961;HAS_ADDRESS
599964;599965;HAS_ADDRESS
599968;599969;HAS_ADDRESS
599972;599973;HAS_ADDRESS
599976;599977;HAS_ADDRESS
599980;599981;HAS_ADDRESS
599984;599985;HAS_ADDRESS
599988;599989;HAS_ADDRESS
599992;599993;HAS_ADDRESS
599996;599997;HAS_ADDRESS
600000;600001;HAS_ADDRESS
600004;600005;HAS_ADDRESS
600008;600009;HAS_ADDRESS
600012;600013;HAS_ADDRESS
600016;600017;HAS_ADDRESS
600020;600021;HAS_ADDRESS
600024;600025;HAS_ADDRESS
600028;600029;HAS_ADDRESS
600032;600033;HAS_ADDRESS
600036;600037;HAS_ADDRESS
600040;600041;HAS_ADDRESS
600044;600045;HAS_ADDRESS
600048;600049;HAS_ADDRESS
600052;600053;HAS_ADDRESS
600056;600057;HAS_ADDRESS
600060;600061;HAS_ADDRESS
600064;600065;HAS_ADDRESS
600068;600069;HAS_ADDRESS
600072;600073;HAS_ADDRESS
600076;600077;HAS_ADDRESS
600080;600081;HAS_ADDRESS
600084;600085;HAS_ADDRESS
600088;600089;HAS_ADDRESS
600092;600093;HAS_ADDRESS
600096;600097;HAS_ADDRESS
600100;600101;HAS_ADDRESS
600104;600105;HAS_ADDRESS
600108;600109;HAS_ADDRESS
600112;600113;HAS_ADDRESS
600116;600117;HAS_ADDRESS
600120;600121;HAS_ADDRESS
600124;600125;HAS_ADDRESS
600128;600129;HAS_ADDRESS
600132;600133;HAS_ADDRESS
600136;600137;HAS_ADDRESS
600140;600141;HAS_ADDRESS
600144;600145;HAS_ADDRESS
600148;600149;HAS_ADDRESS
600152;600153;HAS_ADDRESS
600156;600157;HAS_ADDRESS
600160;600161;HAS_ADDRESS
600164;600165;HAS_ADDRESS
600168;600169;HAS_ADDRESS
600172;600173;HAS_ADDRESS
600176;600177;HAS_ADDRESS
600180;600181;HAS_ADDRESS
600184;600185;HAS_ADDRESS
600188;600189;HAS_ADDRESS
600192;600193;HAS_ADDRESS
600196;600197;HAS_ADDRESS
600200;600201;HAS_ADDRESS
600204;600205;HAS_ADDRESS
600208;600209;HAS_ADDRESS
600212;600213;HAS_ADDRESS
600216;600217;HAS_ADDRESS
600220;600221;HAS_ADDRESS
600224;600225;HAS_ADDRESS
600228;600229;HAS_ADDRESS
600232;600233;HAS_ADDRESS
600236;600237;HAS_ADDRESS
600240;600241;HAS_ADDRESS
600244;600245;HAS_ADDRESS
600248;600249;HAS_ADDRESS
600252;600253;HAS_ADDRESS
600256;600257;HAS_ADDRESS
600260;600261;HAS_ADDRESS
600264;600265;HAS_ADDRESS
600268;600269;HAS_ADDRESS
600272;600273;HAS_ADDRESS
600276;600277;HAS_ADDRESS
600280;600281;HAS_ADDRESS
600284;600285;HAS_ADDRESS
600288;600289;HAS_ADDRESS
600292;600293;HAS_ADDRESS
600296;600297;HAS_ADDRESS
600300;600301;HAS_ADDRESS
600304;600305;HAS_ADDRESS
600308;600309;HAS_ADDRESS
600312;600313;HAS_ADDRESS
600316;600317;HAS_ADDRESS
600320;600321;HAS_ADDRESS
600324;600325;HAS_ADDRESS
600328;600329;HAS_ADDRESS
600332;600333;HAS_ADDRESS
600336;600337;HAS_ADDRESS
600340;600341;HAS_ADDRESS
600344;600345;HAS_ADDRESS
600348;600349;HAS_ADDRESS
600352;600353;HAS_ADDRESS
600356;600357;HAS_ADDRESS
600360;600361;HAS_ADDRESS
600364;600365;HAS_ADDRESS
600368;600369;HAS_ADDRESS
600372;600373;HAS_ADDRESS
600376;600377;HAS_ADDRESS
600380;600381;HAS_ADDRESS
600384;600385;HAS_ADDRESS
600388;600389;HAS_ADDRESS
600392;600393;HAS_ADDRESS
600396;600397;HAS_ADDRESS
600400;600401;HAS_ADDRESS
600404;600405;HAS_ADDRESS
600408;600409;HAS_ADDRESS
600412;600413;HAS_ADDRESS
600416;600417;HAS_ADDRESS
600420;600421;HAS_ADDRESS
600424;600425;HAS_ADDRESS
600428;600429;HAS_ADDRESS
600432;600433;HAS_ADDRESS
600436;600437;HAS_ADDRESS
600440;600441;HAS_ADDRESS
600444;600445;HAS_ADDRESS
600448;600449;HAS_ADDRESS
600452;600453;HAS_ADDRESS
600456;600457;HAS_ADDRESS
600460;600461;HAS_ADDRESS
600464;600465;HAS_ADDRESS
600468;600469;HAS_ADDRESS
600472;600473;HAS_ADDRESS
600476;600477;HAS_ADDRESS
600480;600481;HAS_ADDRESS
600484;600485;HAS_ADDRESS
600488;600489;HAS_ADDRESS
600492;600493;HAS_ADDRESS
600496;600497;HAS_ADDRESS
600500;600501;HAS_ADDRESS
600504;600505;HAS_ADDRESS
600508;600509;HAS_ADDRESS
600512;600513;HAS_ADDRESS
600516;600517;HAS_ADDRESS
600520;600521;HAS_ADDRESS
600524;600525;HAS_ADDRESS
600528;600529;HAS_ADDRESS
600532;600533;HAS_ADDRESS
600536;600537;HAS_ADDRESS
600540;600541;HAS_ADDRESS
600544;600545;HAS_ADDRESS
600548;600549;HAS_ADDRESS
600552;600553;HAS_ADDRESS
600556;600557;HAS_ADDRESS
600560;600561;HAS_ADDRESS
600564;600565;HAS_ADDRESS
600568;600569;HAS_ADDRESS
600572;600573;HAS_ADDRESS
600576;600577;HAS_ADDRESS
600580;600581;HAS_ADDRESS
600584;600585;HAS_ADDRESS
600588;600589;HAS_ADDRESS
600592;600593;HAS_ADDRESS
600596;600597;HAS_ADDRESS
600600;600601;HAS_ADDRESS
600604;600605;HAS_ADDRESS
600608;600609;HAS_ADDRESS
600612;600613;HAS_ADDRESS
600616;600617;HAS_ADDRESS
600620;600621;HAS_ADDRESS
600624;600625;HAS_ADDRESS
600628;600629;HAS_ADDRESS
600632;600633;HAS_ADDRESS
600636;600637;HAS_ADDRESS
600640;600641;HAS_ADDRESS
600644;600645;HAS_ADDRESS
600648;600649;HAS_ADDRESS
600652;600653;HAS_ADDRESS
600656;600657;HAS_ADDRESS
600660;600661;HAS_ADDRESS
600664;600665;HAS_ADDRESS
600668;600669;HAS_ADDRESS
600672;600673;HAS_ADDRESS
600676;600677;HAS_ADDRESS
600680;600681;HAS_ADDRESS
600684;600685;HAS_ADDRESS
600688;600689;HAS_ADDRESS
600692;600693;HAS_ADDRESS
600696;600697;HAS_ADDRESS
600700;600701;HAS_ADDRESS
600704;600705;HAS_ADDRESS
600708;600709;HAS_ADDRESS
600712;600713;HAS_ADDRESS
600716;600717;HAS_ADDRESS
600720;600721;HAS_ADDRESS
600724;600725;HAS_ADDRESS
600728;600729;HAS_ADDRESS
600732;600733;HAS_ADDRESS
600736;600737;HAS_ADDRESS
600740;600741;HAS_ADDRESS
600744;600745;HAS_ADDRESS
600748;600749;HAS_ADDRESS
600752;600753;HAS_ADDRESS
600756;600757;HAS_ADDRESS
600760;600761;HAS_ADDRESS
600764;600765;HAS_ADDRESS
600768;600769;HAS_ADDRESS
600772;600773;HAS_ADDRESS
600776;600777;HAS_ADDRESS
600780;600781;HAS_ADDRESS
600784;600785;HAS_ADDRESS
600788;600789;HAS_ADDRESS
600792;600793;HAS_ADDRESS
600796;600797;HAS_ADDRESS
600800;600801;HAS_ADDRESS
600804;600805;HAS_ADDRESS
600808;600809;HAS_ADDRESS
600812;600813;HAS_ADDRESS
600816;600817;HAS_ADDRESS
600820;600821;HAS_ADDRESS
600824;600825;HAS_ADDRESS
600828;600829;HAS_ADDRESS
600832;600833;HAS_ADDRESS
600836;600837;HAS_ADDRESS
600840;600841;HAS_ADDRESS
600844;600845;HAS_ADDRESS
600848;600849;HAS_ADDRESS
600852;600853;HAS_ADDRESS
600856;600857;HAS_ADDRESS
600860;600861;HAS_ADDRESS
600864;600865;HAS_ADDRESS
600868;600869;HAS_ADDRESS
600872;600873;HAS_ADDRESS
600876;600877;HAS_ADDRESS
600880;600881;HAS_ADDRESS
600884;600885;HAS_ADDRESS
600888;600889;HAS_ADDRESS
600892;600893;HAS_ADDRESS
600896;600897;HAS_ADDRESS
600900;600901;HAS_ADDRESS
600904;600905;HAS_ADDRESS
600908;600909;HAS_ADDRESS
600912;600913;HAS_ADDRESS
600916;600917;HAS_ADDRESS
600920;600921;HAS_ADDRESS
600924;600925;HAS_ADDRESS
600928;600929;HAS_ADDRESS
600932;600933;HAS_ADDRESS
600936;600937;HAS_ADDRESS
600940;600941;HAS_ADDRESS
600944;600945;HAS_ADDRESS
600948;600949;HAS_ADDRESS
600952;600953;HAS_ADDRESS
600956;600957;HAS_ADDRESS
600960;600961;HAS_ADDRESS
600964;600965;HAS_ADDRESS
600968;600969;HAS_ADDRESS
600972;600973;HAS_ADDRESS
600976;600977;HAS_ADDRESS
600980;600981;HAS_ADDRESS
600984;600985;HAS_ADDRESS
600988;600989;HAS_ADDRESS
600992;600993;HAS_ADDRESS
600996;600997;HAS_ADDRESS
601000;601001;HAS_ADDRESS
601004;601005;HAS_ADDRESS
601008;601009;HAS_ADDRESS
601012;601013;HAS_ADDRESS
601016;601017;HAS_ADDRESS
601020;601021;HAS_ADDRESS
601024;601025;HAS_ADDRESS
601028;601029;HAS_ADDRESS
601032;601033;HAS_ADDRESS
601036;601037;HAS_ADDRESS
601040;601041;HAS_ADDRESS
601044;601045;HAS_ADDRESS
601048;601049;HAS_ADDRESS
601052;601053;HAS_ADDRESS
601056;601057;HAS_ADDRESS
601060;601061;HAS_ADDRESS
601064;601065;HAS_ADDRESS
601068;601069;HAS_ADDRESS
601072;601073;HAS_ADDRESS
601076;601077;HAS_ADDRESS
601080;601081;HAS_ADDRESS
601084;601085;HAS_ADDRESS
601088;601089;HAS_ADDRESS
601092;601093;HAS_ADDRESS
601096;601097;HAS_ADDRESS
601100;601101;HAS_ADDRESS
601104;601105;HAS_ADDRESS
601108;601109;HAS_ADDRESS
601112;601113;HAS_ADDRESS
601116;601117;HAS_ADDRESS
601120;601121;HAS_ADDRESS
601124;601125;HAS_ADDRESS
601128;601129;HAS_ADDRESS
601132;601133;HAS_ADDRESS
601136;601137;HAS_ADDRESS
601140;601141;HAS_ADDRESS
601144;601145;HAS_ADDRESS
601148;601149;HAS_ADDRESS
601152;601153;HAS_ADDRESS
601156;601157;HAS_ADDRESS
601160;601161;HAS_ADDRESS
601164;601165;HAS_ADDRESS
601168;601169;HAS_ADDRESS
601172;601173;HAS_ADDRESS
601176;601177;HAS_ADDRESS
601180;601181;HAS_ADDRESS
601184;601185;HAS_ADDRESS
601188;601189;HAS_ADDRESS
601192;601193;HAS_ADDRESS
601196;601197;HAS_ADDRESS
601200;601201;HAS_ADDRESS
601204;601205;HAS_ADDRESS
601208;601209;HAS_ADDRESS
601212;601213;HAS_ADDRESS
601216;601217;HAS_ADDRESS
601220;601221;HAS_ADDRESS
601224;601225;HAS_ADDRESS
601228;601229;HAS_ADDRESS
601232;601233;HAS_ADDRESS
601236;601237;HAS_ADDRESS
601240;601241;HAS_ADDRESS
601244;601245;HAS_ADDRESS
601248;601249;HAS_ADDRESS
601252;601253;HAS_ADDRESS
601256;601257;HAS_ADDRESS
601260;601261;HAS_ADDRESS
601264;601265;HAS_ADDRESS
601268;601269;HAS_ADDRESS
601272;601273;HAS_ADDRESS
601276;601277;HAS_ADDRESS
601280;601281;HAS_ADDRESS
601284;601285;HAS_ADDRESS
601288;601289;HAS_ADDRESS
601292;601293;HAS_ADDRESS
601296;601297;HAS_ADDRESS
601300;601301;HAS_ADDRESS
601304;601305;HAS_ADDRESS
601308;601309;HAS_ADDRESS
601312;601313;HAS_ADDRESS
601316;601317;HAS_ADDRESS
601320;601321;HAS_ADDRESS
601324;601325;HAS_ADDRESS
601328;601329;HAS_ADDRESS
601332;601333;HAS_ADDRESS
601336;601337;HAS_ADDRESS
601340;601341;HAS_ADDRESS
601344;601345;HAS_ADDRESS
601348;601349;HAS_ADDRESS
601352;601353;HAS_ADDRESS
601356;601357;HAS_ADDRESS
601360;601361;HAS_ADDRESS
601364;601365;HAS_ADDRESS
601368;601369;HAS_ADDRESS
601372;601373;HAS_ADDRESS
601376;601377;HAS_ADDRESS
601380;601381;HAS_ADDRESS
601384;601385;HAS_ADDRESS
601388;601389;HAS_ADDRESS
601392;601393;HAS_ADDRESS
601396;601397;HAS_ADDRESS
601400;601401;HAS_ADDRESS
601404;601405;HAS_ADDRESS
601408;601409;HAS_ADDRESS
601412;601413;HAS_ADDRESS
601416;601417;HAS_ADDRESS
601420;601421;HAS_ADDRESS
601424;601425;HAS_ADDRESS
601428;601429;HAS_ADDRESS
601432;601433;HAS_ADDRESS
601436;601437;HAS_ADDRESS
601440;601441;HAS_ADDRESS
601444;601445;HAS_ADDRESS
601448;601449;HAS_ADDRESS
601452;601453;HAS_ADDRESS
601456;601457;HAS_ADDRESS
601460;601461;HAS_ADDRESS
601464;601465;HAS_ADDRESS
601468;601469;HAS_ADDRESS
601472;601473;HAS_ADDRESS
601476;601477;HAS_ADDRESS
601480;601481;HAS_ADDRESS
601484;601485;HAS_ADDRESS
601488;601489;HAS_ADDRESS
601492;601493;HAS_ADDRESS
601496;601497;HAS_ADDRESS
601500;601501;HAS_ADDRESS
601504;601505;HAS_ADDRESS
601508;601509;HAS_ADDRESS
601512;601513;HAS_ADDRESS
601516;601517;HAS_ADDRESS
601520;601521;HAS_ADDRESS
601524;601525;HAS_ADDRESS
601528;601529;HAS_ADDRESS
601532;601533;HAS_ADDRESS
601536;601537;HAS_ADDRESS
601540;601541;HAS_ADDRESS
601544;601545;HAS_ADDRESS
601548;601549;HAS_ADDRESS
601552;601553;HAS_ADDRESS
601556;601557;HAS_ADDRESS
601560;601561;HAS_ADDRESS
601564;601565;HAS_ADDRESS
601568;601569;HAS_ADDRESS
601572;601573;HAS_ADDRESS
601576;601577;HAS_ADDRESS
601580;601581;HAS_ADDRESS
601584;601585;HAS_ADDRESS
601588;601589;HAS_ADDRESS
601592;601593;HAS_ADDRESS
601596;601597;HAS_ADDRESS
601600;601601;HAS_ADDRESS
601604;601605;HAS_ADDRESS
601608;601609;HAS_ADDRESS
601612;601613;HAS_ADDRESS
601616;601617;HAS_ADDRESS
601620;601621;HAS_ADDRESS
601624;601625;HAS_ADDRESS
601628;601629;HAS_ADDRESS
601632;601633;HAS_ADDRESS
601636;601637;HAS_ADDRESS
601640;601641;HAS_ADDRESS
601644;601645;HAS_ADDRESS
601648;601649;HAS_ADDRESS
601652;601653;HAS_ADDRESS
601656;601657;HAS_ADDRESS
601660;601661;HAS_ADDRESS
601664;601665;HAS_ADDRESS
601668;601669;HAS_ADDRESS
601672;601673;HAS_ADDRESS
601676;601677;HAS_ADDRESS
601680;601681;HAS_ADDRESS
601684;601685;HAS_ADDRESS
601688;601689;HAS_ADDRESS
601692;601693;HAS_ADDRESS
601696;601697;HAS_ADDRESS
601700;601701;HAS_ADDRESS
601704;601705;HAS_ADDRESS
601708;601709;HAS_ADDRESS
601712;601713;HAS_ADDRESS
601716;601717;HAS_ADDRESS
601720;601721;HAS_ADDRESS
601724;601725;HAS_ADDRESS
601728;601729;HAS_ADDRESS
601732;601733;HAS_ADDRESS
601736;601737;HAS_ADDRESS
601740;601741;HAS_ADDRESS
601744;601745;HAS_ADDRESS
601748;601749;HAS_ADDRESS
601752;601753;HAS_ADDRESS
601756;601757;HAS_ADDRESS
601760;601761;HAS_ADDRESS
601764;601765;HAS_ADDRESS
601768;601769;HAS_ADDRESS
601772;601773;HAS_ADDRESS
601776;601777;HAS_ADDRESS
601780;601781;HAS_ADDRESS
601784;601785;HAS_ADDRESS
601788;601789;HAS_ADDRESS
601792;601793;HAS_ADDRESS
601796;601797;HAS_ADDRESS
601800;601801;HAS_ADDRESS
601804;601805;HAS_ADDRESS
601808;601809;HAS_ADDRESS
601812;601813;HAS_ADDRESS
601816;601817;HAS_ADDRESS
601820;601821;HAS_ADDRESS
601824;601825;HAS_ADDRESS
601828;601829;HAS_ADDRESS
601832;601833;HAS_ADDRESS
601836;601837;HAS_ADDRESS
601840;601841;HAS_ADDRESS
601844;601845;HAS_ADDRESS
601848;601849;HAS_ADDRESS
601852;601853;HAS_ADDRESS
601856;601857;HAS_ADDRESS
601860;601861;HAS_ADDRESS
601864;601865;HAS_ADDRESS
601868;601869;HAS_ADDRESS
601872;601873;HAS_ADDRESS
601876;601877;HAS_ADDRESS
601880;601881;HAS_ADDRESS
601884;601885;HAS_ADDRESS
601888;601889;HAS_ADDRESS
601892;601893;HAS_ADDRESS
601896;601897;HAS_ADDRESS
601900;601901;HAS_ADDRESS
601904;601905;HAS_ADDRESS
601908;601909;HAS_ADDRESS
601912;601913;HAS_ADDRESS
601916;601917;HAS_ADDRESS
601920;601921;HAS_ADDRESS
601924;601925;HAS_ADDRESS
601928;601929;HAS_ADDRESS
601932;601933;HAS_ADDRESS
601936;601937;HAS_ADDRESS
601940;601941;HAS_ADDRESS
601944;601945;HAS_ADDRESS
601948;601949;HAS_ADDRESS
601952;601953;HAS_ADDRESS
601956;601957;HAS_ADDRESS
601960;601961;HAS_ADDRESS
601964;601965;HAS_ADDRESS
601968;601969;HAS_ADDRESS
601972;601973;HAS_ADDRESS
601976;601977;HAS_ADDRESS
601980;601981;HAS_ADDRESS
601984;601985;HAS_ADDRESS
601988;601989;HAS_ADDRESS
601992;601993;HAS_ADDRESS
601996;601997;HAS_ADDRESS
602000;602001;HAS_ADDRESS
602004;602005;HAS_ADDRESS
602008;602009;HAS_ADDRESS
602012;602013;HAS_ADDRESS
602016;602017;HAS_ADDRESS
602020;602021;HAS_ADDRESS
602024;602025;HAS_ADDRESS
602028;602029;HAS_ADDRESS
602032;602033;HAS_ADDRESS
602036;602037;HAS_ADDRESS
602040;602041;HAS_ADDRESS
602044;602045;HAS_ADDRESS
602048;602049;HAS_ADDRESS
602052;602053;HAS_ADDRESS
602056;602057;HAS_ADDRESS
602060;602061;HAS_ADDRESS
602064;602065;HAS_ADDRESS
602068;602069;HAS_ADDRESS
602072;602073;HAS_ADDRESS
602076;602077;HAS_ADDRESS
602080;602081;HAS_ADDRESS
602084;602085;HAS_ADDRESS
602088;602089;HAS_ADDRESS
602092;602093;HAS_ADDRESS
602096;602097;HAS_ADDRESS
602100;602101;HAS_ADDRESS
602104;602105;HAS_ADDRESS
602108;602109;HAS_ADDRESS
602112;602113;HAS_ADDRESS
602116;602117;HAS_ADDRESS
602120;602121;HAS_ADDRESS
602124;602125;HAS_ADDRESS
602128;602129;HAS_ADDRESS
602132;602133;HAS_ADDRESS
602136;602137;HAS_ADDRESS
602140;602141;HAS_ADDRESS
602144;602145;HAS_ADDRESS
602148;602149;HAS_ADDRESS
602152;602153;HAS_ADDRESS
602156;602157;HAS_ADDRESS
602160;602161;HAS_ADDRESS
602164;602165;HAS_ADDRESS
602168;602169;HAS_ADDRESS
602172;602173;HAS_ADDRESS
602176;602177;HAS_ADDRESS
602180;602181;HAS_ADDRESS
602184;602185;HAS_ADDRESS
602188;602189;HAS_ADDRESS
602192;602193;HAS_ADDRESS
602196;602197;HAS_ADDRESS
602200;602201;HAS_ADDRESS
602204;602205;HAS_ADDRESS
602208;602209;HAS_ADDRESS
602212;602213;HAS_ADDRESS
602216;602217;HAS_ADDRESS
602220;602221;HAS_ADDRESS
602224;602225;HAS_ADDRESS
602228;602229;HAS_ADDRESS
602232;602233;HAS_ADDRESS
602236;602237;HAS_ADDRESS
602240;602241;HAS_ADDRESS
602244;602245;HAS_ADDRESS
602248;602249;HAS_ADDRESS
602252;602253;HAS_ADDRESS
602256;602257;HAS_ADDRESS
602260;602261;HAS_ADDRESS
602264;602265;HAS_ADDRESS
602268;602269;HAS_ADDRESS
602272;602273;HAS_ADDRESS
602276;602277;HAS_ADDRESS
602280;602281;HAS_ADDRESS
602284;602285;HAS_ADDRESS
602288;602289;HAS_ADDRESS
602292;602293;HAS_ADDRESS
602296;602297;HAS_ADDRESS
602300;602301;HAS_ADDRESS
602304;602305;HAS_ADDRESS
602308;602309;HAS_ADDRESS
602312;602313;HAS_ADDRESS
602316;602317;HAS_ADDRESS
602320;602321;HAS_ADDRESS
602324;602325;HAS_ADDRESS
602328;602329;HAS_ADDRESS
602332;602333;HAS_ADDRESS
602336;602337;HAS_ADDRESS
602340;602341;HAS_ADDRESS
602344;602345;HAS_ADDRESS
602348;602349;HAS_ADDRESS
602352;602353;HAS_ADDRESS
602356;602357;HAS_ADDRESS
602360;602361;HAS_ADDRESS
602364;602365;HAS_ADDRESS
602368;602369;HAS_ADDRESS
602372;602373;HAS_ADDRESS
602376;602377;HAS_ADDRESS
602380;602381;HAS_ADDRESS
602384;602385;HAS_ADDRESS
602388;602389;HAS_ADDRESS
602392;602393;HAS_ADDRESS
602396;602397;HAS_ADDRESS
602400;602401;HAS_ADDRESS
602404;602405;HAS_ADDRESS
602408;602409;HAS_ADDRESS
602412;602413;HAS_ADDRESS
602416;602417;HAS_ADDRESS
602420;602421;HAS_ADDRESS
602424;602425;HAS_ADDRESS
602428;602429;HAS_ADDRESS
602432;602433;HAS_ADDRESS
602436;602437;HAS_ADDRESS
602440;602441;HAS_ADDRESS
602444;602445;HAS_ADDRESS
602448;602449;HAS_ADDRESS
602452;602453;HAS_ADDRESS
602456;602457;HAS_ADDRESS
602460;602461;HAS_ADDRESS
602464;602465;HAS_ADDRESS
602468;602469;HAS_ADDRESS
602472;602473;HAS_ADDRESS
602476;602477;HAS_ADDRESS
602480;602481;HAS_ADDRESS
602484;602485;HAS_ADDRESS
602488;602489;HAS_ADDRESS
602492;602493;HAS_ADDRESS
602496;602497;HAS_ADDRESS
602500;602501;HAS_ADDRESS
602504;602505;HAS_ADDRESS
602508;602509;HAS_ADDRESS
602512;602513;HAS_ADDRESS
602516;602517;HAS_ADDRESS
602520;602521;HAS_ADDRESS
602524;602525;HAS_ADDRESS
602528;602529;HAS_ADDRESS
602532;602533;HAS_ADDRESS
602536;602537;HAS_ADDRESS
602540;602541;HAS_ADDRESS
602544;602545;HAS_ADDRESS
602548;602549;HAS_ADDRESS
602552;602553;HAS_ADDRESS
602556;602557;HAS_ADDRESS
602560;602561;HAS_ADDRESS
602564;602565;HAS_ADDRESS
602568;602569;HAS_ADDRESS
602572;602573;HAS_ADDRESS
602576;602577;HAS_ADDRESS
602580;602581;HAS_ADDRESS
602584;602585;HAS_ADDRESS
602588;602589;HAS_ADDRESS
602592;602593;HAS_ADDRESS
602596;602597;HAS_ADDRESS
602600;602601;HAS_ADDRESS
602604;602605;HAS_ADDRESS
602608;602609;HAS_ADDRESS
602612;602613;HAS_ADDRESS
602616;602617;HAS_ADDRESS
602620;602621;HAS_ADDRESS
602624;602625;HAS_ADDRESS
602628;602629;HAS_ADDRESS
602632;602633;HAS_ADDRESS
602636;602637;HAS_ADDRESS
602640;602641;HAS_ADDRESS
602644;602645;HAS_ADDRESS
602648;602649;HAS_ADDRESS
602652;602653;HAS_ADDRESS
602656;602657;HAS_ADDRESS
602660;602661;HAS_ADDRESS
602664;602665;HAS_ADDRESS
602668;602669;HAS_ADDRESS
602672;602673;HAS_ADDRESS
602676;602677;HAS_ADDRESS
602680;602681;HAS_ADDRESS
602684;602685;HAS_ADDRESS
602688;602689;HAS_ADDRESS
602692;602693;HAS_ADDRESS
602696;602697;HAS_ADDRESS
602700;602701;HAS_ADDRESS
602704;602705;HAS_ADDRESS
602708;602709;HAS_ADDRESS
602712;602713;HAS_ADDRESS
602716;602717;HAS_ADDRESS
602720;602721;HAS_ADDRESS
602724;602725;HAS_ADDRESS
602728;602729;HAS_ADDRESS
602732;602733;HAS_ADDRESS
602736;602737;HAS_ADDRESS
602740;602741;HAS_ADDRESS
602744;602745;HAS_ADDRESS
602748;602749;HAS_ADDRESS
602752;602753;HAS_ADDRESS
602756;602757;HAS_ADDRESS
602760;602761;HAS_ADDRESS
602764;602765;HAS_ADDRESS
602768;602769;HAS_ADDRESS
602772;602773;HAS_ADDRESS
602776;602777;HAS_ADDRESS
602780;602781;HAS_ADDRESS
602784;602785;HAS_ADDRESS
602788;602789;HAS_ADDRESS
602792;602793;HAS_ADDRESS
602796;602797;HAS_ADDRESS
602800;602801;HAS_ADDRESS
602804;602805;HAS_ADDRESS
602808;602809;HAS_ADDRESS
602812;602813;HAS_ADDRESS
602816;602817;HAS_ADDRESS
602820;602821;HAS_ADDRESS
602824;602825;HAS_ADDRESS
602828;602829;HAS_ADDRESS
602832;602833;HAS_ADDRESS
602836;602837;HAS_ADDRESS
602840;602841;HAS_ADDRESS
602844;602845;HAS_ADDRESS
602848;602849;HAS_ADDRESS
602852;602853;HAS_ADDRESS
602856;602857;HAS_ADDRESS
602860;602861;HAS_ADDRESS
602864;602865;HAS_ADDRESS
602868;602869;HAS_ADDRESS
602872;602873;HAS_ADDRESS
602876;602877;HAS_ADDRESS
602880;602881;HAS_ADDRESS
602884;602885;HAS_ADDRESS
602888;602889;HAS_ADDRESS
602892;602893;HAS_ADDRESS
602896;602897;HAS_ADDRESS
602900;602901;HAS_ADDRESS
602904;602905;HAS_ADDRESS
602908;602909;HAS_ADDRESS
602912;602913;HAS_ADDRESS
602916;602917;HAS_ADDRESS
602920;602921;HAS_ADDRESS
602924;602925;HAS_ADDRESS
602928;602929;HAS_ADDRESS
602932;602933;HAS_ADDRESS
602936;602937;HAS_ADDRESS
602940;602941;HAS_ADDRESS
602944;602945;HAS_ADDRESS
602948;602949;HAS_ADDRESS
602952;602953;HAS_ADDRESS
602956;602957;HAS_ADDRESS
602960;602961;HAS_ADDRESS
602964;602965;HAS_ADDRESS
602968;602969;HAS_ADDRESS
602972;602973;HAS_ADDRESS
602976;602977;HAS_ADDRESS
602980;602981;HAS_ADDRESS
602984;602985;HAS_ADDRESS
602988;602989;HAS_ADDRESS
602992;602993;HAS_ADDRESS
602996;602997;HAS_ADDRESS
603000;603001;HAS_ADDRESS
603004;603005;HAS_ADDRESS
603008;603009;HAS_ADDRESS
603012;603013;HAS_ADDRESS
603016;603017;HAS_ADDRESS
603020;603021;HAS_ADDRESS
603024;603025;HAS_ADDRESS
603028;603029;HAS_ADDRESS
603032;603033;HAS_ADDRESS
603036;603037;HAS_ADDRESS
603040;603041;HAS_ADDRESS
603044;603045;HAS_ADDRESS
603048;603049;HAS_ADDRESS
603052;603053;HAS_ADDRESS
603056;603057;HAS_ADDRESS
603060;603061;HAS_ADDRESS
603064;603065;HAS_ADDRESS
603068;603069;HAS_ADDRESS
603072;603073;HAS_ADDRESS
603076;603077;HAS_ADDRESS
603080;603081;HAS_ADDRESS
603084;603085;HAS_ADDRESS
603088;603089;HAS_ADDRESS
603092;603093;HAS_ADDRESS
603096;603097;HAS_ADDRESS
603100;603101;HAS_ADDRESS
603104;603105;HAS_ADDRESS
603108;603109;HAS_ADDRESS
603112;603113;HAS_ADDRESS
603116;603117;HAS_ADDRESS
603120;603121;HAS_ADDRESS
603124;603125;HAS_ADDRESS
603128;603129;HAS_ADDRESS
603132;603133;HAS_ADDRESS
603136;603137;HAS_ADDRESS
603140;603141;HAS_ADDRESS
603144;603145;HAS_ADDRESS
603148;603149;HAS_ADDRESS
603152;603153;HAS_ADDRESS
603156;603157;HAS_ADDRESS
603160;603161;HAS_ADDRESS
603164;603165;HAS_ADDRESS
603168;603169;HAS_ADDRESS
603172;603173;HAS_ADDRESS
603176;603177;HAS_ADDRESS
603180;603181;HAS_ADDRESS
603184;603185;HAS_ADDRESS
603188;603189;HAS_ADDRESS
603192;603193;HAS_ADDRESS
603196;603197;HAS_ADDRESS
603200;603201;HAS_ADDRESS
603204;603205;HAS_ADDRESS
603208;603209;HAS_ADDRESS
603212;603213;HAS_ADDRESS
603216;603217;HAS_ADDRESS
603220;603221;HAS_ADDRESS
603224;603225;HAS_ADDRESS
603228;603229;HAS_ADDRESS
603232;603233;HAS_ADDRESS
603236;603237;HAS_ADDRESS
603240;603241;HAS_ADDRESS
603244;603245;HAS_ADDRESS
603248;603249;HAS_ADDRESS
603252;603253;HAS_ADDRESS
603256;603257;HAS_ADDRESS
603260;603261;HAS_ADDRESS
603264;603265;HAS_ADDRESS
603268;603269;HAS_ADDRESS
603272;603273;HAS_ADDRESS
603276;603277;HAS_ADDRESS
603280;603281;HAS_ADDRESS
603284;603285;HAS_ADDRESS
603288;603289;HAS_ADDRESS
603292;603293;HAS_ADDRESS
603296;603297;HAS_ADDRESS
603300;603301;HAS_ADDRESS
603304;603305;HAS_ADDRESS
603308;603309;HAS_ADDRESS
603312;603313;HAS_ADDRESS
603316;603317;HAS_ADDRESS
603320;603321;HAS_ADDRESS
603324;603325;HAS_ADDRESS
603328;603329;HAS_ADDRESS
603332;603333;HAS_ADDRESS
603336;603337;HAS_ADDRESS
603340;603341;HAS_ADDRESS
603344;603345;HAS_ADDRESS
603348;603349;HAS_ADDRESS
603352;603353;HAS_ADDRESS
603356;603357;HAS_ADDRESS
603360;603361;HAS_ADDRESS
603364;603365;HAS_ADDRESS
603368;603369;HAS_ADDRESS
603372;603373;HAS_ADDRESS
603376;603377;HAS_ADDRESS
603380;603381;HAS_ADDRESS
603384;603385;HAS_ADDRESS
603388;603389;HAS_ADDRESS
603392;603393;HAS_ADDRESS
603396;603397;HAS_ADDRESS
603400;603401;HAS_ADDRESS
603404;603405;HAS_ADDRESS
603408;603409;HAS_ADDRESS
603412;603413;HAS_ADDRESS
603416;603417;HAS_ADDRESS
603420;603421;HAS_ADDRESS
603424;603425;HAS_ADDRESS
603428;603429;HAS_ADDRESS
603432;603433;HAS_ADDRESS
603436;603437;HAS_ADDRESS
603440;603441;HAS_ADDRESS
603444;603445;HAS_ADDRESS
603448;603449;HAS_ADDRESS
603452;603453;HAS_ADDRESS
603456;603457;HAS_ADDRESS
603460;603461;HAS_ADDRESS
603464;603465;HAS_ADDRESS
603468;603469;HAS_ADDRESS
603472;603473;HAS_ADDRESS
603476;603477;HAS_ADDRESS
603480;603481;HAS_ADDRESS
603484;603485;HAS_ADDRESS
603488;603489;HAS_ADDRESS
603492;603493;HAS_ADDRESS
603496;603497;HAS_ADDRESS
603500;603501;HAS_ADDRESS
603504;603505;HAS_ADDRESS
603508;603509;HAS_ADDRESS
603512;603513;HAS_ADDRESS
603516;603517;HAS_ADDRESS
603520;603521;HAS_ADDRESS
603524;603525;HAS_ADDRESS
603528;603529;HAS_ADDRESS
603532;603533;HAS_ADDRESS
603536;603537;HAS_ADDRESS
603540;603541;HAS_ADDRESS
603544;603545;HAS_ADDRESS
603548;603549;HAS_ADDRESS
603552;603553;HAS_ADDRESS
603556;603557;HAS_ADDRESS
603560;603561;HAS_ADDRESS
603564;603565;HAS_ADDRESS
603568;603569;HAS_ADDRESS
603572;603573;HAS_ADDRESS
603576;603577;HAS_ADDRESS
603580;603581;HAS_ADDRESS
603584;603585;HAS_ADDRESS
603588;603589;HAS_ADDRESS
603592;603593;HAS_ADDRESS
603596;603597;HAS_ADDRESS
603600;603601;HAS_ADDRESS
603604;603605;HAS_ADDRESS
603608;603609;HAS_ADDRESS
603612;603613;HAS_ADDRESS
603616;603617;HAS_ADDRESS
603620;603621;HAS_ADDRESS
603624;603625;HAS_ADDRESS
603628;603629;HAS_ADDRESS
603632;603633;HAS_ADDRESS
603636;603637;HAS_ADDRESS
603640;603641;HAS_ADDRESS
603644;603645;HAS_ADDRESS
603648;603649;HAS_ADDRESS
603652;603653;HAS_ADDRESS
603656;603657;HAS_ADDRESS
603660;603661;HAS_ADDRESS
603664;603665;HAS_ADDRESS
603668;603669;HAS_ADDRESS
603672;603673;HAS_ADDRESS
603676;603677;HAS_ADDRESS
603680;603681;HAS_ADDRESS
603684;603685;HAS_ADDRESS
603688;603689;HAS_ADDRESS
603692;603693;HAS_ADDRESS
603696;603697;HAS_ADDRESS
603700;603701;HAS_ADDRESS
603704;603705;HAS_ADDRESS
603708;603709;HAS_ADDRESS
603712;603713;HAS_ADDRESS
603716;603717;HAS_ADDRESS
603720;603721;HAS_ADDRESS
603724;603725;HAS_ADDRESS
603728;603729;HAS_ADDRESS
603732;603733;HAS_ADDRESS
603736;603737;HAS_ADDRESS
603740;603741;HAS_ADDRESS
603744;603745;HAS_ADDRESS
603748;603749;HAS_ADDRESS
603752;603753;HAS_ADDRESS
603756;603757;HAS_ADDRESS
603760;603761;HAS_ADDRESS
603764;603765;HAS_ADDRESS
603768;603769;HAS_ADDRESS
603772;603773;HAS_ADDRESS
603776;603777;HAS_ADDRESS
603780;603781;HAS_ADDRESS
603784;603785;HAS_ADDRESS
603788;603789;HAS_ADDRESS
603792;603793;HAS_ADDRESS
603796;603797;HAS_ADDRESS
603800;603801;HAS_ADDRESS
603804;603805;HAS_ADDRESS
603808;603809;HAS_ADDRESS
603812;603813;HAS_ADDRESS
603816;603817;HAS_ADDRESS
603820;603821;HAS_ADDRESS
603824;603825;HAS_ADDRESS
603828;603829;HAS_ADDRESS
603832;603833;HAS_ADDRESS
603836;603837;HAS_ADDRESS
603840;603841;HAS_ADDRESS
603844;603845;HAS_ADDRESS
603848;603849;HAS_ADDRESS
603852;603853;HAS_ADDRESS
603856;603857;HAS_ADDRESS
603860;603861;HAS_ADDRESS
603864;603865;HAS_ADDRESS
603868;603869;HAS_ADDRESS
603872;603873;HAS_ADDRESS
603876;603877;HAS_ADDRESS
603880;603881;HAS_ADDRESS
603884;603885;HAS_ADDRESS
603888;603889;HAS_ADDRESS
603892;603893;HAS_ADDRESS
603896;603897;HAS_ADDRESS
603900;603901;HAS_ADDRESS
603904;603905;HAS_ADDRESS
603908;603909;HAS_ADDRESS
603912;603913;HAS_ADDRESS
603916;603917;HAS_ADDRESS
603920;603921;HAS_ADDRESS
603924;603925;HAS_ADDRESS
603928;603929;HAS_ADDRESS
603932;603933;HAS_ADDRESS
603936;603937;HAS_ADDRESS
603940;603941;HAS_ADDRESS
603944;603945;HAS_ADDRESS
603948;603949;HAS_ADDRESS
603952;603953;HAS_ADDRESS
603956;603957;HAS_ADDRESS
603960;603961;HAS_ADDRESS
603964;603965;HAS_ADDRESS
603968;603969;HAS_ADDRESS
603972;603973;HAS_ADDRESS
603976;603977;HAS_ADDRESS
603980;603981;HAS_ADDRESS
603984;603985;HAS_ADDRESS
603988;603989;HAS_ADDRESS
603992;603993;HAS_ADDRESS
603996;603997;HAS_ADDRESS
604000;604001;HAS_ADDRESS
604004;604005;HAS_ADDRESS
604008;604009;HAS_ADDRESS
604012;604013;HAS_ADDRESS
604016;604017;HAS_ADDRESS
604020;604021;HAS_ADDRESS
604024;604025;HAS_ADDRESS
604028;604029;HAS_ADDRESS
604032;604033;HAS_ADDRESS
604036;604037;HAS_ADDRESS
604040;604041;HAS_ADDRESS
604044;604045;HAS_ADDRESS
604048;604049;HAS_ADDRESS
604052;604053;HAS_ADDRESS
604056;604057;HAS_ADDRESS
604060;604061;HAS_ADDRESS
604064;604065;HAS_ADDRESS
604068;604069;HAS_ADDRESS
604072;604073;HAS_ADDRESS
604076;604077;HAS_ADDRESS
604080;604081;HAS_ADDRESS
604084;604085;HAS_ADDRESS
604088;604089;HAS_ADDRESS
604092;604093;HAS_ADDRESS
604096;604097;HAS_ADDRESS
604100;604101;HAS_ADDRESS
604104;604105;HAS_ADDRESS
604108;604109;HAS_ADDRESS
604112;604113;HAS_ADDRESS
604116;604117;HAS_ADDRESS
604120;604121;HAS_ADDRESS
604124;604125;HAS_ADDRESS
604128;604129;HAS_ADDRESS
604132;604133;HAS_ADDRESS
604136;604137;HAS_ADDRESS
604140;604141;HAS_ADDRESS
604144;604145;HAS_ADDRESS
604148;604149;HAS_ADDRESS
604152;604153;HAS_ADDRESS
604156;604157;HAS_ADDRESS
604160;604161;HAS_ADDRESS
604164;604165;HAS_ADDRESS
604168;604169;HAS_ADDRESS
604172;604173;HAS_ADDRESS
604176;604177;HAS_ADDRESS
604180;604181;HAS_ADDRESS
604184;604185;HAS_ADDRESS
604188;604189;HAS_ADDRESS
604192;604193;HAS_ADDRESS
604196;604197;HAS_ADDRESS
604200;604201;HAS_ADDRESS
604204;604205;HAS_ADDRESS
604208;604209;HAS_ADDRESS
604212;604213;HAS_ADDRESS
604216;604217;HAS_ADDRESS
604220;604221;HAS_ADDRESS
604224;604225;HAS_ADDRESS
604228;604229;HAS_ADDRESS
604232;604233;HAS_ADDRESS
604236;604237;HAS_ADDRESS
604240;604241;HAS_ADDRESS
604244;604245;HAS_ADDRESS
604248;604249;HAS_ADDRESS
604252;604253;HAS_ADDRESS
604256;604257;HAS_ADDRESS
604260;604261;HAS_ADDRESS
604264;604265;HAS_ADDRESS
604268;604269;HAS_ADDRESS
604272;604273;HAS_ADDRESS
604276;604277;HAS_ADDRESS
604280;604281;HAS_ADDRESS
604284;604285;HAS_ADDRESS
604288;604289;HAS_ADDRESS
604292;604293;HAS_ADDRESS
604296;604297;HAS_ADDRESS
604300;604301;HAS_ADDRESS
604304;604305;HAS_ADDRESS
604308;604309;HAS_ADDRESS
604312;604313;HAS_ADDRESS
604316;604317;HAS_ADDRESS
604320;604321;HAS_ADDRESS
604324;604325;HAS_ADDRESS
604328;604329;HAS_ADDRESS
604332;604333;HAS_ADDRESS
604336;604337;HAS_ADDRESS
604340;604341;HAS_ADDRESS
604344;604345;HAS_ADDRESS
604348;604349;HAS_ADDRESS
604352;604353;HAS_ADDRESS
604356;604357;HAS_ADDRESS
604360;604361;HAS_ADDRESS
604364;604365;HAS_ADDRESS
604368;604369;HAS_ADDRESS
604372;604373;HAS_ADDRESS
604376;604377;HAS_ADDRESS
604380;604381;HAS_ADDRESS
604384;604385;HAS_ADDRESS
604388;604389;HAS_ADDRESS
604392;604393;HAS_ADDRESS
604396;604397;HAS_ADDRESS
604400;604401;HAS_ADDRESS
604404;604405;HAS_ADDRESS
604408;604409;HAS_ADDRESS
604412;604413;HAS_ADDRESS
604416;604417;HAS_ADDRESS
604420;604421;HAS_ADDRESS
604424;604425;HAS_ADDRESS
604428;604429;HAS_ADDRESS
604432;604433;HAS_ADDRESS
604436;604437;HAS_ADDRESS
604440;604441;HAS_ADDRESS
604444;604445;HAS_ADDRESS
604448;604449;HAS_ADDRESS
604452;604453;HAS_ADDRESS
604456;604457;HAS_ADDRESS
604460;604461;HAS_ADDRESS
604464;604465;HAS_ADDRESS
604468;604469;HAS_ADDRESS
604472;604473;HAS_ADDRESS
604476;604477;HAS_ADDRESS
604480;604481;HAS_ADDRESS
604484;604485;HAS_ADDRESS
604488;604489;HAS_ADDRESS
604492;604493;HAS_ADDRESS
604496;604497;HAS_ADDRESS
604500;604501;HAS_ADDRESS
604504;604505;HAS_ADDRESS
604508;604509;HAS_ADDRESS
604512;604513;HAS_ADDRESS
604516;604517;HAS_ADDRESS
604520;604521;HAS_ADDRESS
604524;604525;HAS_ADDRESS
604528;604529;HAS_ADDRESS
604532;604533;HAS_ADDRESS
604536;604537;HAS_ADDRESS
604540;604541;HAS_ADDRESS
604544;604545;HAS_ADDRESS
604548;604549;HAS_ADDRESS
604552;604553;HAS_ADDRESS
604556;604557;HAS_ADDRESS
604560;604561;HAS_ADDRESS
604564;604565;HAS_ADDRESS
604568;604569;HAS_ADDRESS
604572;604573;HAS_ADDRESS
604576;604577;HAS_ADDRESS
604580;604581;HAS_ADDRESS
604584;604585;HAS_ADDRESS
604588;604589;HAS_ADDRESS
604592;604593;HAS_ADDRESS
604596;604597;HAS_ADDRESS
604600;604601;HAS_ADDRESS
604604;604605;HAS_ADDRESS
604608;604609;HAS_ADDRESS
604612;604613;HAS_ADDRESS
604616;604617;HAS_ADDRESS
604620;604621;HAS_ADDRESS
604624;604625;HAS_ADDRESS
604628;604629;HAS_ADDRESS
604632;604633;HAS_ADDRESS
604636;604637;HAS_ADDRESS
604640;604641;HAS_ADDRESS
604644;604645;HAS_ADDRESS
604648;604649;HAS_ADDRESS
604652;604653;HAS_ADDRESS
604656;604657;HAS_ADDRESS
604660;604661;HAS_ADDRESS
604664;604665;HAS_ADDRESS
604668;604669;HAS_ADDRESS
604672;604673;HAS_ADDRESS
604676;604677;HAS_ADDRESS
604680;604681;HAS_ADDRESS
604684;604685;HAS_ADDRESS
604688;604689;HAS_ADDRESS
604692;604693;HAS_ADDRESS
604696;604697;HAS_ADDRESS
604700;604701;HAS_ADDRESS
604704;604705;HAS_ADDRESS
604708;604709;HAS_ADDRESS
604712;604713;HAS_ADDRESS
604716;604717;HAS_ADDRESS
604720;604721;HAS_ADDRESS
604724;604725;HAS_ADDRESS
604728;604729;HAS_ADDRESS
604732;604733;HAS_ADDRESS
604736;604737;HAS_ADDRESS
604740;604741;HAS_ADDRESS
604744;604745;HAS_ADDRESS
604748;604749;HAS_ADDRESS
604752;604753;HAS_ADDRESS
604756;604757;HAS_ADDRESS
604760;604761;HAS_ADDRESS
604764;604765;HAS_ADDRESS
604768;604769;HAS_ADDRESS
604772;604773;HAS_ADDRESS
604776;604777;HAS_ADDRESS
604780;604781;HAS_ADDRESS
604784;604785;HAS_ADDRESS
604788;604789;HAS_ADDRESS
604792;604793;HAS_ADDRESS
604796;604797;HAS_ADDRESS
604800;604801;HAS_ADDRESS
604804;604805;HAS_ADDRESS
604808;604809;HAS_ADDRESS
604812;604813;HAS_ADDRESS
604816;604817;HAS_ADDRESS
604820;604821;HAS_ADDRESS
604824;604825;HAS_ADDRESS
604828;604829;HAS_ADDRESS
604832;604833;HAS_ADDRESS
604836;604837;HAS_ADDRESS
604840;604841;HAS_ADDRESS
604844;604845;HAS_ADDRESS
604848;604849;HAS_ADDRESS
604852;604853;HAS_ADDRESS
604856;604857;HAS_ADDRESS
604860;604861;HAS_ADDRESS
604864;604865;HAS_ADDRESS
604868;604869;HAS_ADDRESS
604872;604873;HAS_ADDRESS
604876;604877;HAS_ADDRESS
604880;604881;HAS_ADDRESS
604884;604885;HAS_ADDRESS
604888;604889;HAS_ADDRESS
604892;604893;HAS_ADDRESS
604896;604897;HAS_ADDRESS
604900;604901;HAS_ADDRESS
604904;604905;HAS_ADDRESS
604908;604909;HAS_ADDRESS
604912;604913;HAS_ADDRESS
604916;604917;HAS_ADDRESS
604920;604921;HAS_ADDRESS
604924;604925;HAS_ADDRESS
604928;604929;HAS_ADDRESS
604932;604933;HAS_ADDRESS
604936;604937;HAS_ADDRESS
604940;604941;HAS_ADDRESS
604944;604945;HAS_ADDRESS
604948;604949;HAS_ADDRESS
604952;604953;HAS_ADDRESS
604956;604957;HAS_ADDRESS
604960;604961;HAS_ADDRESS
604964;604965;HAS_ADDRESS
604968;604969;HAS_ADDRESS
604972;604973;HAS_ADDRESS
604976;604977;HAS_ADDRESS
604980;604981;HAS_ADDRESS
604984;604985;HAS_ADDRESS
604988;604989;HAS_ADDRESS
604992;604993;HAS_ADDRESS
604996;604997;HAS_ADDRESS
605000;605001;HAS_ADDRESS
605004;605005;HAS_ADDRESS
605008;605009;HAS_ADDRESS
605012;605013;HAS_ADDRESS
605016;605017;HAS_ADDRESS
605020;605021;HAS_ADDRESS
605024;605025;HAS_ADDRESS
605028;605029;HAS_ADDRESS
605032;605033;HAS_ADDRESS
605036;605037;HAS_ADDRESS
605040;605041;HAS_ADDRESS
605044;605045;HAS_ADDRESS
605048;605049;HAS_ADDRESS
605052;605053;HAS_ADDRESS
605056;605057;HAS_ADDRESS
605060;605061;HAS_ADDRESS
605064;605065;HAS_ADDRESS
605068;605069;HAS_ADDRESS
605072;605073;HAS_ADDRESS
605076;605077;HAS_ADDRESS
605080;605081;HAS_ADDRESS
605084;605085;HAS_ADDRESS
605088;605089;HAS_ADDRESS
605092;605093;HAS_ADDRESS
605096;605097;HAS_ADDRESS
605100;605101;HAS_ADDRESS
605104;605105;HAS_ADDRESS
605108;605109;HAS_ADDRESS
605112;605113;HAS_ADDRESS
605116;605117;HAS_ADDRESS
605120;605121;HAS_ADDRESS
605124;605125;HAS_ADDRESS
605128;605129;HAS_ADDRESS
605132;605133;HAS_ADDRESS
605136;605137;HAS_ADDRESS
605140;605141;HAS_ADDRESS
605144;605145;HAS_ADDRESS
605148;605149;HAS_ADDRESS
605152;605153;HAS_ADDRESS
605156;605157;HAS_ADDRESS
605160;605161;HAS_ADDRESS
605164;605165;HAS_ADDRESS
605168;605169;HAS_ADDRESS
605172;605173;HAS_ADDRESS
605176;605177;HAS_ADDRESS
605180;605181;HAS_ADDRESS
605184;605185;HAS_ADDRESS
605188;605189;HAS_ADDRESS
605192;605193;HAS_ADDRESS
605196;605197;HAS_ADDRESS
605200;605201;HAS_ADDRESS
605204;605205;HAS_ADDRESS
605208;605209;HAS_ADDRESS
605212;605213;HAS_ADDRESS
605216;605217;HAS_ADDRESS
605220;605221;HAS_ADDRESS
605224;605225;HAS_ADDRESS
605228;605229;HAS_ADDRESS
605232;605233;HAS_ADDRESS
605236;605237;HAS_ADDRESS
605240;605241;HAS_ADDRESS
605244;605245;HAS_ADDRESS
605248;605249;HAS_ADDRESS
605252;605253;HAS_ADDRESS
605256;605257;HAS_ADDRESS
605260;605261;HAS_ADDRESS
605264;605265;HAS_ADDRESS
605268;605269;HAS_ADDRESS
605272;605273;HAS_ADDRESS
605276;605277;HAS_ADDRESS
605280;605281;HAS_ADDRESS
605284;605285;HAS_ADDRESS
605288;605289;HAS_ADDRESS
605292;605293;HAS_ADDRESS
605296;605297;HAS_ADDRESS
605300;605301;HAS_ADDRESS
605304;605305;HAS_ADDRESS
605308;605309;HAS_ADDRESS
605312;605313;HAS_ADDRESS
605316;605317;HAS_ADDRESS
605320;605321;HAS_ADDRESS
605324;605325;HAS_ADDRESS
605328;605329;HAS_ADDRESS
605332;605333;HAS_ADDRESS
605336;605337;HAS_ADDRESS
605340;605341;HAS_ADDRESS
605344;605345;HAS_ADDRESS
605348;605349;HAS_ADDRESS
605352;605353;HAS_ADDRESS
605356;605357;HAS_ADDRESS
605360;605361;HAS_ADDRESS
605364;605365;HAS_ADDRESS
605368;605369;HAS_ADDRESS
605372;605373;HAS_ADDRESS
605376;605377;HAS_ADDRESS
605380;605381;HAS_ADDRESS
605384;605385;HAS_ADDRESS
605388;605389;HAS_ADDRESS
605392;605393;HAS_ADDRESS
605396;605397;HAS_ADDRESS
605400;605401;HAS_ADDRESS
605403;605404;HAS_ADDRESS
605406;605407;HAS_ADDRESS
605409;605410;HAS_ADDRESS
605412;605413;HAS_ADDRESS
605415;605416;HAS_ADDRESS
605418;605419;HAS_ADDRESS
605421;605422;HAS_ADDRESS
605424;605425;HAS_ADDRESS
605427;605428;HAS_ADDRESS
605430;605431;HAS_ADDRESS
605433;605434;HAS_ADDRESS
605436;605437;HAS_ADDRESS
605439;605440;HAS_ADDRESS
605442;605443;HAS_ADDRESS
605445;605446;HAS_ADDRESS
605448;605449;HAS_ADDRESS
605451;605452;HAS_ADDRESS
605454;605455;HAS_ADDRESS
605457;605458;HAS_ADDRESS
605460;605461;HAS_ADDRESS
605463;605464;HAS_ADDRESS
605466;605467;HAS_ADDRESS
605469;605470;HAS_ADDRESS
605472;605473;HAS_ADDRESS
605475;605476;HAS_ADDRESS
605478;605479;HAS_ADDRESS
605481;605482;HAS_ADDRESS
605484;605485;HAS_ADDRESS
605487;605488;HAS_ADDRESS
605490;605491;HAS_ADDRESS
605493;605494;HAS_ADDRESS
605496;605497;HAS_ADDRESS
605499;605500;HAS_ADDRESS
605502;605503;HAS_ADDRESS
605505;605506;HAS_ADDRESS
605508;605509;HAS_ADDRESS
605511;605512;HAS_ADDRESS
605514;605515;HAS_ADDRESS
605517;605518;HAS_ADDRESS
605520;605521;HAS_ADDRESS
605523;605524;HAS_ADDRESS
605526;605527;HAS_ADDRESS
605529;605530;HAS_ADDRESS
605532;605533;HAS_ADDRESS
605535;605536;HAS_ADDRESS
605538;605539;HAS_ADDRESS
605541;605542;HAS_ADDRESS
605544;605545;HAS_ADDRESS
605547;605548;HAS_ADDRESS
605550;605551;HAS_ADDRESS
605553;605554;HAS_ADDRESS
605556;605557;HAS_ADDRESS
605559;605560;HAS_ADDRESS
605562;605563;HAS_ADDRESS
605565;605566;HAS_ADDRESS
605568;605569;HAS_ADDRESS
605571;605572;HAS_ADDRESS
605574;605575;HAS_ADDRESS
605577;605578;HAS_ADDRESS
605580;605581;HAS_ADDRESS
605583;605584;HAS_ADDRESS
605586;605587;HAS_ADDRESS
605589;605590;HAS_ADDRESS
605592;605593;HAS_ADDRESS
605595;605596;HAS_ADDRESS
605598;605599;HAS_ADDRESS
605601;605602;HAS_ADDRESS
605604;605605;HAS_ADDRESS
605607;605608;HAS_ADDRESS
605610;605611;HAS_ADDRESS
605613;605614;HAS_ADDRESS
605616;605617;HAS_ADDRESS
605619;605620;HAS_ADDRESS
605622;605623;HAS_ADDRESS
605625;605626;HAS_ADDRESS
605628;605629;HAS_ADDRESS
605631;605632;HAS_ADDRESS
605634;605635;HAS_ADDRESS
605637;605638;HAS_ADDRESS
605640;605641;HAS_ADDRESS
605643;605644;HAS_ADDRESS
605646;605647;HAS_ADDRESS
605649;605650;HAS_ADDRESS
605652;605653;HAS_ADDRESS
605655;605656;HAS_ADDRESS
605658;605659;HAS_ADDRESS
605661;605662;HAS_ADDRESS
605664;605665;HAS_ADDRESS
605667;605668;HAS_ADDRESS
605670;605671;HAS_ADDRESS
605673;605674;HAS_ADDRESS
605676;605677;HAS_ADDRESS
605679;605680;HAS_ADDRESS
605682;605683;HAS_ADDRESS
605685;605686;HAS_ADDRESS
605688;605689;HAS_ADDRESS
605691;605692;HAS_ADDRESS
605694;605695;HAS_ADDRESS
605697;605698;HAS_ADDRESS
605700;605701;HAS_ADDRESS
605703;605704;HAS_ADDRESS
605706;605707;HAS_ADDRESS
605709;605710;HAS_ADDRESS
605712;605713;HAS_ADDRESS
605715;605716;HAS_ADDRESS
605718;605719;HAS_ADDRESS
605721;605722;HAS_ADDRESS
605724;605725;HAS_ADDRESS
605727;605728;HAS_ADDRESS
605730;605731;HAS_ADDRESS
605733;605734;HAS_ADDRESS
605736;605737;HAS_ADDRESS
605739;605740;HAS_ADDRESS
605742;605743;HAS_ADDRESS
605745;605746;HAS_ADDRESS
605748;605749;HAS_ADDRESS
605751;605752;HAS_ADDRESS
605754;605755;HAS_ADDRESS
605757;605758;HAS_ADDRESS
605760;605761;HAS_ADDRESS
605763;605764;HAS_ADDRESS
605766;605767;HAS_ADDRESS
605769;605770;HAS_ADDRESS
605772;605773;HAS_ADDRESS
605775;605776;HAS_ADDRESS
605778;605779;HAS_ADDRESS
605781;605782;HAS_ADDRESS
605784;605785;HAS_ADDRESS
605787;605788;HAS_ADDRESS
605790;605791;HAS_ADDRESS
605793;605794;HAS_ADDRESS
605796;605797;HAS_ADDRESS
605799;605800;HAS_ADDRESS
605802;605803;HAS_ADDRESS
605805;605806;HAS_ADDRESS
605808;605809;HAS_ADDRESS
605811;605812;HAS_ADDRESS
605814;605815;HAS_ADDRESS
605817;605818;HAS_ADDRESS
605820;605821;HAS_ADDRESS
605823;605824;HAS_ADDRESS
605826;605827;HAS_ADDRESS
605829;605830;HAS_ADDRESS
605832;605833;HAS_ADDRESS
605835;605836;HAS_ADDRESS
605838;605839;HAS_ADDRESS
605841;605842;HAS_ADDRESS
605844;605845;HAS_ADDRESS
605847;605848;HAS_ADDRESS
605850;605851;HAS_ADDRESS
605853;605854;HAS_ADDRESS
605856;605857;HAS_ADDRESS
605859;605860;HAS_ADDRESS
605862;605863;HAS_ADDRESS
605865;605866;HAS_ADDRESS
605868;605869;HAS_ADDRESS
605871;605872;HAS_ADDRESS
605874;605875;HAS_ADDRESS
605877;605878;HAS_ADDRESS
605880;605881;HAS_ADDRESS
605883;605884;HAS_ADDRESS
605886;605887;HAS_ADDRESS
605889;605890;HAS_ADDRESS
605892;605893;HAS_ADDRESS
605895;605896;HAS_ADDRESS
605898;605899;HAS_ADDRESS
605901;605902;HAS_ADDRESS
605904;605905;HAS_ADDRESS
605907;605908;HAS_ADDRESS
605910;605911;HAS_ADDRESS
605913;605914;HAS_ADDRESS
605916;605917;HAS_ADDRESS
605919;605920;HAS_ADDRESS
605922;605923;HAS_ADDRESS
605925;605926;HAS_ADDRESS
605928;605929;HAS_ADDRESS
605931;605932;HAS_ADDRESS
605934;605935;HAS_ADDRESS
605937;605938;HAS_ADDRESS
605940;605941;HAS_ADDRESS
605943;605944;HAS_ADDRESS
605946;605947;HAS_ADDRESS
605949;605950;HAS_ADDRESS
605952;605953;HAS_ADDRESS
605955;605956;HAS_ADDRESS
605958;605959;HAS_ADDRESS
605961;605962;HAS_ADDRESS
605964;605965;HAS_ADDRESS
605967;605968;HAS_ADDRESS
605970;605971;HAS_ADDRESS
605973;605974;HAS_ADDRESS
605976;605977;HAS_ADDRESS
605979;605980;HAS_ADDRESS
605982;605983;HAS_ADDRESS
605985;605986;HAS_ADDRESS
605988;605989;HAS_ADDRESS
605991;605992;HAS_ADDRESS
605994;605995;HAS_ADDRESS
605997;605998;HAS_ADDRESS
606000;606001;HAS_ADDRESS
606003;606004;HAS_ADDRESS
606006;606007;HAS_ADDRESS
606009;606010;HAS_ADDRESS
606012;606013;HAS_ADDRESS
606015;606016;HAS_ADDRESS
606018;606019;HAS_ADDRESS
606021;606022;HAS_ADDRESS
606024;606025;HAS_ADDRESS
606027;606028;HAS_ADDRESS
606030;606031;HAS_ADDRESS
606033;606034;HAS_ADDRESS
606036;606037;HAS_ADDRESS
606039;606040;HAS_ADDRESS
606042;606043;HAS_ADDRESS
606045;606046;HAS_ADDRESS
606048;606049;HAS_ADDRESS
606051;606052;HAS_ADDRESS
606054;606055;HAS_ADDRESS
606057;606058;HAS_ADDRESS
606060;606061;HAS_ADDRESS
606063;606064;HAS_ADDRESS
606066;606067;HAS_ADDRESS
606069;606070;HAS_ADDRESS
606072;606073;HAS_ADDRESS
606075;606076;HAS_ADDRESS
606078;606079;HAS_ADDRESS
606081;606082;HAS_ADDRESS
606084;606085;HAS_ADDRESS
606087;606088;HAS_ADDRESS
606090;606091;HAS_ADDRESS
606093;606094;HAS_ADDRESS
606096;606097;HAS_ADDRESS
606099;606100;HAS_ADDRESS
606102;606103;HAS_ADDRESS
606105;606106;HAS_ADDRESS
606108;606109;HAS_ADDRESS
606111;606112;HAS_ADDRESS
606114;606115;HAS_ADDRESS
606117;606118;HAS_ADDRESS
606120;606121;HAS_ADDRESS
606123;606124;HAS_ADDRESS
606126;606127;HAS_ADDRESS
606129;606130;HAS_ADDRESS
606132;606133;HAS_ADDRESS
606135;606136;HAS_ADDRESS
606138;606139;HAS_ADDRESS
606141;606142;HAS_ADDRESS
606144;606145;HAS_ADDRESS
606147;606148;HAS_ADDRESS
606150;606151;HAS_ADDRESS
606153;606154;HAS_ADDRESS
606156;606157;HAS_ADDRESS
606159;606160;HAS_ADDRESS
606162;606163;HAS_ADDRESS
606165;606166;HAS_ADDRESS
606168;606169;HAS_ADDRESS
606171;606172;HAS_ADDRESS
606174;606175;HAS_ADDRESS
606177;606178;HAS_ADDRESS
606180;606181;HAS_ADDRESS
606183;606184;HAS_ADDRESS
606186;606187;HAS_ADDRESS
606189;606190;HAS_ADDRESS
606192;606193;HAS_ADDRESS
606195;606196;HAS_ADDRESS
606198;606199;HAS_ADDRESS
606201;606202;HAS_ADDRESS
606204;606205;HAS_ADDRESS
606207;606208;HAS_ADDRESS
606210;606211;HAS_ADDRESS
606213;606214;HAS_ADDRESS
606216;606217;HAS_ADDRESS
606219;606220;HAS_ADDRESS
606222;606223;HAS_ADDRESS
606225;606226;HAS_ADDRESS
606228;606229;HAS_ADDRESS
606231;606232;HAS_ADDRESS
606234;606235;HAS_ADDRESS
606237;606238;HAS_ADDRESS
606240;606241;HAS_ADDRESS
606243;606244;HAS_ADDRESS
606246;606247;HAS_ADDRESS
606249;606250;HAS_ADDRESS
606252;606253;HAS_ADDRESS
606255;606256;HAS_ADDRESS
606258;606259;HAS_ADDRESS
606261;606262;HAS_ADDRESS
606264;606265;HAS_ADDRESS
606267;606268;HAS_ADDRESS
606270;606271;HAS_ADDRESS
606273;606274;HAS_ADDRESS
606276;606277;HAS_ADDRESS
606279;606280;HAS_ADDRESS
606282;606283;HAS_ADDRESS
606285;606286;HAS_ADDRESS
606288;606289;HAS_ADDRESS
606291;606292;HAS_ADDRESS
606294;606295;HAS_ADDRESS
606297;606298;HAS_ADDRESS
606300;606301;HAS_ADDRESS
606303;606304;HAS_ADDRESS
606306;606307;HAS_ADDRESS
606309;606310;HAS_ADDRESS
606312;606313;HAS_ADDRESS
606315;606316;HAS_ADDRESS
606318;606319;HAS_ADDRESS
606321;606322;HAS_ADDRESS
606324;606325;HAS_ADDRESS
606327;606328;HAS_ADDRESS
606330;606331;HAS_ADDRESS
606333;606334;HAS_ADDRESS
606336;606337;HAS_ADDRESS
606339;606340;HAS_ADDRESS
606342;606343;HAS_ADDRESS
606345;606346;HAS_ADDRESS
606348;606349;HAS_ADDRESS
606351;606352;HAS_ADDRESS
606354;606355;HAS_ADDRESS
606357;606358;HAS_ADDRESS
606360;606361;HAS_ADDRESS
606363;606364;HAS_ADDRESS
606366;606367;HAS_ADDRESS
606369;606370;HAS_ADDRESS
606372;606373;HAS_ADDRESS
606375;606376;HAS_ADDRESS
606378;606379;HAS_ADDRESS
606381;606382;HAS_ADDRESS
606384;606385;HAS_ADDRESS
606387;606388;HAS_ADDRESS
606390;606391;HAS_ADDRESS
606393;606394;HAS_ADDRESS
606396;606397;HAS_ADDRESS
606399;606400;HAS_ADDRESS
606402;606403;HAS_ADDRESS
606405;606406;HAS_ADDRESS
606408;606409;HAS_ADDRESS
606411;606412;HAS_ADDRESS
606414;606415;HAS_ADDRESS
606417;606418;HAS_ADDRESS
606420;606421;HAS_ADDRESS
606423;606424;HAS_ADDRESS
606426;606427;HAS_ADDRESS
606429;606430;HAS_ADDRESS
606432;606433;HAS_ADDRESS
606435;606436;HAS_ADDRESS
606438;606439;HAS_ADDRESS
606441;606442;HAS_ADDRESS
606444;606445;HAS_ADDRESS
606447;606448;HAS_ADDRESS
606450;606451;HAS_ADDRESS
606453;606454;HAS_ADDRESS
606456;606457;HAS_ADDRESS
606459;606460;HAS_ADDRESS
606462;606463;HAS_ADDRESS
606465;606466;HAS_ADDRESS
606468;606469;HAS_ADDRESS
606471;606472;HAS_ADDRESS
606474;606475;HAS_ADDRESS
606477;606478;HAS_ADDRESS
606480;606481;HAS_ADDRESS
606483;606484;HAS_ADDRESS
606486;606487;HAS_ADDRESS
606489;606490;HAS_ADDRESS
606492;606493;HAS_ADDRESS
606495;606496;HAS_ADDRESS
606498;606499;HAS_ADDRESS
606501;606502;HAS_ADDRESS
606504;606505;HAS_ADDRESS
606507;606508;HAS_ADDRESS
606510;606511;HAS_ADDRESS
606513;606514;HAS_ADDRESS
606516;606517;HAS_ADDRESS
606519;606520;HAS_ADDRESS
606522;606523;HAS_ADDRESS
606525;606526;HAS_ADDRESS
606528;606529;HAS_ADDRESS
606531;606532;HAS_ADDRESS
606534;606535;HAS_ADDRESS
606537;606538;HAS_ADDRESS
606540;606541;HAS_ADDRESS
606543;606544;HAS_ADDRESS
606546;606547;HAS_ADDRESS
606549;606550;HAS_ADDRESS
606552;606553;HAS_ADDRESS
606555;606556;HAS_ADDRESS
606558;606559;HAS_ADDRESS
606561;606562;HAS_ADDRESS
606564;606565;HAS_ADDRESS
606567;606568;HAS_ADDRESS
606570;606571;HAS_ADDRESS
606573;606574;HAS_ADDRESS
606576;606577;HAS_ADDRESS
606579;606580;HAS_ADDRESS
606582;606583;HAS_ADDRESS
606585;606586;HAS_ADDRESS
606588;606589;HAS_ADDRESS
606591;606592;HAS_ADDRESS
606594;606595;HAS_ADDRESS
606597;606598;HAS_ADDRESS
606600;606601;HAS_ADDRESS
606603;606604;HAS_ADDRESS
606606;606607;HAS_ADDRESS
606609;606610;HAS_ADDRESS
606612;606613;HAS_ADDRESS
606615;606616;HAS_ADDRESS
606618;606619;HAS_ADDRESS
606621;606622;HAS_ADDRESS
606624;606625;HAS_ADDRESS
606627;606628;HAS_ADDRESS
606630;606631;HAS_ADDRESS
606633;606634;HAS_ADDRESS
606636;606637;HAS_ADDRESS
606639;606640;HAS_ADDRESS
606642;606643;HAS_ADDRESS
606645;606646;HAS_ADDRESS
606648;606649;HAS_ADDRESS
606651;606652;HAS_ADDRESS
606654;606655;HAS_ADDRESS
606657;606658;HAS_ADDRESS
606660;606661;HAS_ADDRESS
606663;606664;HAS_ADDRESS
606666;606667;HAS_ADDRESS
606669;606670;HAS_ADDRESS
606672;606673;HAS_ADDRESS
606675;606676;HAS_ADDRESS
606678;606679;HAS_ADDRESS
606681;606682;HAS_ADDRESS
606684;606685;HAS_ADDRESS
606687;606688;HAS_ADDRESS
606690;606691;HAS_ADDRESS
606693;606694;HAS_ADDRESS
606696;606697;HAS_ADDRESS
606699;606700;HAS_ADDRESS
606702;606703;HAS_ADDRESS
606705;606706;HAS_ADDRESS
606708;606709;HAS_ADDRESS
606711;606712;HAS_ADDRESS
606714;606715;HAS_ADDRESS
606717;606718;HAS_ADDRESS
606720;606721;HAS_ADDRESS
606723;606724;HAS_ADDRESS
606726;606727;HAS_ADDRESS
606729;606730;HAS_ADDRESS
606732;606733;HAS_ADDRESS
606735;606736;HAS_ADDRESS
606738;606739;HAS_ADDRESS
606741;606742;HAS_ADDRESS
606744;606745;HAS_ADDRESS
606747;606748;HAS_ADDRESS
606750;606751;HAS_ADDRESS
606753;606754;HAS_ADDRESS
606756;606757;HAS_ADDRESS
606759;606760;HAS_ADDRESS
606762;606763;HAS_ADDRESS
606765;606766;HAS_ADDRESS
606768;606769;HAS_ADDRESS
606771;606772;HAS_ADDRESS
606774;606775;HAS_ADDRESS
606777;606778;HAS_ADDRESS
606780;606781;HAS_ADDRESS
606783;606784;HAS_ADDRESS
606786;606787;HAS_ADDRESS
606789;606790;HAS_ADDRESS
606792;606793;HAS_ADDRESS
606795;606796;HAS_ADDRESS
606798;606799;HAS_ADDRESS
606801;606802;HAS_ADDRESS
606804;606805;HAS_ADDRESS
606807;606808;HAS_ADDRESS
606810;606811;HAS_ADDRESS
606813;606814;HAS_ADDRESS
606816;606817;HAS_ADDRESS
606819;606820;HAS_ADDRESS
606822;606823;HAS_ADDRESS
606825;606826;HAS_ADDRESS
606828;606829;HAS_ADDRESS
606831;606832;HAS_ADDRESS
606834;606835;HAS_ADDRESS
606837;606838;HAS_ADDRESS
606840;606841;HAS_ADDRESS
606843;606844;HAS_ADDRESS
606846;606847;HAS_ADDRESS
606849;606850;HAS_ADDRESS
606852;606853;HAS_ADDRESS
606855;606856;HAS_ADDRESS
606858;606859;HAS_ADDRESS
606861;606862;HAS_ADDRESS
606864;606865;HAS_ADDRESS
606867;606868;HAS_ADDRESS
606870;606871;HAS_ADDRESS
606873;606874;HAS_ADDRESS
606876;606877;HAS_ADDRESS
606879;606880;HAS_ADDRESS
606882;606883;HAS_ADDRESS
606885;606886;HAS_ADDRESS
606888;606889;HAS_ADDRESS
606891;606892;HAS_ADDRESS
606894;606895;HAS_ADDRESS
606897;606898;HAS_ADDRESS
606900;606901;HAS_ADDRESS
606903;606904;HAS_ADDRESS
606906;606907;HAS_ADDRESS
606909;606910;HAS_ADDRESS
606912;606913;HAS_ADDRESS
606915;606916;HAS_ADDRESS
606918;606919;HAS_ADDRESS
606921;606922;HAS_ADDRESS
606924;606925;HAS_ADDRESS
606927;606928;HAS_ADDRESS
606930;606931;HAS_ADDRESS
606933;606934;HAS_ADDRESS
606936;606937;HAS_ADDRESS
606939;606940;HAS_ADDRESS
606942;606943;HAS_ADDRESS
606945;606946;HAS_ADDRESS
606948;606949;HAS_ADDRESS
606951;606952;HAS_ADDRESS
606954;606955;HAS_ADDRESS
606957;606958;HAS_ADDRESS
606960;606961;HAS_ADDRESS
606963;606964;HAS_ADDRESS
606966;606967;HAS_ADDRESS
606969;606970;HAS_ADDRESS
606972;606973;HAS_ADDRESS
606975;606976;HAS_ADDRESS
606978;606979;HAS_ADDRESS
606981;606982;HAS_ADDRESS
606984;606985;HAS_ADDRESS
606987;606988;HAS_ADDRESS
606990;606991;HAS_ADDRESS
606993;606994;HAS_ADDRESS
606996;606997;HAS_ADDRESS
606999;607000;HAS_ADDRESS
607002;607003;HAS_ADDRESS
607005;607006;HAS_ADDRESS
607008;607009;HAS_ADDRESS
607011;607012;HAS_ADDRESS
607014;607015;HAS_ADDRESS
607017;607018;HAS_ADDRESS
607020;607021;HAS_ADDRESS
607023;607024;HAS_ADDRESS
607026;607027;HAS_ADDRESS
607029;607030;HAS_ADDRESS
607032;607033;HAS_ADDRESS
607035;607036;HAS_ADDRESS
607038;607039;HAS_ADDRESS
607041;607042;HAS_ADDRESS
607044;607045;HAS_ADDRESS
607047;607048;HAS_ADDRESS
607050;607051;HAS_ADDRESS
607053;607054;HAS_ADDRESS
607056;607057;HAS_ADDRESS
607059;607060;HAS_ADDRESS
607062;607063;HAS_ADDRESS
607065;607066;HAS_ADDRESS
607068;607069;HAS_ADDRESS
607071;607072;HAS_ADDRESS
607074;607075;HAS_ADDRESS
607077;607078;HAS_ADDRESS
607080;607081;HAS_ADDRESS
607083;607084;HAS_ADDRESS
607086;607087;HAS_ADDRESS
607089;607090;HAS_ADDRESS
607092;607093;HAS_ADDRESS
607095;607096;HAS_ADDRESS
607098;607099;HAS_ADDRESS
607101;607102;HAS_ADDRESS
607104;607105;HAS_ADDRESS
607107;607108;HAS_ADDRESS
607110;607111;HAS_ADDRESS
607113;607114;HAS_ADDRESS
607116;607117;HAS_ADDRESS
607119;607120;HAS_ADDRESS
607122;607123;HAS_ADDRESS
607125;607126;HAS_ADDRESS
607128;607129;HAS_ADDRESS
607131;607132;HAS_ADDRESS
607134;607135;HAS_ADDRESS
607137;607138;HAS_ADDRESS
607140;607141;HAS_ADDRESS
607143;607144;HAS_ADDRESS
607146;607147;HAS_ADDRESS
607149;607150;HAS_ADDRESS
607152;607153;HAS_ADDRESS
607155;607156;HAS_ADDRESS
607158;607159;HAS_ADDRESS
607161;607162;HAS_ADDRESS
607164;607165;HAS_ADDRESS
607167;607168;HAS_ADDRESS
607170;607171;HAS_ADDRESS
607173;607174;HAS_ADDRESS
607176;607177;HAS_ADDRESS
607179;607180;HAS_ADDRESS
607182;607183;HAS_ADDRESS
607185;607186;HAS_ADDRESS
607188;607189;HAS_ADDRESS
607191;607192;HAS_ADDRESS
607194;607195;HAS_ADDRESS
607197;607198;HAS_ADDRESS
607200;607201;HAS_ADDRESS
607203;607204;HAS_ADDRESS
607206;607207;HAS_ADDRESS
607209;607210;HAS_ADDRESS
607212;607213;HAS_ADDRESS
607215;607216;HAS_ADDRESS
607218;607219;HAS_ADDRESS
607221;607222;HAS_ADDRESS
607224;607225;HAS_ADDRESS
607227;607228;HAS_ADDRESS
607230;607231;HAS_ADDRESS
607233;607234;HAS_ADDRESS
607236;607237;HAS_ADDRESS
607239;607240;HAS_ADDRESS
607242;607243;HAS_ADDRESS
607245;607246;HAS_ADDRESS
607248;607249;HAS_ADDRESS
607251;607252;HAS_ADDRESS
607254;607255;HAS_ADDRESS
607257;607258;HAS_ADDRESS
607260;607261;HAS_ADDRESS
607263;607264;HAS_ADDRESS
607266;607267;HAS_ADDRESS
607269;607270;HAS_ADDRESS
607272;607273;HAS_ADDRESS
607275;607276;HAS_ADDRESS
607278;607279;HAS_ADDRESS
607281;607282;HAS_ADDRESS
607284;607285;HAS_ADDRESS
607287;607288;HAS_ADDRESS
607290;607291;HAS_ADDRESS
607293;607294;HAS_ADDRESS
607296;607297;HAS_ADDRESS
607299;607300;HAS_ADDRESS
607302;607303;HAS_ADDRESS
607305;607306;HAS_ADDRESS
607308;607309;HAS_ADDRESS
607311;607312;HAS_ADDRESS
607314;607315;HAS_ADDRESS
607317;607318;HAS_ADDRESS
607320;607321;HAS_ADDRESS
607323;607324;HAS_ADDRESS
607326;607327;HAS_ADDRESS
607329;607330;HAS_ADDRESS
607332;607333;HAS_ADDRESS
607335;607336;HAS_ADDRESS
607338;607339;HAS_ADDRESS
607341;607342;HAS_ADDRESS
607344;607345;HAS_ADDRESS
607347;607348;HAS_ADDRESS
607350;607351;HAS_ADDRESS
607353;607354;HAS_ADDRESS
607356;607357;HAS_ADDRESS
607359;607360;HAS_ADDRESS
607362;607363;HAS_ADDRESS
607365;607366;HAS_ADDRESS
607368;607369;HAS_ADDRESS
607371;607372;HAS_ADDRESS
607374;607375;HAS_ADDRESS
607377;607378;HAS_ADDRESS
607380;607381;HAS_ADDRESS
607383;607384;HAS_ADDRESS
607386;607387;HAS_ADDRESS
607389;607390;HAS_ADDRESS
607392;607393;HAS_ADDRESS
607395;607396;HAS_ADDRESS
607398;607399;HAS_ADDRESS
607401;607402;HAS_ADDRESS
607404;607405;HAS_ADDRESS
607407;607408;HAS_ADDRESS
607410;607411;HAS_ADDRESS
607413;607414;HAS_ADDRESS
607416;607417;HAS_ADDRESS
607419;607420;HAS_ADDRESS
607422;607423;HAS_ADDRESS
607425;607426;HAS_ADDRESS
607428;607429;HAS_ADDRESS
607431;607432;HAS_ADDRESS
607434;607435;HAS_ADDRESS
607437;607438;HAS_ADDRESS
607440;607441;HAS_ADDRESS
607443;607444;HAS_ADDRESS
607446;607447;HAS_ADDRESS
607449;607450;HAS_ADDRESS
607452;607453;HAS_ADDRESS
607455;607456;HAS_ADDRESS
607458;607459;HAS_ADDRESS
607461;607462;HAS_ADDRESS
607464;607465;HAS_ADDRESS
607467;607468;HAS_ADDRESS
607470;607471;HAS_ADDRESS
607473;607474;HAS_ADDRESS
607476;607477;HAS_ADDRESS
607479;607480;HAS_ADDRESS
607482;607483;HAS_ADDRESS
607485;607486;HAS_ADDRESS
607488;607489;HAS_ADDRESS
607491;607492;HAS_ADDRESS
607494;607495;HAS_ADDRESS
607497;607498;HAS_ADDRESS
607500;607501;HAS_ADDRESS
607503;607504;HAS_ADDRESS
607506;607507;HAS_ADDRESS
607509;607510;HAS_ADDRESS
607512;607513;HAS_ADDRESS
607515;607516;HAS_ADDRESS
607518;607519;HAS_ADDRESS
607521;607522;HAS_ADDRESS
607524;607525;HAS_ADDRESS
607527;607528;HAS_ADDRESS
607530;607531;HAS_ADDRESS
607533;607534;HAS_ADDRESS
607536;607537;HAS_ADDRESS
607539;607540;HAS_ADDRESS
607542;607543;HAS_ADDRESS
607545;607546;HAS_ADDRESS
607548;607549;HAS_ADDRESS
607551;607552;HAS_ADDRESS
607554;607555;HAS_ADDRESS
607557;607558;HAS_ADDRESS
607560;607561;HAS_ADDRESS
607563;607564;HAS_ADDRESS
607566;607567;HAS_ADDRESS
607569;607570;HAS_ADDRESS
607572;607573;HAS_ADDRESS
607575;607576;HAS_ADDRESS
607578;607579;HAS_ADDRESS
607581;607582;HAS_ADDRESS
607584;607585;HAS_ADDRESS
607587;607588;HAS_ADDRESS
607590;607591;HAS_ADDRESS
607593;607594;HAS_ADDRESS
607596;607597;HAS_ADDRESS
607599;607600;HAS_ADDRESS
607602;607603;HAS_ADDRESS
607605;607606;HAS_ADDRESS
607608;607609;HAS_ADDRESS
607611;607612;HAS_ADDRESS
607614;607615;HAS_ADDRESS
607617;607618;HAS_ADDRESS
607620;607621;HAS_ADDRESS
607623;607624;HAS_ADDRESS
607626;607627;HAS_ADDRESS
607629;607630;HAS_ADDRESS
607632;607633;HAS_ADDRESS
607635;607636;HAS_ADDRESS
607638;607639;HAS_ADDRESS
607641;607642;HAS_ADDRESS
607644;607645;HAS_ADDRESS
607647;607648;HAS_ADDRESS
607650;607651;HAS_ADDRESS
607653;607654;HAS_ADDRESS
607656;607657;HAS_ADDRESS
607659;607660;HAS_ADDRESS
607662;607663;HAS_ADDRESS
607665;607666;HAS_ADDRESS
607668;607669;HAS_ADDRESS
607671;607672;HAS_ADDRESS
607674;607675;HAS_ADDRESS
607677;607678;HAS_ADDRESS
607680;607681;HAS_ADDRESS
607683;607684;HAS_ADDRESS
607686;607687;HAS_ADDRESS
607689;607690;HAS_ADDRESS
607692;607693;HAS_ADDRESS
607695;607696;HAS_ADDRESS
607698;607699;HAS_ADDRESS
607701;607702;HAS_ADDRESS
607704;607705;HAS_ADDRESS
607707;607708;HAS_ADDRESS
607710;607711;HAS_ADDRESS
607713;607714;HAS_ADDRESS
607716;607717;HAS_ADDRESS
607719;607720;HAS_ADDRESS
607722;607723;HAS_ADDRESS
607725;607726;HAS_ADDRESS
607728;607729;HAS_ADDRESS
607731;607732;HAS_ADDRESS
607734;607735;HAS_ADDRESS
607737;607738;HAS_ADDRESS
607740;607741;HAS_ADDRESS
607743;607744;HAS_ADDRESS
607746;607747;HAS_ADDRESS
607749;607750;HAS_ADDRESS
607752;607753;HAS_ADDRESS
607755;607756;HAS_ADDRESS
607758;607759;HAS_ADDRESS
607761;607762;HAS_ADDRESS
607764;607765;HAS_ADDRESS
607767;607768;HAS_ADDRESS
607770;607771;HAS_ADDRESS
607773;607774;HAS_ADDRESS
607776;607777;HAS_ADDRESS
607779;607780;HAS_ADDRESS
607782;607783;HAS_ADDRESS
607785;607786;HAS_ADDRESS
607788;607789;HAS_ADDRESS
607791;607792;HAS_ADDRESS
607794;607795;HAS_ADDRESS
607797;607798;HAS_ADDRESS
607800;607801;HAS_ADDRESS
607803;607804;HAS_ADDRESS
607806;607807;HAS_ADDRESS
607809;607810;HAS_ADDRESS
607812;607813;HAS_ADDRESS
607815;607816;HAS_ADDRESS
607818;607819;HAS_ADDRESS
607821;607822;HAS_ADDRESS
607824;607825;HAS_ADDRESS
607827;607828;HAS_ADDRESS
607830;607831;HAS_ADDRESS
607833;607834;HAS_ADDRESS
607836;607837;HAS_ADDRESS
607839;607840;HAS_ADDRESS
607842;607843;HAS_ADDRESS
607845;607846;HAS_ADDRESS
607848;607849;HAS_ADDRESS
607851;607852;HAS_ADDRESS
607854;607855;HAS_ADDRESS
607857;607858;HAS_ADDRESS
607860;607861;HAS_ADDRESS
607863;607864;HAS_ADDRESS
607866;607867;HAS_ADDRESS
607869;607870;HAS_ADDRESS
607872;607873;HAS_ADDRESS
607875;607876;HAS_ADDRESS
607878;607879;HAS_ADDRESS
607881;607882;HAS_ADDRESS
607884;607885;HAS_ADDRESS
607887;607888;HAS_ADDRESS
607890;607891;HAS_ADDRESS
607893;607894;HAS_ADDRESS
607896;607897;HAS_ADDRESS
607899;607900;HAS_ADDRESS
607902;607903;HAS_ADDRESS
607905;607906;HAS_ADDRESS
607908;607909;HAS_ADDRESS
607911;607912;HAS_ADDRESS
607914;607915;HAS_ADDRESS
607917;607918;HAS_ADDRESS
607920;607921;HAS_ADDRESS
607923;607924;HAS_ADDRESS
607926;607927;HAS_ADDRESS
607929;607930;HAS_ADDRESS
607932;607933;HAS_ADDRESS
607935;607936;HAS_ADDRESS
607938;607939;HAS_ADDRESS
607941;607942;HAS_ADDRESS
607944;607945;HAS_ADDRESS
607947;607948;HAS_ADDRESS
607950;607951;HAS_ADDRESS
607953;607954;HAS_ADDRESS
607956;607957;HAS_ADDRESS
607959;607960;HAS_ADDRESS
607962;607963;HAS_ADDRESS
607965;607966;HAS_ADDRESS
607968;607969;HAS_ADDRESS
607971;607972;HAS_ADDRESS
607974;607975;HAS_ADDRESS
607977;607978;HAS_ADDRESS
607980;607981;HAS_ADDRESS
607983;607984;HAS_ADDRESS
607986;607987;HAS_ADDRESS
607989;607990;HAS_ADDRESS
607992;607993;HAS_ADDRESS
607995;607996;HAS_ADDRESS
607998;607999;HAS_ADDRESS
608001;608002;HAS_ADDRESS
608004;608005;HAS_ADDRESS
608007;608008;HAS_ADDRESS
608010;608011;HAS_ADDRESS
608013;608014;HAS_ADDRESS
608016;608017;HAS_ADDRESS
608019;608020;HAS_ADDRESS
608022;608023;HAS_ADDRESS
608025;608026;HAS_ADDRESS
608028;608029;HAS_ADDRESS
608031;608032;HAS_ADDRESS
608034;608035;HAS_ADDRESS
608037;608038;HAS_ADDRESS
608040;608041;HAS_ADDRESS
608043;608044;HAS_ADDRESS
608046;608047;HAS_ADDRESS
608049;608050;HAS_ADDRESS
608052;608053;HAS_ADDRESS
608055;608056;HAS_ADDRESS
608058;608059;HAS_ADDRESS
608061;608062;HAS_ADDRESS
608064;608065;HAS_ADDRESS
608067;608068;HAS_ADDRESS
608070;608071;HAS_ADDRESS
608073;608074;HAS_ADDRESS
608076;608077;HAS_ADDRESS
608079;608080;HAS_ADDRESS
608082;608083;HAS_ADDRESS
608085;608086;HAS_ADDRESS
608088;608089;HAS_ADDRESS
608091;608092;HAS_ADDRESS
608094;608095;HAS_ADDRESS
608097;608098;HAS_ADDRESS
608100;608101;HAS_ADDRESS
608103;608104;HAS_ADDRESS
608106;608107;HAS_ADDRESS
608109;608110;HAS_ADDRESS
608112;608113;HAS_ADDRESS
608115;608116;HAS_ADDRESS
608118;608119;HAS_ADDRESS
608121;608122;HAS_ADDRESS
608124;608125;HAS_ADDRESS
608127;608128;HAS_ADDRESS
608130;608131;HAS_ADDRESS
608133;608134;HAS_ADDRESS
608136;608137;HAS_ADDRESS
608139;608140;HAS_ADDRESS
608142;608143;HAS_ADDRESS
608145;608146;HAS_ADDRESS
608148;608149;HAS_ADDRESS
608151;608152;HAS_ADDRESS
608154;608155;HAS_ADDRESS
608157;608158;HAS_ADDRESS
608160;608161;HAS_ADDRESS
608163;608164;HAS_ADDRESS
608166;608167;HAS_ADDRESS
608169;608170;HAS_ADDRESS
608172;608173;HAS_ADDRESS
608175;608176;HAS_ADDRESS
608178;608179;HAS_ADDRESS
608181;608182;HAS_ADDRESS
608184;608185;HAS_ADDRESS
608187;608188;HAS_ADDRESS
608190;608191;HAS_ADDRESS
608193;608194;HAS_ADDRESS
608196;608197;HAS_ADDRESS
608199;608200;HAS_ADDRESS
608202;608203;HAS_ADDRESS
608205;608206;HAS_ADDRESS
608208;608209;HAS_ADDRESS
608211;608212;HAS_ADDRESS
608214;608215;HAS_ADDRESS
608217;608218;HAS_ADDRESS
608220;608221;HAS_ADDRESS
608223;608224;HAS_ADDRESS
608226;608227;HAS_ADDRESS
608229;608230;HAS_ADDRESS
608232;608233;HAS_ADDRESS
608235;608236;HAS_ADDRESS
608238;608239;HAS_ADDRESS
608241;608242;HAS_ADDRESS
608244;608245;HAS_ADDRESS
608247;608248;HAS_ADDRESS
608250;608251;HAS_ADDRESS
608253;608254;HAS_ADDRESS
608256;608257;HAS_ADDRESS
608259;608260;HAS_ADDRESS
608262;608263;HAS_ADDRESS
608265;608266;HAS_ADDRESS
608268;608269;HAS_ADDRESS
608271;608272;HAS_ADDRESS
608274;608275;HAS_ADDRESS
608277;608278;HAS_ADDRESS
608280;608281;HAS_ADDRESS
608283;608284;HAS_ADDRESS
608286;608287;HAS_ADDRESS
608289;608290;HAS_ADDRESS
608292;608293;HAS_ADDRESS
608295;608296;HAS_ADDRESS
608298;608299;HAS_ADDRESS
608301;608302;HAS_ADDRESS
608304;608305;HAS_ADDRESS
608307;608308;HAS_ADDRESS
608310;608311;HAS_ADDRESS
608313;608314;HAS_ADDRESS
608316;608317;HAS_ADDRESS
608319;608320;HAS_ADDRESS
608322;608323;HAS_ADDRESS
608325;608326;HAS_ADDRESS
608328;608329;HAS_ADDRESS
608331;608332;HAS_ADDRESS
608334;608335;HAS_ADDRESS
608337;608338;HAS_ADDRESS
608340;608341;HAS_ADDRESS
608343;608344;HAS_ADDRESS
608346;608347;HAS_ADDRESS
608349;608350;HAS_ADDRESS
608352;608353;HAS_ADDRESS
608355;608356;HAS_ADDRESS
608358;608359;HAS_ADDRESS
608361;608362;HAS_ADDRESS
608364;608365;HAS_ADDRESS
608367;608368;HAS_ADDRESS
608370;608371;HAS_ADDRESS
608373;608374;HAS_ADDRESS
608376;608377;HAS_ADDRESS
608379;608380;HAS_ADDRESS
608382;608383;HAS_ADDRESS
608385;608386;HAS_ADDRESS
608388;608389;HAS_ADDRESS
608391;608392;HAS_ADDRESS
608394;608395;HAS_ADDRESS
608397;608398;HAS_ADDRESS
608400;608401;HAS_ADDRESS
608403;608404;HAS_ADDRESS
608406;608407;HAS_ADDRESS
608409;608410;HAS_ADDRESS
608412;608413;HAS_ADDRESS
608415;608416;HAS_ADDRESS
608418;608419;HAS_ADDRESS
608421;608422;HAS_ADDRESS
608424;608425;HAS_ADDRESS
608427;608428;HAS_ADDRESS
608430;608431;HAS_ADDRESS
608433;608434;HAS_ADDRESS
608436;608437;HAS_ADDRESS
608439;608440;HAS_ADDRESS
608442;608443;HAS_ADDRESS
608445;608446;HAS_ADDRESS
608448;608449;HAS_ADDRESS
608451;608452;HAS_ADDRESS
608454;608455;HAS_ADDRESS
608457;608458;HAS_ADDRESS
608460;608461;HAS_ADDRESS
608463;608464;HAS_ADDRESS
608466;608467;HAS_ADDRESS
608469;608470;HAS_ADDRESS
608472;608473;HAS_ADDRESS
608475;608476;HAS_ADDRESS
608478;608479;HAS_ADDRESS
608481;608482;HAS_ADDRESS
608484;608485;HAS_ADDRESS
608487;608488;HAS_ADDRESS
608490;608491;HAS_ADDRESS
608493;608494;HAS_ADDRESS
608496;608497;HAS_ADDRESS
608499;608500;HAS_ADDRESS
608502;608503;HAS_ADDRESS
608505;608506;HAS_ADDRESS
608508;608509;HAS_ADDRESS
608511;608512;HAS_ADDRESS
608514;608515;HAS_ADDRESS
608517;608518;HAS_ADDRESS
608520;608521;HAS_ADDRESS
608523;608524;HAS_ADDRESS
608526;608527;HAS_ADDRESS
608529;608530;HAS_ADDRESS
608532;608533;HAS_ADDRESS
608535;608536;HAS_ADDRESS
608538;608539;HAS_ADDRESS
608541;608542;HAS_ADDRESS
608544;608545;HAS_ADDRESS
608547;608548;HAS_ADDRESS
608550;608551;HAS_ADDRESS
608553;608554;HAS_ADDRESS
608556;608557;HAS_ADDRESS
608559;608560;HAS_ADDRESS
608562;608563;HAS_ADDRESS
608565;608566;HAS_ADDRESS
608568;608569;HAS_ADDRESS
608571;608572;HAS_ADDRESS
608574;608575;HAS_ADDRESS
608577;608578;HAS_ADDRESS
608580;608581;HAS_ADDRESS
608583;608584;HAS_ADDRESS
608586;608587;HAS_ADDRESS
608589;608590;HAS_ADDRESS
608592;608593;HAS_ADDRESS
608595;608596;HAS_ADDRESS
608598;608599;HAS_ADDRESS
608601;608602;HAS_ADDRESS
608604;608605;HAS_ADDRESS
608607;608608;HAS_ADDRESS
608610;608611;HAS_ADDRESS
608613;608614;HAS_ADDRESS
608616;608617;HAS_ADDRESS
608619;608620;HAS_ADDRESS
608622;608623;HAS_ADDRESS
608625;608626;HAS_ADDRESS
608628;608629;HAS_ADDRESS
608631;608632;HAS_ADDRESS
608634;608635;HAS_ADDRESS
608637;608638;HAS_ADDRESS
608640;608641;HAS_ADDRESS
608643;608644;HAS_ADDRESS
608646;608647;HAS_ADDRESS
608649;608650;HAS_ADDRESS
608652;608653;HAS_ADDRESS
608655;608656;HAS_ADDRESS
608658;608659;HAS_ADDRESS
608661;608662;HAS_ADDRESS
608664;608665;HAS_ADDRESS
608667;608668;HAS_ADDRESS
608670;608671;HAS_ADDRESS
608673;608674;HAS_ADDRESS
608676;608677;HAS_ADDRESS
608679;608680;HAS_ADDRESS
608682;608683;HAS_ADDRESS
608685;608686;HAS_ADDRESS
608688;608689;HAS_ADDRESS
608691;608692;HAS_ADDRESS
608694;608695;HAS_ADDRESS
608697;608698;HAS_ADDRESS
608700;608701;HAS_ADDRESS
608703;608704;HAS_ADDRESS
608706;608707;HAS_ADDRESS
608709;608710;HAS_ADDRESS
608712;608713;HAS_ADDRESS
608715;608716;HAS_ADDRESS
608718;608719;HAS_ADDRESS
608721;608722;HAS_ADDRESS
608724;608725;HAS_ADDRESS
608727;608728;HAS_ADDRESS
608730;608731;HAS_ADDRESS
608733;608734;HAS_ADDRESS
608736;608737;HAS_ADDRESS
608739;608740;HAS_ADDRESS
608742;608743;HAS_ADDRESS
608745;608746;HAS_ADDRESS
608748;608749;HAS_ADDRESS
608751;608752;HAS_ADDRESS
608754;608755;HAS_ADDRESS
608757;608758;HAS_ADDRESS
608760;608761;HAS_ADDRESS
608763;608764;HAS_ADDRESS
608766;608767;HAS_ADDRESS
608769;608770;HAS_ADDRESS
608772;608773;HAS_ADDRESS
608775;608776;HAS_ADDRESS
608778;608779;HAS_ADDRESS
608781;608782;HAS_ADDRESS
608784;608785;HAS_ADDRESS
608787;608788;HAS_ADDRESS
608790;608791;HAS_ADDRESS
608793;608794;HAS_ADDRESS
608796;608797;HAS_ADDRESS
608799;608800;HAS_ADDRESS
608802;608803;HAS_ADDRESS
608805;608806;HAS_ADDRESS
608808;608809;HAS_ADDRESS
608811;608812;HAS_ADDRESS
608814;608815;HAS_ADDRESS
608817;608818;HAS_ADDRESS
608820;608821;HAS_ADDRESS
608823;608824;HAS_ADDRESS
608826;608827;HAS_ADDRESS
608829;608830;HAS_ADDRESS
608832;608833;HAS_ADDRESS
608835;608836;HAS_ADDRESS
608838;608839;HAS_ADDRESS
608841;608842;HAS_ADDRESS
608844;608845;HAS_ADDRESS
608847;608848;HAS_ADDRESS
608850;608851;HAS_ADDRESS
608853;608854;HAS_ADDRESS
608856;608857;HAS_ADDRESS
608859;608860;HAS_ADDRESS
608862;608863;HAS_ADDRESS
608865;608866;HAS_ADDRESS
608868;608869;HAS_ADDRESS
608871;608872;HAS_ADDRESS
608874;608875;HAS_ADDRESS
608877;608878;HAS_ADDRESS
608880;608881;HAS_ADDRESS
608883;608884;HAS_ADDRESS
608886;608887;HAS_ADDRESS
608889;608890;HAS_ADDRESS
608892;608893;HAS_ADDRESS
608895;608896;HAS_ADDRESS
608898;608899;HAS_ADDRESS
608901;608902;HAS_ADDRESS
608904;608905;HAS_ADDRESS
608907;608908;HAS_ADDRESS
608910;608911;HAS_ADDRESS
608913;608914;HAS_ADDRESS
608916;608917;HAS_ADDRESS
608919;608920;HAS_ADDRESS
608922;608923;HAS_ADDRESS
608925;608926;HAS_ADDRESS
608928;608929;HAS_ADDRESS
608931;608932;HAS_ADDRESS
608934;608935;HAS_ADDRESS
608937;608938;HAS_ADDRESS
608940;608941;HAS_ADDRESS
608943;608944;HAS_ADDRESS
608946;608947;HAS_ADDRESS
608949;608950;HAS_ADDRESS
608952;608953;HAS_ADDRESS
608955;608956;HAS_ADDRESS
608958;608959;HAS_ADDRESS
608961;608962;HAS_ADDRESS
608964;608965;HAS_ADDRESS
608967;608968;HAS_ADDRESS
608970;608971;HAS_ADDRESS
608973;608974;HAS_ADDRESS
608976;608977;HAS_ADDRESS
608979;608980;HAS_ADDRESS
608982;608983;HAS_ADDRESS
608985;608986;HAS_ADDRESS
608988;608989;HAS_ADDRESS
608991;608992;HAS_ADDRESS
608994;608995;HAS_ADDRESS
608997;608998;HAS_ADDRESS
609000;609001;HAS_ADDRESS
609003;609004;HAS_ADDRESS
609006;609007;HAS_ADDRESS
609009;609010;HAS_ADDRESS
609012;609013;HAS_ADDRESS
609015;609016;HAS_ADDRESS
609018;609019;HAS_ADDRESS
609021;609022;HAS_ADDRESS
609024;609025;HAS_ADDRESS
609027;609028;HAS_ADDRESS
609030;609031;HAS_ADDRESS
609033;609034;HAS_ADDRESS
609036;609037;HAS_ADDRESS
609039;609040;HAS_ADDRESS
609042;609043;HAS_ADDRESS
609045;609046;HAS_ADDRESS
609048;609049;HAS_ADDRESS
609051;609052;HAS_ADDRESS
609054;609055;HAS_ADDRESS
609057;609058;HAS_ADDRESS
609060;609061;HAS_ADDRESS
609063;609064;HAS_ADDRESS
609066;609067;HAS_ADDRESS
609069;609070;HAS_ADDRESS
609072;609073;HAS_ADDRESS
609075;609076;HAS_ADDRESS
609078;609079;HAS_ADDRESS
609081;609082;HAS_ADDRESS
609084;609085;HAS_ADDRESS
609087;609088;HAS_ADDRESS
609090;609091;HAS_ADDRESS
609093;609094;HAS_ADDRESS
609096;609097;HAS_ADDRESS
609099;609100;HAS_ADDRESS
609102;609103;HAS_ADDRESS
609105;609106;HAS_ADDRESS
609108;609109;HAS_ADDRESS
609111;609112;HAS_ADDRESS
609114;609115;HAS_ADDRESS
609117;609118;HAS_ADDRESS
609120;609121;HAS_ADDRESS
609123;609124;HAS_ADDRESS
609126;609127;HAS_ADDRESS
609129;609130;HAS_ADDRESS
609132;609133;HAS_ADDRESS
609135;609136;HAS_ADDRESS
609138;609139;HAS_ADDRESS
609141;609142;HAS_ADDRESS
609144;609145;HAS_ADDRESS
609147;609148;HAS_ADDRESS
609150;609151;HAS_ADDRESS
609153;609154;HAS_ADDRESS
609156;609157;HAS_ADDRESS
609159;609160;HAS_ADDRESS
609162;609163;HAS_ADDRESS
609165;609166;HAS_ADDRESS
609168;609169;HAS_ADDRESS
609171;609172;HAS_ADDRESS
609174;609175;HAS_ADDRESS
609177;609178;HAS_ADDRESS
609180;609181;HAS_ADDRESS
609183;609184;HAS_ADDRESS
609186;609187;HAS_ADDRESS
609189;609190;HAS_ADDRESS
609192;609193;HAS_ADDRESS
609195;609196;HAS_ADDRESS
609198;609199;HAS_ADDRESS
609201;609202;HAS_ADDRESS
609204;609205;HAS_ADDRESS
609207;609208;HAS_ADDRESS
609210;609211;HAS_ADDRESS
609213;609214;HAS_ADDRESS
609216;609217;HAS_ADDRESS
609219;609220;HAS_ADDRESS
609222;609223;HAS_ADDRESS
609225;609226;HAS_ADDRESS
609228;609229;HAS_ADDRESS
609231;609232;HAS_ADDRESS
609234;609235;HAS_ADDRESS
609237;609238;HAS_ADDRESS
609240;609241;HAS_ADDRESS
609243;609244;HAS_ADDRESS
609246;609247;HAS_ADDRESS
609249;609250;HAS_ADDRESS
609252;609253;HAS_ADDRESS
609255;609256;HAS_ADDRESS
609258;609259;HAS_ADDRESS
609261;609262;HAS_ADDRESS
609264;609265;HAS_ADDRESS
609267;609268;HAS_ADDRESS
609270;609271;HAS_ADDRESS
609273;609274;HAS_ADDRESS
609276;609277;HAS_ADDRESS
609279;609280;HAS_ADDRESS
609282;609283;HAS_ADDRESS
609285;609286;HAS_ADDRESS
609288;609289;HAS_ADDRESS
609291;609292;HAS_ADDRESS
609294;609295;HAS_ADDRESS
609297;609298;HAS_ADDRESS
609300;609301;HAS_ADDRESS
609303;609304;HAS_ADDRESS
609306;609307;HAS_ADDRESS
609309;609310;HAS_ADDRESS
609312;609313;HAS_ADDRESS
609315;609316;HAS_ADDRESS
609318;609319;HAS_ADDRESS
609321;609322;HAS_ADDRESS
609324;609325;HAS_ADDRESS
609327;609328;HAS_ADDRESS
609330;609331;HAS_ADDRESS
609333;609334;HAS_ADDRESS
609336;609337;HAS_ADDRESS
609339;609340;HAS_ADDRESS
609342;609343;HAS_ADDRESS
609345;609346;HAS_ADDRESS
609348;609349;HAS_ADDRESS
609351;609352;HAS_ADDRESS
609354;609355;HAS_ADDRESS
609357;609358;HAS_ADDRESS
609360;609361;HAS_ADDRESS
609363;609364;HAS_ADDRESS
609366;609367;HAS_ADDRESS
609369;609370;HAS_ADDRESS
609372;609373;HAS_ADDRESS
609375;609376;HAS_ADDRESS
609378;609379;HAS_ADDRESS
609381;609382;HAS_ADDRESS
609384;609385;HAS_ADDRESS
609387;609388;HAS_ADDRESS
609390;609391;HAS_ADDRESS
609393;609394;HAS_ADDRESS
609396;609397;HAS_ADDRESS
609399;609400;HAS_ADDRESS
609402;609403;HAS_ADDRESS
609405;609406;HAS_ADDRESS
609408;609409;HAS_ADDRESS
609411;609412;HAS_ADDRESS
609414;609415;HAS_ADDRESS
609417;609418;HAS_ADDRESS
609420;609421;HAS_ADDRESS
609423;609424;HAS_ADDRESS
609426;609427;HAS_ADDRESS
609429;609430;HAS_ADDRESS
609432;609433;HAS_ADDRESS
609435;609436;HAS_ADDRESS
609438;609439;HAS_ADDRESS
609441;609442;HAS_ADDRESS
609444;609445;HAS_ADDRESS
609447;609448;HAS_ADDRESS
609450;609451;HAS_ADDRESS
609453;609454;HAS_ADDRESS
609456;609457;HAS_ADDRESS
609459;609460;HAS_ADDRESS
609462;609463;HAS_ADDRESS
609465;609466;HAS_ADDRESS
609468;609469;HAS_ADDRESS
609471;609472;HAS_ADDRESS
609474;609475;HAS_ADDRESS
609477;609478;HAS_ADDRESS
609480;609481;HAS_ADDRESS
609483;609484;HAS_ADDRESS
609486;609487;HAS_ADDRESS
609489;609490;HAS_ADDRESS
609492;609493;HAS_ADDRESS
609495;609496;HAS_ADDRESS
609498;609499;HAS_ADDRESS
609501;609502;HAS_ADDRESS
609504;609505;HAS_ADDRESS
609507;609508;HAS_ADDRESS
609510;609511;HAS_ADDRESS
609513;609514;HAS_ADDRESS
609516;609517;HAS_ADDRESS
609519;609520;HAS_ADDRESS
609522;609523;HAS_ADDRESS
609525;609526;HAS_ADDRESS
609528;609529;HAS_ADDRESS
609531;609532;HAS_ADDRESS
609534;609535;HAS_ADDRESS
609537;609538;HAS_ADDRESS
609540;609541;HAS_ADDRESS
609543;609544;HAS_ADDRESS
609546;609547;HAS_ADDRESS
609549;609550;HAS_ADDRESS
609552;609553;HAS_ADDRESS
609555;609556;HAS_ADDRESS
609558;609559;HAS_ADDRESS
609561;609562;HAS_ADDRESS
609564;609565;HAS_ADDRESS
609567;609568;HAS_ADDRESS
609570;609571;HAS_ADDRESS
609573;609574;HAS_ADDRESS
609576;609577;HAS_ADDRESS
609579;609580;HAS_ADDRESS
609582;609583;HAS_ADDRESS
609585;609586;HAS_ADDRESS
609588;609589;HAS_ADDRESS
609591;609592;HAS_ADDRESS
609594;609595;HAS_ADDRESS
609597;609598;HAS_ADDRESS
609600;609601;HAS_ADDRESS
609603;609604;HAS_ADDRESS
609606;609607;HAS_ADDRESS
609609;609610;HAS_ADDRESS
609612;609613;HAS_ADDRESS
609615;609616;HAS_ADDRESS
609618;609619;HAS_ADDRESS
609621;609622;HAS_ADDRESS
609624;609625;HAS_ADDRESS
609627;609628;HAS_ADDRESS
609630;609631;HAS_ADDRESS
609633;609634;HAS_ADDRESS
609636;609637;HAS_ADDRESS
609639;609640;HAS_ADDRESS
609642;609643;HAS_ADDRESS
609645;609646;HAS_ADDRESS
609648;609649;HAS_ADDRESS
609651;609652;HAS_ADDRESS
609654;609655;HAS_ADDRESS
609657;609658;HAS_ADDRESS
609660;609661;HAS_ADDRESS
609663;609664;HAS_ADDRESS
609666;609667;HAS_ADDRESS
609669;609670;HAS_ADDRESS
609672;609673;HAS_ADDRESS
609675;609676;HAS_ADDRESS
609678;609679;HAS_ADDRESS
609681;609682;HAS_ADDRESS
609684;609685;HAS_ADDRESS
609687;609688;HAS_ADDRESS
609690;609691;HAS_ADDRESS
609693;609694;HAS_ADDRESS
609696;609697;HAS_ADDRESS
609699;609700;HAS_ADDRESS
609702;609703;HAS_ADDRESS
609705;609706;HAS_ADDRESS
609708;609709;HAS_ADDRESS
609711;609712;HAS_ADDRESS
609714;609715;HAS_ADDRESS
609717;609718;HAS_ADDRESS
609720;609721;HAS_ADDRESS
609723;609724;HAS_ADDRESS
609726;609727;HAS_ADDRESS
609729;609730;HAS_ADDRESS
609732;609733;HAS_ADDRESS
609735;609736;HAS_ADDRESS
609738;609739;HAS_ADDRESS
609741;609742;HAS_ADDRESS
609744;609745;HAS_ADDRESS
609747;609748;HAS_ADDRESS
609750;609751;HAS_ADDRESS
609753;609754;HAS_ADDRESS
609756;609757;HAS_ADDRESS
609759;609760;HAS_ADDRESS
609762;609763;HAS_ADDRESS
609765;609766;HAS_ADDRESS
609768;609769;HAS_ADDRESS
609771;609772;HAS_ADDRESS
609774;609775;HAS_ADDRESS
609777;609778;HAS_ADDRESS
609780;609781;HAS_ADDRESS
609783;609784;HAS_ADDRESS
609786;609787;HAS_ADDRESS
609789;609790;HAS_ADDRESS
609792;609793;HAS_ADDRESS
609795;609796;HAS_ADDRESS
609798;609799;HAS_ADDRESS
609801;609802;HAS_ADDRESS
609804;609805;HAS_ADDRESS
609807;609808;HAS_ADDRESS
609810;609811;HAS_ADDRESS
609813;609814;HAS_ADDRESS
609816;609817;HAS_ADDRESS
609819;609820;HAS_ADDRESS
609822;609823;HAS_ADDRESS
609825;609826;HAS_ADDRESS
609828;609829;HAS_ADDRESS
609831;609832;HAS_ADDRESS
609834;609835;HAS_ADDRESS
609837;609838;HAS_ADDRESS
609840;609841;HAS_ADDRESS
609843;609844;HAS_ADDRESS
609846;609847;HAS_ADDRESS
609849;609850;HAS_ADDRESS
609852;609853;HAS_ADDRESS
609855;609856;HAS_ADDRESS
609858;609859;HAS_ADDRESS
609861;609862;HAS_ADDRESS
609864;609865;HAS_ADDRESS
609867;609868;HAS_ADDRESS
609870;609871;HAS_ADDRESS
609873;609874;HAS_ADDRESS
609876;609877;HAS_ADDRESS
609879;609880;HAS_ADDRESS
609882;609883;HAS_ADDRESS
609885;609886;HAS_ADDRESS
609888;609889;HAS_ADDRESS
609891;609892;HAS_ADDRESS
609894;609895;HAS_ADDRESS
609897;609898;HAS_ADDRESS
609900;609901;HAS_ADDRESS
609903;609904;HAS_ADDRESS
609906;609907;HAS_ADDRESS
609909;609910;HAS_ADDRESS
609912;609913;HAS_ADDRESS
609915;609916;HAS_ADDRESS
609918;609919;HAS_ADDRESS
609921;609922;HAS_ADDRESS
609924;609925;HAS_ADDRESS
609927;609928;HAS_ADDRESS
609930;609931;HAS_ADDRESS
609933;609934;HAS_ADDRESS
609936;609937;HAS_ADDRESS
609939;609940;HAS_ADDRESS
609942;609943;HAS_ADDRESS
609945;609946;HAS_ADDRESS
609948;609949;HAS_ADDRESS
609951;609952;HAS_ADDRESS
609954;609955;HAS_ADDRESS
609957;609958;HAS_ADDRESS
609960;609961;HAS_ADDRESS
609963;609964;HAS_ADDRESS
609966;609967;HAS_ADDRESS
609969;609970;HAS_ADDRESS
609972;609973;HAS_ADDRESS
609975;609976;HAS_ADDRESS
609978;609979;HAS_ADDRESS
609981;609982;HAS_ADDRESS
609984;609985;HAS_ADDRESS
609987;609988;HAS_ADDRESS
609990;609991;HAS_ADDRESS
609993;609994;HAS_ADDRESS
609996;609997;HAS_ADDRESS
609999;610000;HAS_ADDRESS
610002;610003;HAS_ADDRESS
610005;610006;HAS_ADDRESS
610008;610009;HAS_ADDRESS
610011;610012;HAS_ADDRESS
610014;610015;HAS_ADDRESS
610017;610018;HAS_ADDRESS
610020;610021;HAS_ADDRESS
610023;610024;HAS_ADDRESS
610026;610027;HAS_ADDRESS
610029;610030;HAS_ADDRESS
610032;610033;HAS_ADDRESS
610035;610036;HAS_ADDRESS
610038;610039;HAS_ADDRESS
610041;610042;HAS_ADDRESS
610044;610045;HAS_ADDRESS
610047;610048;HAS_ADDRESS
610050;610051;HAS_ADDRESS
610053;610054;HAS_ADDRESS
610056;610057;HAS_ADDRESS
610059;610060;HAS_ADDRESS
610062;610063;HAS_ADDRESS
610065;610066;HAS_ADDRESS
610068;610069;HAS_ADDRESS
610071;610072;HAS_ADDRESS
610074;610075;HAS_ADDRESS
610077;610078;HAS_ADDRESS
610080;610081;HAS_ADDRESS
610083;610084;HAS_ADDRESS
610086;610087;HAS_ADDRESS
610089;610090;HAS_ADDRESS
610092;610093;HAS_ADDRESS
610095;610096;HAS_ADDRESS
610098;610099;HAS_ADDRESS
610101;610102;HAS_ADDRESS
610104;610105;HAS_ADDRESS
610107;610108;HAS_ADDRESS
610110;610111;HAS_ADDRESS
610113;610114;HAS_ADDRESS
610116;610117;HAS_ADDRESS
610119;610120;HAS_ADDRESS
610122;610123;HAS_ADDRESS
610125;610126;HAS_ADDRESS
610128;610129;HAS_ADDRESS
610131;610132;HAS_ADDRESS
610134;610135;HAS_ADDRESS
610137;610138;HAS_ADDRESS
610140;610141;HAS_ADDRESS
610143;610144;HAS_ADDRESS
610146;610147;HAS_ADDRESS
610149;610150;HAS_ADDRESS
610152;610153;HAS_ADDRESS
610155;610156;HAS_ADDRESS
610158;610159;HAS_ADDRESS
610161;610162;HAS_ADDRESS
610164;610165;HAS_ADDRESS
610167;610168;HAS_ADDRESS
610170;610171;HAS_ADDRESS
610173;610174;HAS_ADDRESS
610176;610177;HAS_ADDRESS
610179;610180;HAS_ADDRESS
610182;610183;HAS_ADDRESS
610185;610186;HAS_ADDRESS
610188;610189;HAS_ADDRESS
610191;610192;HAS_ADDRESS
610194;610195;HAS_ADDRESS
610197;610198;HAS_ADDRESS
610200;610201;HAS_ADDRESS
610203;610204;HAS_ADDRESS
610206;610207;HAS_ADDRESS
610209;610210;HAS_ADDRESS
610212;610213;HAS_ADDRESS
610215;610216;HAS_ADDRESS
610218;610219;HAS_ADDRESS
610221;610222;HAS_ADDRESS
610224;610225;HAS_ADDRESS
610227;610228;HAS_ADDRESS
610230;610231;HAS_ADDRESS
610233;610234;HAS_ADDRESS
610236;610237;HAS_ADDRESS
610239;610240;HAS_ADDRESS
610242;610243;HAS_ADDRESS
610245;610246;HAS_ADDRESS
610248;610249;HAS_ADDRESS
610251;610252;HAS_ADDRESS
610254;610255;HAS_ADDRESS
610257;610258;HAS_ADDRESS
610260;610261;HAS_ADDRESS
610263;610264;HAS_ADDRESS
610266;610267;HAS_ADDRESS
610269;610270;HAS_ADDRESS
610272;610273;HAS_ADDRESS
610275;610276;HAS_ADDRESS
610278;610279;HAS_ADDRESS
610281;610282;HAS_ADDRESS
610284;610285;HAS_ADDRESS
610287;610288;HAS_ADDRESS
610290;610291;HAS_ADDRESS
610293;610294;HAS_ADDRESS
610296;610297;HAS_ADDRESS
610299;610300;HAS_ADDRESS
610302;610303;HAS_ADDRESS
610305;610306;HAS_ADDRESS
610308;610309;HAS_ADDRESS
610311;610312;HAS_ADDRESS
610314;610315;HAS_ADDRESS
610317;610318;HAS_ADDRESS
610320;610321;HAS_ADDRESS
610323;610324;HAS_ADDRESS
610326;610327;HAS_ADDRESS
610329;610330;HAS_ADDRESS
610332;610333;HAS_ADDRESS
610335;610336;HAS_ADDRESS
610338;610339;HAS_ADDRESS
610341;610342;HAS_ADDRESS
610344;610345;HAS_ADDRESS
610347;610348;HAS_ADDRESS
610350;610351;HAS_ADDRESS
610353;610354;HAS_ADDRESS
610356;610357;HAS_ADDRESS
610359;610360;HAS_ADDRESS
610362;610363;HAS_ADDRESS
610365;610366;HAS_ADDRESS
610368;610369;HAS_ADDRESS
610371;610372;HAS_ADDRESS
610374;610375;HAS_ADDRESS
610377;610378;HAS_ADDRESS
610380;610381;HAS_ADDRESS
610383;610384;HAS_ADDRESS
610386;610387;HAS_ADDRESS
610389;610390;HAS_ADDRESS
610392;610393;HAS_ADDRESS
610395;610396;HAS_ADDRESS
610398;610399;HAS_ADDRESS
610401;610402;HAS_ADDRESS
610404;610405;HAS_ADDRESS
610407;610408;HAS_ADDRESS
610410;610411;HAS_ADDRESS
610413;610414;HAS_ADDRESS
610416;610417;HAS_ADDRESS
610419;610420;HAS_ADDRESS
610422;610423;HAS_ADDRESS
610425;610426;HAS_ADDRESS
610428;610429;HAS_ADDRESS
610431;610432;HAS_ADDRESS
610434;610435;HAS_ADDRESS
610437;610438;HAS_ADDRESS
610440;610441;HAS_ADDRESS
610443;610444;HAS_ADDRESS
610446;610447;HAS_ADDRESS
610449;610450;HAS_ADDRESS
610452;610453;HAS_ADDRESS
610455;610456;HAS_ADDRESS
610458;610459;HAS_ADDRESS
610461;610462;HAS_ADDRESS
610464;610465;HAS_ADDRESS
610467;610468;HAS_ADDRESS
610470;610471;HAS_ADDRESS
610473;610474;HAS_ADDRESS
610476;610477;HAS_ADDRESS
610479;610480;HAS_ADDRESS
610482;610483;HAS_ADDRESS
610485;610486;HAS_ADDRESS
610488;610489;HAS_ADDRESS
610491;610492;HAS_ADDRESS
610494;610495;HAS_ADDRESS
610497;610498;HAS_ADDRESS
610500;610501;HAS_ADDRESS
610503;610504;HAS_ADDRESS
610506;610507;HAS_ADDRESS
610509;610510;HAS_ADDRESS
610512;610513;HAS_ADDRESS
610515;610516;HAS_ADDRESS
610518;610519;HAS_ADDRESS
610521;610522;HAS_ADDRESS
610524;610525;HAS_ADDRESS
610527;610528;HAS_ADDRESS
610530;610531;HAS_ADDRESS
610533;610534;HAS_ADDRESS
610536;610537;HAS_ADDRESS
610539;610540;HAS_ADDRESS
610542;610543;HAS_ADDRESS
610545;610546;HAS_ADDRESS
610548;610549;HAS_ADDRESS
610551;610552;HAS_ADDRESS
610554;610555;HAS_ADDRESS
610557;610558;HAS_ADDRESS
610560;610561;HAS_ADDRESS
610563;610564;HAS_ADDRESS
610566;610567;HAS_ADDRESS
610569;610570;HAS_ADDRESS
610572;610573;HAS_ADDRESS
610575;610576;HAS_ADDRESS
610578;610579;HAS_ADDRESS
610581;610582;HAS_ADDRESS
610584;610585;HAS_ADDRESS
610587;610588;HAS_ADDRESS
610590;610591;HAS_ADDRESS
610593;610594;HAS_ADDRESS
610596;610597;HAS_ADDRESS
610599;610600;HAS_ADDRESS
610602;610603;HAS_ADDRESS
610605;610606;HAS_ADDRESS
610608;610609;HAS_ADDRESS
610611;610612;HAS_ADDRESS
610614;610615;HAS_ADDRESS
610617;610618;HAS_ADDRESS
610620;610621;HAS_ADDRESS
610623;610624;HAS_ADDRESS
610626;610627;HAS_ADDRESS
610629;610630;HAS_ADDRESS
610632;610633;HAS_ADDRESS
610635;610636;HAS_ADDRESS
610638;610639;HAS_ADDRESS
610641;610642;HAS_ADDRESS
610644;610645;HAS_ADDRESS
610647;610648;HAS_ADDRESS
610650;610651;HAS_ADDRESS
610653;610654;HAS_ADDRESS
610656;610657;HAS_ADDRESS
610659;610660;HAS_ADDRESS
610662;610663;HAS_ADDRESS
610665;610666;HAS_ADDRESS
610668;610669;HAS_ADDRESS
610671;610672;HAS_ADDRESS
610674;610675;HAS_ADDRESS
610677;610678;HAS_ADDRESS
610680;610681;HAS_ADDRESS
610683;610684;HAS_ADDRESS
610686;610687;HAS_ADDRESS
610689;610690;HAS_ADDRESS
610692;610693;HAS_ADDRESS
610695;610696;HAS_ADDRESS
610698;610699;HAS_ADDRESS
610701;610702;HAS_ADDRESS
610704;610705;HAS_ADDRESS
610707;610708;HAS_ADDRESS
610710;610711;HAS_ADDRESS
610713;610714;HAS_ADDRESS
610716;610717;HAS_ADDRESS
610719;610720;HAS_ADDRESS
610722;610723;HAS_ADDRESS
610725;610726;HAS_ADDRESS
610728;610729;HAS_ADDRESS
610731;610732;HAS_ADDRESS
610734;610735;HAS_ADDRESS
610737;610738;HAS_ADDRESS
610740;610741;HAS_ADDRESS
610743;610744;HAS_ADDRESS
610746;610747;HAS_ADDRESS
610749;610750;HAS_ADDRESS
610752;610753;HAS_ADDRESS
610755;610756;HAS_ADDRESS
610758;610759;HAS_ADDRESS
610761;610762;HAS_ADDRESS
610764;610765;HAS_ADDRESS
610767;610768;HAS_ADDRESS
610770;610771;HAS_ADDRESS
610773;610774;HAS_ADDRESS
610776;610777;HAS_ADDRESS
610779;610780;HAS_ADDRESS
610782;610783;HAS_ADDRESS
610785;610786;HAS_ADDRESS
610788;610789;HAS_ADDRESS
610791;610792;HAS_ADDRESS
610794;610795;HAS_ADDRESS
610797;610798;HAS_ADDRESS
610800;610801;HAS_ADDRESS
610803;610804;HAS_ADDRESS
610806;610807;HAS_ADDRESS
610809;610810;HAS_ADDRESS
610812;610813;HAS_ADDRESS
610815;610816;HAS_ADDRESS
610818;610819;HAS_ADDRESS
610821;610822;HAS_ADDRESS
610824;610825;HAS_ADDRESS
610827;610828;HAS_ADDRESS
610830;610831;HAS_ADDRESS
610833;610834;HAS_ADDRESS
610836;610837;HAS_ADDRESS
610839;610840;HAS_ADDRESS
610842;610843;HAS_ADDRESS
610845;610846;HAS_ADDRESS
610848;610849;HAS_ADDRESS
610851;610852;HAS_ADDRESS
610854;610855;HAS_ADDRESS
610857;610858;HAS_ADDRESS
610860;610861;HAS_ADDRESS
610863;610864;HAS_ADDRESS
610866;610867;HAS_ADDRESS
610869;610870;HAS_ADDRESS
610872;610873;HAS_ADDRESS
610875;610876;HAS_ADDRESS
610878;610879;HAS_ADDRESS
610881;610882;HAS_ADDRESS
610884;610885;HAS_ADDRESS
610887;610888;HAS_ADDRESS
610890;610891;HAS_ADDRESS
610893;610894;HAS_ADDRESS
610896;610897;HAS_ADDRESS
610899;610900;HAS_ADDRESS
610902;610903;HAS_ADDRESS
610905;610906;HAS_ADDRESS
610908;610909;HAS_ADDRESS
610911;610912;HAS_ADDRESS
610914;610915;HAS_ADDRESS
610917;610918;HAS_ADDRESS
610920;610921;HAS_ADDRESS
610923;610924;HAS_ADDRESS
610926;610927;HAS_ADDRESS
610929;610930;HAS_ADDRESS
610932;610933;HAS_ADDRESS
610935;610936;HAS_ADDRESS
610938;610939;HAS_ADDRESS
610941;610942;HAS_ADDRESS
610944;610945;HAS_ADDRESS
610947;610948;HAS_ADDRESS
610950;610951;HAS_ADDRESS
610953;610954;HAS_ADDRESS
610956;610957;HAS_ADDRESS
610959;610960;HAS_ADDRESS
610962;610963;HAS_ADDRESS
610965;610966;HAS_ADDRESS
610968;610969;HAS_ADDRESS
610971;610972;HAS_ADDRESS
610974;610975;HAS_ADDRESS
610977;610978;HAS_ADDRESS
610980;610981;HAS_ADDRESS
610983;610984;HAS_ADDRESS
610986;610987;HAS_ADDRESS
610989;610990;HAS_ADDRESS
610992;610993;HAS_ADDRESS
610995;610996;HAS_ADDRESS
610998;610999;HAS_ADDRESS
611001;611002;HAS_ADDRESS
611004;611005;HAS_ADDRESS
611007;611008;HAS_ADDRESS
611010;611011;HAS_ADDRESS
611013;611014;HAS_ADDRESS
611016;611017;HAS_ADDRESS
611019;611020;HAS_ADDRESS
611022;611023;HAS_ADDRESS
611025;611026;HAS_ADDRESS
611028;611029;HAS_ADDRESS
611031;611032;HAS_ADDRESS
611034;611035;HAS_ADDRESS
611037;611038;HAS_ADDRESS
611040;611041;HAS_ADDRESS
611043;611044;HAS_ADDRESS
611046;611047;HAS_ADDRESS
611049;611050;HAS_ADDRESS
611052;611053;HAS_ADDRESS
611055;611056;HAS_ADDRESS
611058;611059;HAS_ADDRESS
611061;611062;HAS_ADDRESS
611064;611065;HAS_ADDRESS
611067;611068;HAS_ADDRESS
611070;611071;HAS_ADDRESS
611073;611074;HAS_ADDRESS
611076;611077;HAS_ADDRESS
611079;611080;HAS_ADDRESS
611082;611083;HAS_ADDRESS
611085;611086;HAS_ADDRESS
611088;611089;HAS_ADDRESS
611091;611092;HAS_ADDRESS
611094;611095;HAS_ADDRESS
611097;611098;HAS_ADDRESS
611100;611101;HAS_ADDRESS
611103;611104;HAS_ADDRESS
611106;611107;HAS_ADDRESS
611109;611110;HAS_ADDRESS
611112;611113;HAS_ADDRESS
611115;611116;HAS_ADDRESS
611118;611119;HAS_ADDRESS
611121;611122;HAS_ADDRESS
611124;611125;HAS_ADDRESS
611127;611128;HAS_ADDRESS
611130;611131;HAS_ADDRESS
611133;611134;HAS_ADDRESS
611136;611137;HAS_ADDRESS
611139;611140;HAS_ADDRESS
611142;611143;HAS_ADDRESS
611145;611146;HAS_ADDRESS
611148;611149;HAS_ADDRESS
611151;611152;HAS_ADDRESS
611154;611155;HAS_ADDRESS
611157;611158;HAS_ADDRESS
611160;611161;HAS_ADDRESS
611163;611164;HAS_ADDRESS
611166;611167;HAS_ADDRESS
611169;611170;HAS_ADDRESS
611172;611173;HAS_ADDRESS
611175;611176;HAS_ADDRESS
611178;611179;HAS_ADDRESS
611181;611182;HAS_ADDRESS
611184;611185;HAS_ADDRESS
611187;611188;HAS_ADDRESS
611190;611191;HAS_ADDRESS
611193;611194;HAS_ADDRESS
611196;611197;HAS_ADDRESS
611199;611200;HAS_ADDRESS
611202;611203;HAS_ADDRESS
611205;611206;HAS_ADDRESS
611208;611209;HAS_ADDRESS
611211;611212;HAS_ADDRESS
611214;611215;HAS_ADDRESS
611217;611218;HAS_ADDRESS
611220;611221;HAS_ADDRESS
611223;611224;HAS_ADDRESS
611226;611227;HAS_ADDRESS
611229;611230;HAS_ADDRESS
611232;611233;HAS_ADDRESS
611235;611236;HAS_ADDRESS
611238;611239;HAS_ADDRESS
611241;611242;HAS_ADDRESS
611244;611245;HAS_ADDRESS
611247;611248;HAS_ADDRESS
611250;611251;HAS_ADDRESS
611253;611254;HAS_ADDRESS
611256;611257;HAS_ADDRESS
611259;611260;HAS_ADDRESS
611262;611263;HAS_ADDRESS
611265;611266;HAS_ADDRESS
611268;611269;HAS_ADDRESS
611271;611272;HAS_ADDRESS
611274;611275;HAS_ADDRESS
611277;611278;HAS_ADDRESS
611280;611281;HAS_ADDRESS
611283;611284;HAS_ADDRESS
611286;611287;HAS_ADDRESS
611289;611290;HAS_ADDRESS
611292;611293;HAS_ADDRESS
611295;611296;HAS_ADDRESS
611298;611299;HAS_ADDRESS
611301;611302;HAS_ADDRESS
611304;611305;HAS_ADDRESS
611307;611308;HAS_ADDRESS
611310;611311;HAS_ADDRESS
611313;611314;HAS_ADDRESS
611316;611317;HAS_ADDRESS
611319;611320;HAS_ADDRESS
611322;611323;HAS_ADDRESS
611325;611326;HAS_ADDRESS
611328;611329;HAS_ADDRESS
611331;611332;HAS_ADDRESS
611334;611335;HAS_ADDRESS
611337;611338;HAS_ADDRESS
611340;611341;HAS_ADDRESS
611343;611344;HAS_ADDRESS
611346;611347;HAS_ADDRESS
611349;611350;HAS_ADDRESS
611352;611353;HAS_ADDRESS
611355;611356;HAS_ADDRESS
611358;611359;HAS_ADDRESS
611361;611362;HAS_ADDRESS
611364;611365;HAS_ADDRESS
611367;611368;HAS_ADDRESS
611370;611371;HAS_ADDRESS
611373;611374;HAS_ADDRESS
611376;611377;HAS_ADDRESS
611379;611380;HAS_ADDRESS
611382;611383;HAS_ADDRESS
611385;611386;HAS_ADDRESS
611388;611389;HAS_ADDRESS
611391;611392;HAS_ADDRESS
611394;611395;HAS_ADDRESS
611397;611398;HAS_ADDRESS
611400;611401;HAS_ADDRESS
611402;611403;HAS_ADDRESS
611404;611405;HAS_ADDRESS
611406;611407;HAS_ADDRESS
611408;611409;HAS_ADDRESS
611410;611411;HAS_ADDRESS
611412;611413;HAS_ADDRESS
611414;611415;HAS_ADDRESS
611416;611417;HAS_ADDRESS
611418;611419;HAS_ADDRESS
611420;611421;HAS_ADDRESS
611422;611423;HAS_ADDRESS
611424;611425;HAS_ADDRESS
611426;611427;HAS_ADDRESS
611428;611429;HAS_ADDRESS
611430;611431;HAS_ADDRESS
611432;611433;HAS_ADDRESS
611434;611435;HAS_ADDRESS
611436;611437;HAS_ADDRESS
611438;611439;HAS_ADDRESS
611440;611441;HAS_ADDRESS
611442;611443;HAS_ADDRESS
611444;611445;HAS_ADDRESS
611446;611447;HAS_ADDRESS
611448;611449;HAS_ADDRESS
611450;611451;HAS_ADDRESS
611452;611453;HAS_ADDRESS
611454;611455;HAS_ADDRESS
611456;611457;HAS_ADDRESS
611458;611459;HAS_ADDRESS
611460;611461;HAS_ADDRESS
611462;611463;HAS_ADDRESS
611464;611465;HAS_ADDRESS
611466;611467;HAS_ADDRESS
611468;611469;HAS_ADDRESS
611470;611471;HAS_ADDRESS
611472;611473;HAS_ADDRESS
611474;611475;HAS_ADDRESS
611476;611477;HAS_ADDRESS
611478;611479;HAS_ADDRESS
611480;611481;HAS_ADDRESS
611482;611483;HAS_ADDRESS
611484;611485;HAS_ADDRESS
611486;611487;HAS_ADDRESS
611488;611489;HAS_ADDRESS
611490;611491;HAS_ADDRESS
611492;611493;HAS_ADDRESS
611494;611495;HAS_ADDRESS
611496;611497;HAS_ADDRESS
611498;611499;HAS_ADDRESS
611500;611501;HAS_ADDRESS
611502;611503;HAS_ADDRESS
611504;611505;HAS_ADDRESS
611506;611507;HAS_ADDRESS
611508;611509;HAS_ADDRESS
611510;611511;HAS_ADDRESS
611512;611513;HAS_ADDRESS
611514;611515;HAS_ADDRESS
611516;611517;HAS_ADDRESS
611518;611519;HAS_ADDRESS
611520;611521;HAS_ADDRESS
611522;611523;HAS_ADDRESS
611524;611525;HAS_ADDRESS
611526;611527;HAS_ADDRESS
611528;611529;HAS_ADDRESS
611530;611531;HAS_ADDRESS
611532;611533;HAS_ADDRESS
611534;611535;HAS_ADDRESS
611536;611537;HAS_ADDRESS
611538;611539;HAS_ADDRESS
611540;611541;HAS_ADDRESS
611542;611543;HAS_ADDRESS
611544;611545;HAS_ADDRESS
611546;611547;HAS_ADDRESS
611548;611549;HAS_ADDRESS
611550;611551;HAS_ADDRESS
611552;611553;HAS_ADDRESS
611554;611555;HAS_ADDRESS
611556;611557;HAS_ADDRESS
611558;611559;HAS_ADDRESS
611560;611561;HAS_ADDRESS
611562;611563;HAS_ADDRESS
611564;611565;HAS_ADDRESS
611566;611567;HAS_ADDRESS
611568;611569;HAS_ADDRESS
611570;611571;HAS_ADDRESS
611572;611573;HAS_ADDRESS
611574;611575;HAS_ADDRESS
611576;611577;HAS_ADDRESS
611578;611579;HAS_ADDRESS
611580;611581;HAS_ADDRESS
611582;611583;HAS_ADDRESS
611584;611585;HAS_ADDRESS
611586;611587;HAS_ADDRESS
611588;611589;HAS_ADDRESS
611590;611591;HAS_ADDRESS
611592;611593;HAS_ADDRESS
611594;611595;HAS_ADDRESS
611596;611597;HAS_ADDRESS
611598;611599;HAS_ADDRESS
611600;611601;HAS_ADDRESS
611602;611603;HAS_ADDRESS
611604;611605;HAS_ADDRESS
611606;611607;HAS_ADDRESS
611608;611609;HAS_ADDRESS
611610;611611;HAS_ADDRESS
611612;611613;HAS_ADDRESS
611614;611615;HAS_ADDRESS
611616;611617;HAS_ADDRESS
611618;611619;HAS_ADDRESS
611620;611621;HAS_ADDRESS
611622;611623;HAS_ADDRESS
611624;611625;HAS_ADDRESS
611626;611627;HAS_ADDRESS
611628;611629;HAS_ADDRESS
611630;611631;HAS_ADDRESS
611632;611633;HAS_ADDRESS
611634;611635;HAS_ADDRESS
611636;611637;HAS_ADDRESS
611638;611639;HAS_ADDRESS
611640;611641;HAS_ADDRESS
611642;611643;HAS_ADDRESS
611644;611645;HAS_ADDRESS
611646;611647;HAS_ADDRESS
611648;611649;HAS_ADDRESS
611650;611651;HAS_ADDRESS
611652;611653;HAS_ADDRESS
611654;611655;HAS_ADDRESS
611656;611657;HAS_ADDRESS
611658;611659;HAS_ADDRESS
611660;611661;HAS_ADDRESS
611662;611663;HAS_ADDRESS
611664;611665;HAS_ADDRESS
611666;611667;HAS_ADDRESS
611668;611669;HAS_ADDRESS
611670;611671;HAS_ADDRESS
611672;611673;HAS_ADDRESS
611674;611675;HAS_ADDRESS
611676;611677;HAS_ADDRESS
611678;611679;HAS_ADDRESS
611680;611681;HAS_ADDRESS
611682;611683;HAS_ADDRESS
611684;611685;HAS_ADDRESS
611686;611687;HAS_ADDRESS
611688;611689;HAS_ADDRESS
611690;611691;HAS_ADDRESS
611692;611693;HAS_ADDRESS
611694;611695;HAS_ADDRESS
611696;611697;HAS_ADDRESS
611698;611699;HAS_ADDRESS
611700;611701;HAS_ADDRESS
611702;611703;HAS_ADDRESS
611704;611705;HAS_ADDRESS
611706;611707;HAS_ADDRESS
611708;611709;HAS_ADDRESS
611710;611711;HAS_ADDRESS
611712;611713;HAS_ADDRESS
611714;611715;HAS_ADDRESS
611716;611717;HAS_ADDRESS
611718;611719;HAS_ADDRESS
611720;611721;HAS_ADDRESS
611722;611723;HAS_ADDRESS
611724;611725;HAS_ADDRESS
611726;611727;HAS_ADDRESS
611728;611729;HAS_ADDRESS
611730;611731;HAS_ADDRESS
611732;611733;HAS_ADDRESS
611734;611735;HAS_ADDRESS
611736;611737;HAS_ADDRESS
611738;611739;HAS_ADDRESS
611740;611741;HAS_ADDRESS
611742;611743;HAS_ADDRESS
611744;611745;HAS_ADDRESS
611746;611747;HAS_ADDRESS
611748;611749;HAS_ADDRESS
611750;611751;HAS_ADDRESS
611752;611753;HAS_ADDRESS
611754;611755;HAS_ADDRESS
611756;611757;HAS_ADDRESS
611758;611759;HAS_ADDRESS
611760;611761;HAS_ADDRESS
611762;611763;HAS_ADDRESS
611764;611765;HAS_ADDRESS
611766;611767;HAS_ADDRESS
611768;611769;HAS_ADDRESS
611770;611771;HAS_ADDRESS
611772;611773;HAS_ADDRESS
611774;611775;HAS_ADDRESS
611776;611777;HAS_ADDRESS
611778;611779;HAS_ADDRESS
611780;611781;HAS_ADDRESS
611782;611783;HAS_ADDRESS
611784;611785;HAS_ADDRESS
611786;611787;HAS_ADDRESS
611788;611789;HAS_ADDRESS
611790;611791;HAS_ADDRESS
611792;611793;HAS_ADDRESS
611794;611795;HAS_ADDRESS
611796;611797;HAS_ADDRESS
611798;611799;HAS_ADDRESS
611800;611801;HAS_ADDRESS
611802;611803;HAS_ADDRESS
611804;611805;HAS_ADDRESS
611806;611807;HAS_ADDRESS
611808;611809;HAS_ADDRESS
611810;611811;HAS_ADDRESS
611812;611813;HAS_ADDRESS
611814;611815;HAS_ADDRESS
611816;611817;HAS_ADDRESS
611818;611819;HAS_ADDRESS
611820;611821;HAS_ADDRESS
611822;611823;HAS_ADDRESS
611824;611825;HAS_ADDRESS
611826;611827;HAS_ADDRESS
611828;611829;HAS_ADDRESS
611830;611831;HAS_ADDRESS
611832;611833;HAS_ADDRESS
611834;611835;HAS_ADDRESS
611836;611837;HAS_ADDRESS
611838;611839;HAS_ADDRESS
611840;611841;HAS_ADDRESS
611842;611843;HAS_ADDRESS
611844;611845;HAS_ADDRESS
611846;611847;HAS_ADDRESS
611848;611849;HAS_ADDRESS
611850;611851;HAS_ADDRESS
611852;611853;HAS_ADDRESS
611854;611855;HAS_ADDRESS
611856;611857;HAS_ADDRESS
611858;611859;HAS_ADDRESS
611860;611861;HAS_ADDRESS
611862;611863;HAS_ADDRESS
611864;611865;HAS_ADDRESS
611866;611867;HAS_ADDRESS
611868;611869;HAS_ADDRESS
611870;611871;HAS_ADDRESS
611872;611873;HAS_ADDRESS
611874;611875;HAS_ADDRESS
611876;611877;HAS_ADDRESS
611878;611879;HAS_ADDRESS
611880;611881;HAS_ADDRESS
611882;611883;HAS_ADDRESS
611884;611885;HAS_ADDRESS
611886;611887;HAS_ADDRESS
611888;611889;HAS_ADDRESS
611890;611891;HAS_ADDRESS
611892;611893;HAS_ADDRESS
611894;611895;HAS_ADDRESS
611896;611897;HAS_ADDRESS
611898;611899;HAS_ADDRESS
611900;611901;HAS_ADDRESS
611902;611903;HAS_ADDRESS
611904;611905;HAS_ADDRESS
611906;611907;HAS_ADDRESS
611908;611909;HAS_ADDRESS
611910;611911;HAS_ADDRESS
611912;611913;HAS_ADDRESS
611914;611915;HAS_ADDRESS
611916;611917;HAS_ADDRESS
611918;611919;HAS_ADDRESS
611920;611921;HAS_ADDRESS
611922;611923;HAS_ADDRESS
611924;611925;HAS_ADDRESS
611926;611927;HAS_ADDRESS
611928;611929;HAS_ADDRESS
611930;611931;HAS_ADDRESS
611932;611933;HAS_ADDRESS
611934;611935;HAS_ADDRESS
611936;611937;HAS_ADDRESS
611938;611939;HAS_ADDRESS
611940;611941;HAS_ADDRESS
611942;611943;HAS_ADDRESS
611944;611945;HAS_ADDRESS
611946;611947;HAS_ADDRESS
611948;611949;HAS_ADDRESS
611950;611951;HAS_ADDRESS
611952;611953;HAS_ADDRESS
611954;611955;HAS_ADDRESS
611956;611957;HAS_ADDRESS
611958;611959;HAS_ADDRESS
611960;611961;HAS_ADDRESS
611962;611963;HAS_ADDRESS
611964;611965;HAS_ADDRESS
611966;611967;HAS_ADDRESS
611968;611969;HAS_ADDRESS
611970;611971;HAS_ADDRESS
611972;611973;HAS_ADDRESS
611974;611975;HAS_ADDRESS
611976;611977;HAS_ADDRESS
611978;611979;HAS_ADDRESS
611980;611981;HAS_ADDRESS
611982;611983;HAS_ADDRESS
611984;611985;HAS_ADDRESS
611986;611987;HAS_ADDRESS
611988;611989;HAS_ADDRESS
611990;611991;HAS_ADDRESS
611992;611993;HAS_ADDRESS
611994;611995;HAS_ADDRESS
611996;611997;HAS_ADDRESS
611998;611999;HAS_ADDRESS
612000;612001;HAS_ADDRESS
612002;612003;HAS_ADDRESS
612004;612005;HAS_ADDRESS
612006;612007;HAS_ADDRESS
612008;612009;HAS_ADDRESS
612010;612011;HAS_ADDRESS
612012;612013;HAS_ADDRESS
612014;612015;HAS_ADDRESS
612016;612017;HAS_ADDRESS
612018;612019;HAS_ADDRESS
612020;612021;HAS_ADDRESS
612022;612023;HAS_ADDRESS
612024;612025;HAS_ADDRESS
612026;612027;HAS_ADDRESS
612028;612029;HAS_ADDRESS
612030;612031;HAS_ADDRESS
612032;612033;HAS_ADDRESS
612034;612035;HAS_ADDRESS
612036;612037;HAS_ADDRESS
612038;612039;HAS_ADDRESS
612040;612041;HAS_ADDRESS
612042;612043;HAS_ADDRESS
612044;612045;HAS_ADDRESS
612046;612047;HAS_ADDRESS
612048;612049;HAS_ADDRESS
612050;612051;HAS_ADDRESS
612052;612053;HAS_ADDRESS
612054;612055;HAS_ADDRESS
612056;612057;HAS_ADDRESS
612058;612059;HAS_ADDRESS
612060;612061;HAS_ADDRESS
612062;612063;HAS_ADDRESS
612064;612065;HAS_ADDRESS
612066;612067;HAS_ADDRESS
612068;612069;HAS_ADDRESS
612070;612071;HAS_ADDRESS
612072;612073;HAS_ADDRESS
612074;612075;HAS_ADDRESS
612076;612077;HAS_ADDRESS
612078;612079;HAS_ADDRESS
612080;612081;HAS_ADDRESS
612082;612083;HAS_ADDRESS
612084;612085;HAS_ADDRESS
612086;612087;HAS_ADDRESS
612088;612089;HAS_ADDRESS
612090;612091;HAS_ADDRESS
612092;612093;HAS_ADDRESS
612094;612095;HAS_ADDRESS
612096;612097;HAS_ADDRESS
612098;612099;HAS_ADDRESS
612100;612101;HAS_ADDRESS
612102;612103;HAS_ADDRESS
612104;612105;HAS_ADDRESS
612106;612107;HAS_ADDRESS
612108;612109;HAS_ADDRESS
612110;612111;HAS_ADDRESS
612112;612113;HAS_ADDRESS
612114;612115;HAS_ADDRESS
612116;612117;HAS_ADDRESS
612118;612119;HAS_ADDRESS
612120;612121;HAS_ADDRESS
612122;612123;HAS_ADDRESS
612124;612125;HAS_ADDRESS
612126;612127;HAS_ADDRESS
612128;612129;HAS_ADDRESS
612130;612131;HAS_ADDRESS
612132;612133;HAS_ADDRESS
612134;612135;HAS_ADDRESS
612136;612137;HAS_ADDRESS
612138;612139;HAS_ADDRESS
612140;612141;HAS_ADDRESS
612142;612143;HAS_ADDRESS
612144;612145;HAS_ADDRESS
612146;612147;HAS_ADDRESS
612148;612149;HAS_ADDRESS
612150;612151;HAS_ADDRESS
612152;612153;HAS_ADDRESS
612154;612155;HAS_ADDRESS
612156;612157;HAS_ADDRESS
612158;612159;HAS_ADDRESS
612160;612161;HAS_ADDRESS
612162;612163;HAS_ADDRESS
612164;612165;HAS_ADDRESS
612166;612167;HAS_ADDRESS
612168;612169;HAS_ADDRESS
612170;612171;HAS_ADDRESS
612172;612173;HAS_ADDRESS
612174;612175;HAS_ADDRESS
612176;612177;HAS_ADDRESS
612178;612179;HAS_ADDRESS
612180;612181;HAS_ADDRESS
612182;612183;HAS_ADDRESS
612184;612185;HAS_ADDRESS
612186;612187;HAS_ADDRESS
612188;612189;HAS_ADDRESS
612190;612191;HAS_ADDRESS
612192;612193;HAS_ADDRESS
612194;612195;HAS_ADDRESS
612196;612197;HAS_ADDRESS
612198;612199;HAS_ADDRESS
612200;612201;HAS_ADDRESS
612202;612203;HAS_ADDRESS
612204;612205;HAS_ADDRESS
612206;612207;HAS_ADDRESS
612208;612209;HAS_ADDRESS
612210;612211;HAS_ADDRESS
612212;612213;HAS_ADDRESS
612214;612215;HAS_ADDRESS
612216;612217;HAS_ADDRESS
612218;612219;HAS_ADDRESS
612220;612221;HAS_ADDRESS
612222;612223;HAS_ADDRESS
612224;612225;HAS_ADDRESS
612226;612227;HAS_ADDRESS
612228;612229;HAS_ADDRESS
612230;612231;HAS_ADDRESS
612232;612233;HAS_ADDRESS
612234;612235;HAS_ADDRESS
612236;612237;HAS_ADDRESS
612238;612239;HAS_ADDRESS
612240;612241;HAS_ADDRESS
612242;612243;HAS_ADDRESS
612244;612245;HAS_ADDRESS
612246;612247;HAS_ADDRESS
612248;612249;HAS_ADDRESS
612250;612251;HAS_ADDRESS
612252;612253;HAS_ADDRESS
612254;612255;HAS_ADDRESS
612256;612257;HAS_ADDRESS
612258;612259;HAS_ADDRESS
612260;612261;HAS_ADDRESS
612262;612263;HAS_ADDRESS
612264;612265;HAS_ADDRESS
612266;612267;HAS_ADDRESS
612268;612269;HAS_ADDRESS
612270;612271;HAS_ADDRESS
612272;612273;HAS_ADDRESS
612274;612275;HAS_ADDRESS
612276;612277;HAS_ADDRESS
612278;612279;HAS_ADDRESS
612280;612281;HAS_ADDRESS
612282;612283;HAS_ADDRESS
612284;612285;HAS_ADDRESS
612286;612287;HAS_ADDRESS
612288;612289;HAS_ADDRESS
612290;612291;HAS_ADDRESS
612292;612293;HAS_ADDRESS
612294;612295;HAS_ADDRESS
612296;612297;HAS_ADDRESS
612298;612299;HAS_ADDRESS
612300;612301;HAS_ADDRESS
612302;612303;HAS_ADDRESS
612304;612305;HAS_ADDRESS
612306;612307;HAS_ADDRESS
612308;612309;HAS_ADDRESS
612310;612311;HAS_ADDRESS
612312;612313;HAS_ADDRESS
612314;612315;HAS_ADDRESS
612316;612317;HAS_ADDRESS
612318;612319;HAS_ADDRESS
612320;612321;HAS_ADDRESS
612322;612323;HAS_ADDRESS
612324;612325;HAS_ADDRESS
612326;612327;HAS_ADDRESS
612328;612329;HAS_ADDRESS
612330;612331;HAS_ADDRESS
612332;612333;HAS_ADDRESS
612334;612335;HAS_ADDRESS
612336;612337;HAS_ADDRESS
612338;612339;HAS_ADDRESS
612340;612341;HAS_ADDRESS
612342;612343;HAS_ADDRESS
612344;612345;HAS_ADDRESS
612346;612347;HAS_ADDRESS
612348;612349;HAS_ADDRESS
612350;612351;HAS_ADDRESS
612352;612353;HAS_ADDRESS
612354;612355;HAS_ADDRESS
612356;612357;HAS_ADDRESS
612358;612359;HAS_ADDRESS
612360;612361;HAS_ADDRESS
612362;612363;HAS_ADDRESS
612364;612365;HAS_ADDRESS
612366;612367;HAS_ADDRESS
612368;612369;HAS_ADDRESS
612370;612371;HAS_ADDRESS
612372;612373;HAS_ADDRESS
612374;612375;HAS_ADDRESS
612376;612377;HAS_ADDRESS
612378;612379;HAS_ADDRESS
612380;612381;HAS_ADDRESS
612382;612383;HAS_ADDRESS
612384;612385;HAS_ADDRESS
612386;612387;HAS_ADDRESS
612388;612389;HAS_ADDRESS
612390;612391;HAS_ADDRESS
612392;612393;HAS_ADDRESS
612394;612395;HAS_ADDRESS
612396;612397;HAS_ADDRESS
612398;612399;HAS_ADDRESS
612400;612401;HAS_ADDRESS
612402;612403;HAS_ADDRESS
612404;612405;HAS_ADDRESS
612406;612407;HAS_ADDRESS
612408;612409;HAS_ADDRESS
612410;612411;HAS_ADDRESS
612412;612413;HAS_ADDRESS
612414;612415;HAS_ADDRESS
612416;612417;HAS_ADDRESS
612418;612419;HAS_ADDRESS
612420;612421;HAS_ADDRESS
612422;612423;HAS_ADDRESS
612424;612425;HAS_ADDRESS
612426;612427;HAS_ADDRESS
612428;612429;HAS_ADDRESS
612430;612431;HAS_ADDRESS
612432;612433;HAS_ADDRESS
612434;612435;HAS_ADDRESS
612436;612437;HAS_ADDRESS
612438;612439;HAS_ADDRESS
612440;612441;HAS_ADDRESS
612442;612443;HAS_ADDRESS
612444;612445;HAS_ADDRESS
612446;612447;HAS_ADDRESS
612448;612449;HAS_ADDRESS
612450;612451;HAS_ADDRESS
612452;612453;HAS_ADDRESS
612454;612455;HAS_ADDRESS
612456;612457;HAS_ADDRESS
612458;612459;HAS_ADDRESS
612460;612461;HAS_ADDRESS
612462;612463;HAS_ADDRESS
612464;612465;HAS_ADDRESS
612466;612467;HAS_ADDRESS
612468;612469;HAS_ADDRESS
612470;612471;HAS_ADDRESS
612472;612473;HAS_ADDRESS
612474;612475;HAS_ADDRESS
612476;612477;HAS_ADDRESS
612478;612479;HAS_ADDRESS
612480;612481;HAS_ADDRESS
612482;612483;HAS_ADDRESS
612484;612485;HAS_ADDRESS
612486;612487;HAS_ADDRESS
612488;612489;HAS_ADDRESS
612490;612491;HAS_ADDRESS
612492;612493;HAS_ADDRESS
612494;612495;HAS_ADDRESS
612496;612497;HAS_ADDRESS
612498;612499;HAS_ADDRESS
612500;612501;HAS_ADDRESS
612502;612503;HAS_ADDRESS
612504;612505;HAS_ADDRESS
612506;612507;HAS_ADDRESS
612508;612509;HAS_ADDRESS
612510;612511;HAS_ADDRESS
612512;612513;HAS_ADDRESS
612514;612515;HAS_ADDRESS
612516;612517;HAS_ADDRESS
612518;612519;HAS_ADDRESS
612520;612521;HAS_ADDRESS
612522;612523;HAS_ADDRESS
612524;612525;HAS_ADDRESS
612526;612527;HAS_ADDRESS
612528;612529;HAS_ADDRESS
612530;612531;HAS_ADDRESS
612532;612533;HAS_ADDRESS
612534;612535;HAS_ADDRESS
612536;612537;HAS_ADDRESS
612538;612539;HAS_ADDRESS
612540;612541;HAS_ADDRESS
612542;612543;HAS_ADDRESS
612544;612545;HAS_ADDRESS
612546;612547;HAS_ADDRESS
612548;612549;HAS_ADDRESS
612550;612551;HAS_ADDRESS
612552;612553;HAS_ADDRESS
612554;612555;HAS_ADDRESS
612556;612557;HAS_ADDRESS
612558;612559;HAS_ADDRESS
612560;612561;HAS_ADDRESS
612562;612563;HAS_ADDRESS
612564;612565;HAS_ADDRESS
612566;612567;HAS_ADDRESS
612568;612569;HAS_ADDRESS
612570;612571;HAS_ADDRESS
612572;612573;HAS_ADDRESS
612574;612575;HAS_ADDRESS
612576;612577;HAS_ADDRESS
612578;612579;HAS_ADDRESS
612580;612581;HAS_ADDRESS
612582;612583;HAS_ADDRESS
612584;612585;HAS_ADDRESS
612586;612587;HAS_ADDRESS
612588;612589;HAS_ADDRESS
612590;612591;HAS_ADDRESS
612592;612593;HAS_ADDRESS
612594;612595;HAS_ADDRESS
612596;612597;HAS_ADDRESS
612598;612599;HAS_ADDRESS
612600;612601;HAS_ADDRESS
612602;612603;HAS_ADDRESS
612604;612605;HAS_ADDRESS
612606;612607;HAS_ADDRESS
612608;612609;HAS_ADDRESS
612610;612611;HAS_ADDRESS
612612;612613;HAS_ADDRESS
612614;612615;HAS_ADDRESS
612616;612617;HAS_ADDRESS
612618;612619;HAS_ADDRESS
612620;612621;HAS_ADDRESS
612622;612623;HAS_ADDRESS
612624;612625;HAS_ADDRESS
612626;612627;HAS_ADDRESS
612628;612629;HAS_ADDRESS
612630;612631;HAS_ADDRESS
612632;612633;HAS_ADDRESS
612634;612635;HAS_ADDRESS
612636;612637;HAS_ADDRESS
612638;612639;HAS_ADDRESS
612640;612641;HAS_ADDRESS
612642;612643;HAS_ADDRESS
612644;612645;HAS_ADDRESS
612646;612647;HAS_ADDRESS
612648;612649;HAS_ADDRESS
612650;612651;HAS_ADDRESS
612652;612653;HAS_ADDRESS
612654;612655;HAS_ADDRESS
612656;612657;HAS_ADDRESS
612658;612659;HAS_ADDRESS
612660;612661;HAS_ADDRESS
612662;612663;HAS_ADDRESS
612664;612665;HAS_ADDRESS
612666;612667;HAS_ADDRESS
612668;612669;HAS_ADDRESS
612670;612671;HAS_ADDRESS
612672;612673;HAS_ADDRESS
612674;612675;HAS_ADDRESS
612676;612677;HAS_ADDRESS
612678;612679;HAS_ADDRESS
612680;612681;HAS_ADDRESS
612682;612683;HAS_ADDRESS
612684;612685;HAS_ADDRESS
612686;612687;HAS_ADDRESS
612688;612689;HAS_ADDRESS
612690;612691;HAS_ADDRESS
612692;612693;HAS_ADDRESS
612694;612695;HAS_ADDRESS
612696;612697;HAS_ADDRESS
612698;612699;HAS_ADDRESS
612700;612701;HAS_ADDRESS
612702;612703;HAS_ADDRESS
612704;612705;HAS_ADDRESS
612706;612707;HAS_ADDRESS
612708;612709;HAS_ADDRESS
612710;612711;HAS_ADDRESS
612712;612713;HAS_ADDRESS
612714;612715;HAS_ADDRESS
612716;612717;HAS_ADDRESS
612718;612719;HAS_ADDRESS
612720;612721;HAS_ADDRESS
612722;612723;HAS_ADDRESS
612724;612725;HAS_ADDRESS
612726;612727;HAS_ADDRESS
612728;612729;HAS_ADDRESS
612730;612731;HAS_ADDRESS
612732;612733;HAS_ADDRESS
612734;612735;HAS_ADDRESS
612736;612737;HAS_ADDRESS
612738;612739;HAS_ADDRESS
612740;612741;HAS_ADDRESS
612742;612743;HAS_ADDRESS
612744;612745;HAS_ADDRESS
612746;612747;HAS_ADDRESS
612748;612749;HAS_ADDRESS
612750;612751;HAS_ADDRESS
612752;612753;HAS_ADDRESS
612754;612755;HAS_ADDRESS
612756;612757;HAS_ADDRESS
612758;612759;HAS_ADDRESS
612760;612761;HAS_ADDRESS
612762;612763;HAS_ADDRESS
612764;612765;HAS_ADDRESS
612766;612767;HAS_ADDRESS
612768;612769;HAS_ADDRESS
612770;612771;HAS_ADDRESS
612772;612773;HAS_ADDRESS
612774;612775;HAS_ADDRESS
612776;612777;HAS_ADDRESS
612778;612779;HAS_ADDRESS
612780;612781;HAS_ADDRESS
612782;612783;HAS_ADDRESS
612784;612785;HAS_ADDRESS
612786;612787;HAS_ADDRESS
612788;612789;HAS_ADDRESS
612790;612791;HAS_ADDRESS
612792;612793;HAS_ADDRESS
612794;612795;HAS_ADDRESS
612796;612797;HAS_ADDRESS
612798;612799;HAS_ADDRESS
612800;612801;HAS_ADDRESS
612802;612803;HAS_ADDRESS
612804;612805;HAS_ADDRESS
612806;612807;HAS_ADDRESS
612808;612809;HAS_ADDRESS
612810;612811;HAS_ADDRESS
612812;612813;HAS_ADDRESS
612814;612815;HAS_ADDRESS
612816;612817;HAS_ADDRESS
612818;612819;HAS_ADDRESS
612820;612821;HAS_ADDRESS
612822;612823;HAS_ADDRESS
612824;612825;HAS_ADDRESS
612826;612827;HAS_ADDRESS
612828;612829;HAS_ADDRESS
612830;612831;HAS_ADDRESS
612832;612833;HAS_ADDRESS
612834;612835;HAS_ADDRESS
612836;612837;HAS_ADDRESS
612838;612839;HAS_ADDRESS
612840;612841;HAS_ADDRESS
612842;612843;HAS_ADDRESS
612844;612845;HAS_ADDRESS
612846;612847;HAS_ADDRESS
612848;612849;HAS_ADDRESS
612850;612851;HAS_ADDRESS
612852;612853;HAS_ADDRESS
612854;612855;HAS_ADDRESS
612856;612857;HAS_ADDRESS
612858;612859;HAS_ADDRESS
612860;612861;HAS_ADDRESS
612862;612863;HAS_ADDRESS
612864;612865;HAS_ADDRESS
612866;612867;HAS_ADDRESS
612868;612869;HAS_ADDRESS
612870;612871;HAS_ADDRESS
612872;612873;HAS_ADDRESS
612874;612875;HAS_ADDRESS
612876;612877;HAS_ADDRESS
612878;612879;HAS_ADDRESS
612880;612881;HAS_ADDRESS
612882;612883;HAS_ADDRESS
612884;612885;HAS_ADDRESS
612886;612887;HAS_ADDRESS
612888;612889;HAS_ADDRESS
612890;612891;HAS_ADDRESS
612892;612893;HAS_ADDRESS
612894;612895;HAS_ADDRESS
612896;612897;HAS_ADDRESS
612898;612899;HAS_ADDRESS
612900;612901;HAS_ADDRESS
612902;612903;HAS_ADDRESS
612904;612905;HAS_ADDRESS
612906;612907;HAS_ADDRESS
612908;612909;HAS_ADDRESS
612910;612911;HAS_ADDRESS
612912;612913;HAS_ADDRESS
612914;612915;HAS_ADDRESS
612916;612917;HAS_ADDRESS
612918;612919;HAS_ADDRESS
612920;612921;HAS_ADDRESS
612922;612923;HAS_ADDRESS
612924;612925;HAS_ADDRESS
612926;612927;HAS_ADDRESS
612928;612929;HAS_ADDRESS
612930;612931;HAS_ADDRESS
612932;612933;HAS_ADDRESS
612934;612935;HAS_ADDRESS
612936;612937;HAS_ADDRESS
612938;612939;HAS_ADDRESS
612940;612941;HAS_ADDRESS
612942;612943;HAS_ADDRESS
612944;612945;HAS_ADDRESS
612946;612947;HAS_ADDRESS
612948;612949;HAS_ADDRESS
612950;612951;HAS_ADDRESS
612952;612953;HAS_ADDRESS
612954;612955;HAS_ADDRESS
612956;612957;HAS_ADDRESS
612958;612959;HAS_ADDRESS
612960;612961;HAS_ADDRESS
612962;612963;HAS_ADDRESS
612964;612965;HAS_ADDRESS
612966;612967;HAS_ADDRESS
612968;612969;HAS_ADDRESS
612970;612971;HAS_ADDRESS
612972;612973;HAS_ADDRESS
612974;612975;HAS_ADDRESS
612976;612977;HAS_ADDRESS
612978;612979;HAS_ADDRESS
612980;612981;HAS_ADDRESS
612982;612983;HAS_ADDRESS
612984;612985;HAS_ADDRESS
612986;612987;HAS_ADDRESS
612988;612989;HAS_ADDRESS
612990;612991;HAS_ADDRESS
612992;612993;HAS_ADDRESS
612994;612995;HAS_ADDRESS
612996;612997;HAS_ADDRESS
612998;612999;HAS_ADDRESS
613000;613001;HAS_ADDRESS
613002;613003;HAS_ADDRESS
613004;613005;HAS_ADDRESS
613006;613007;HAS_ADDRESS
613008;613009;HAS_ADDRESS
613010;613011;HAS_ADDRESS
613012;613013;HAS_ADDRESS
613014;613015;HAS_ADDRESS
613016;613017;HAS_ADDRESS
613018;613019;HAS_ADDRESS
613020;613021;HAS_ADDRESS
613022;613023;HAS_ADDRESS
613024;613025;HAS_ADDRESS
613026;613027;HAS_ADDRESS
613028;613029;HAS_ADDRESS
613030;613031;HAS_ADDRESS
613032;613033;HAS_ADDRESS
613034;613035;HAS_ADDRESS
613036;613037;HAS_ADDRESS
613038;613039;HAS_ADDRESS
613040;613041;HAS_ADDRESS
613042;613043;HAS_ADDRESS
613044;613045;HAS_ADDRESS
613046;613047;HAS_ADDRESS
613048;613049;HAS_ADDRESS
613050;613051;HAS_ADDRESS
613052;613053;HAS_ADDRESS
613054;613055;HAS_ADDRESS
613056;613057;HAS_ADDRESS
613058;613059;HAS_ADDRESS
613060;613061;HAS_ADDRESS
613062;613063;HAS_ADDRESS
613064;613065;HAS_ADDRESS
613066;613067;HAS_ADDRESS
613068;613069;HAS_ADDRESS
613070;613071;HAS_ADDRESS
613072;613073;HAS_ADDRESS
613074;613075;HAS_ADDRESS
613076;613077;HAS_ADDRESS
613078;613079;HAS_ADDRESS
613080;613081;HAS_ADDRESS
613082;613083;HAS_ADDRESS
613084;613085;HAS_ADDRESS
613086;613087;HAS_ADDRESS
613088;613089;HAS_ADDRESS
613090;613091;HAS_ADDRESS
613092;613093;HAS_ADDRESS
613094;613095;HAS_ADDRESS
613096;613097;HAS_ADDRESS
613098;613099;HAS_ADDRESS
613100;613101;HAS_ADDRESS
613102;613103;HAS_ADDRESS
613104;613105;HAS_ADDRESS
613106;613107;HAS_ADDRESS
613108;613109;HAS_ADDRESS
613110;613111;HAS_ADDRESS
613112;613113;HAS_ADDRESS
613114;613115;HAS_ADDRESS
613116;613117;HAS_ADDRESS
613118;613119;HAS_ADDRESS
613120;613121;HAS_ADDRESS
613122;613123;HAS_ADDRESS
613124;613125;HAS_ADDRESS
613126;613127;HAS_ADDRESS
613128;613129;HAS_ADDRESS
613130;613131;HAS_ADDRESS
613132;613133;HAS_ADDRESS
613134;613135;HAS_ADDRESS
613136;613137;HAS_ADDRESS
613138;613139;HAS_ADDRESS
613140;613141;HAS_ADDRESS
613142;613143;HAS_ADDRESS
613144;613145;HAS_ADDRESS
613146;613147;HAS_ADDRESS
613148;613149;HAS_ADDRESS
613150;613151;HAS_ADDRESS
613152;613153;HAS_ADDRESS
613154;613155;HAS_ADDRESS
613156;613157;HAS_ADDRESS
613158;613159;HAS_ADDRESS
613160;613161;HAS_ADDRESS
613162;613163;HAS_ADDRESS
613164;613165;HAS_ADDRESS
613166;613167;HAS_ADDRESS
613168;613169;HAS_ADDRESS
613170;613171;HAS_ADDRESS
613172;613173;HAS_ADDRESS
613174;613175;HAS_ADDRESS
613176;613177;HAS_ADDRESS
613178;613179;HAS_ADDRESS
613180;613181;HAS_ADDRESS
613182;613183;HAS_ADDRESS
613184;613185;HAS_ADDRESS
613186;613187;HAS_ADDRESS
613188;613189;HAS_ADDRESS
613190;613191;HAS_ADDRESS
613192;613193;HAS_ADDRESS
613194;613195;HAS_ADDRESS
613196;613197;HAS_ADDRESS
613198;613199;HAS_ADDRESS
613200;613201;HAS_ADDRESS
613202;613203;HAS_ADDRESS
613204;613205;HAS_ADDRESS
613206;613207;HAS_ADDRESS
613208;613209;HAS_ADDRESS
613210;613211;HAS_ADDRESS
613212;613213;HAS_ADDRESS
613214;613215;HAS_ADDRESS
613216;613217;HAS_ADDRESS
613218;613219;HAS_ADDRESS
613220;613221;HAS_ADDRESS
613222;613223;HAS_ADDRESS
613224;613225;HAS_ADDRESS
613226;613227;HAS_ADDRESS
613228;613229;HAS_ADDRESS
613230;613231;HAS_ADDRESS
613232;613233;HAS_ADDRESS
613234;613235;HAS_ADDRESS
613236;613237;HAS_ADDRESS
613238;613239;HAS_ADDRESS
613240;613241;HAS_ADDRESS
613242;613243;HAS_ADDRESS
613244;613245;HAS_ADDRESS
613246;613247;HAS_ADDRESS
613248;613249;HAS_ADDRESS
613250;613251;HAS_ADDRESS
613252;613253;HAS_ADDRESS
613254;613255;HAS_ADDRESS
613256;613257;HAS_ADDRESS
613258;613259;HAS_ADDRESS
613260;613261;HAS_ADDRESS
613262;613263;HAS_ADDRESS
613264;613265;HAS_ADDRESS
613266;613267;HAS_ADDRESS
613268;613269;HAS_ADDRESS
613270;613271;HAS_ADDRESS
613272;613273;HAS_ADDRESS
613274;613275;HAS_ADDRESS
613276;613277;HAS_ADDRESS
613278;613279;HAS_ADDRESS
613280;613281;HAS_ADDRESS
613282;613283;HAS_ADDRESS
613284;613285;HAS_ADDRESS
613286;613287;HAS_ADDRESS
613288;613289;HAS_ADDRESS
613290;613291;HAS_ADDRESS
613292;613293;HAS_ADDRESS
613294;613295;HAS_ADDRESS
613296;613297;HAS_ADDRESS
613298;613299;HAS_ADDRESS
613300;613301;HAS_ADDRESS
613302;613303;HAS_ADDRESS
613304;613305;HAS_ADDRESS
613306;613307;HAS_ADDRESS
613308;613309;HAS_ADDRESS
613310;613311;HAS_ADDRESS
613312;613313;HAS_ADDRESS
613314;613315;HAS_ADDRESS
613316;613317;HAS_ADDRESS
613318;613319;HAS_ADDRESS
613320;613321;HAS_ADDRESS
613322;613323;HAS_ADDRESS
613324;613325;HAS_ADDRESS
613326;613327;HAS_ADDRESS
613328;613329;HAS_ADDRESS
613330;613331;HAS_ADDRESS
613332;613333;HAS_ADDRESS
613334;613335;HAS_ADDRESS
613336;613337;HAS_ADDRESS
613338;613339;HAS_ADDRESS
613340;613341;HAS_ADDRESS
613342;613343;HAS_ADDRESS
613344;613345;HAS_ADDRESS
613346;613347;HAS_ADDRESS
613348;613349;HAS_ADDRESS
613350;613351;HAS_ADDRESS
613352;613353;HAS_ADDRESS
613354;613355;HAS_ADDRESS
613356;613357;HAS_ADDRESS
613358;613359;HAS_ADDRESS
613360;613361;HAS_ADDRESS
613362;613363;HAS_ADDRESS
613364;613365;HAS_ADDRESS
613366;613367;HAS_ADDRESS
613368;613369;HAS_ADDRESS
613370;613371;HAS_ADDRESS
613372;613373;HAS_ADDRESS
613374;613375;HAS_ADDRESS
613376;613377;HAS_ADDRESS
613378;613379;HAS_ADDRESS
613380;613381;HAS_ADDRESS
613382;613383;HAS_ADDRESS
613384;613385;HAS_ADDRESS
613386;613387;HAS_ADDRESS
613388;613389;HAS_ADDRESS
613390;613391;HAS_ADDRESS
613392;613393;HAS_ADDRESS
613394;613395;HAS_ADDRESS
613396;613397;HAS_ADDRESS
613398;613399;HAS_ADDRESS
613400;613401;HAS_ADDRESS
613402;613403;HAS_ADDRESS
613404;613405;HAS_ADDRESS
613406;613407;HAS_ADDRESS
613408;613409;HAS_ADDRESS
613410;613411;HAS_ADDRESS
613412;613413;HAS_ADDRESS
613414;613415;HAS_ADDRESS
613416;613417;HAS_ADDRESS
613418;613419;HAS_ADDRESS
613420;613421;HAS_ADDRESS
613422;613423;HAS_ADDRESS
613424;613425;HAS_ADDRESS
613426;613427;HAS_ADDRESS
613428;613429;HAS_ADDRESS
613430;613431;HAS_ADDRESS
613432;613433;HAS_ADDRESS
613434;613435;HAS_ADDRESS
613436;613437;HAS_ADDRESS
613438;613439;HAS_ADDRESS
613440;613441;HAS_ADDRESS
613442;613443;HAS_ADDRESS
613444;613445;HAS_ADDRESS
613446;613447;HAS_ADDRESS
613448;613449;HAS_ADDRESS
613450;613451;HAS_ADDRESS
613452;613453;HAS_ADDRESS
613454;613455;HAS_ADDRESS
613456;613457;HAS_ADDRESS
613458;613459;HAS_ADDRESS
613460;613461;HAS_ADDRESS
613462;613463;HAS_ADDRESS
613464;613465;HAS_ADDRESS
613466;613467;HAS_ADDRESS
613468;613469;HAS_ADDRESS
613470;613471;HAS_ADDRESS
613472;613473;HAS_ADDRESS
613474;613475;HAS_ADDRESS
613476;613477;HAS_ADDRESS
613478;613479;HAS_ADDRESS
613480;613481;HAS_ADDRESS
613482;613483;HAS_ADDRESS
613484;613485;HAS_ADDRESS
613486;613487;HAS_ADDRESS
613488;613489;HAS_ADDRESS
613490;613491;HAS_ADDRESS
613492;613493;HAS_ADDRESS
613494;613495;HAS_ADDRESS
613496;613497;HAS_ADDRESS
613498;613499;HAS_ADDRESS
613500;613501;HAS_ADDRESS
613502;613503;HAS_ADDRESS
613504;613505;HAS_ADDRESS
613506;613507;HAS_ADDRESS
613508;613509;HAS_ADDRESS
613510;613511;HAS_ADDRESS
613512;613513;HAS_ADDRESS
613514;613515;HAS_ADDRESS
613516;613517;HAS_ADDRESS
613518;613519;HAS_ADDRESS
613520;613521;HAS_ADDRESS
613522;613523;HAS_ADDRESS
613524;613525;HAS_ADDRESS
613526;613527;HAS_ADDRESS
613528;613529;HAS_ADDRESS
613530;613531;HAS_ADDRESS
613532;613533;HAS_ADDRESS
613534;613535;HAS_ADDRESS
613536;613537;HAS_ADDRESS
613538;613539;HAS_ADDRESS
613540;613541;HAS_ADDRESS
613542;613543;HAS_ADDRESS
613544;613545;HAS_ADDRESS
613546;613547;HAS_ADDRESS
613548;613549;HAS_ADDRESS
613550;613551;HAS_ADDRESS
613552;613553;HAS_ADDRESS
613554;613555;HAS_ADDRESS
613556;613557;HAS_ADDRESS
613558;613559;HAS_ADDRESS
613560;613561;HAS_ADDRESS
613562;613563;HAS_ADDRESS
613564;613565;HAS_ADDRESS
613566;613567;HAS_ADDRESS
613568;613569;HAS_ADDRESS
613570;613571;HAS_ADDRESS
613572;613573;HAS_ADDRESS
613574;613575;HAS_ADDRESS
613576;613577;HAS_ADDRESS
613578;613579;HAS_ADDRESS
613580;613581;HAS_ADDRESS
613582;613583;HAS_ADDRESS
613584;613585;HAS_ADDRESS
613586;613587;HAS_ADDRESS
613588;613589;HAS_ADDRESS
613590;613591;HAS_ADDRESS
613592;613593;HAS_ADDRESS
613594;613595;HAS_ADDRESS
613596;613597;HAS_ADDRESS
613598;613599;HAS_ADDRESS
613600;613601;HAS_ADDRESS
613602;613603;HAS_ADDRESS
613604;613605;HAS_ADDRESS
613606;613607;HAS_ADDRESS
613608;613609;HAS_ADDRESS
613610;613611;HAS_ADDRESS
613612;613613;HAS_ADDRESS
613614;613615;HAS_ADDRESS
613616;613617;HAS_ADDRESS
613618;613619;HAS_ADDRESS
613620;613621;HAS_ADDRESS
613622;613623;HAS_ADDRESS
613624;613625;HAS_ADDRESS
613626;613627;HAS_ADDRESS
613628;613629;HAS_ADDRESS
613630;613631;HAS_ADDRESS
613632;613633;HAS_ADDRESS
613634;613635;HAS_ADDRESS
613636;613637;HAS_ADDRESS
613638;613639;HAS_ADDRESS
613640;613641;HAS_ADDRESS
613642;613643;HAS_ADDRESS
613644;613645;HAS_ADDRESS
613646;613647;HAS_ADDRESS
613648;613649;HAS_ADDRESS
613650;613651;HAS_ADDRESS
613652;613653;HAS_ADDRESS
613654;613655;HAS_ADDRESS
613656;613657;HAS_ADDRESS
613658;613659;HAS_ADDRESS
613660;613661;HAS_ADDRESS
613662;613663;HAS_ADDRESS
613664;613665;HAS_ADDRESS
613666;613667;HAS_ADDRESS
613668;613669;HAS_ADDRESS
613670;613671;HAS_ADDRESS
613672;613673;HAS_ADDRESS
613674;613675;HAS_ADDRESS
613676;613677;HAS_ADDRESS
613678;613679;HAS_ADDRESS
613680;613681;HAS_ADDRESS
613682;613683;HAS_ADDRESS
613684;613685;HAS_ADDRESS
613686;613687;HAS_ADDRESS
613688;613689;HAS_ADDRESS
613690;613691;HAS_ADDRESS
613692;613693;HAS_ADDRESS
613694;613695;HAS_ADDRESS
613696;613697;HAS_ADDRESS
613698;613699;HAS_ADDRESS
613700;613701;HAS_ADDRESS
613702;613703;HAS_ADDRESS
613704;613705;HAS_ADDRESS
613706;613707;HAS_ADDRESS
613708;613709;HAS_ADDRESS
613710;613711;HAS_ADDRESS
613712;613713;HAS_ADDRESS
613714;613715;HAS_ADDRESS
613716;613717;HAS_ADDRESS
613718;613719;HAS_ADDRESS
613720;613721;HAS_ADDRESS
613722;613723;HAS_ADDRESS
613724;613725;HAS_ADDRESS
613726;613727;HAS_ADDRESS
613728;613729;HAS_ADDRESS
613730;613731;HAS_ADDRESS
613732;613733;HAS_ADDRESS
613734;613735;HAS_ADDRESS
613736;613737;HAS_ADDRESS
613738;613739;HAS_ADDRESS
613740;613741;HAS_ADDRESS
613742;613743;HAS_ADDRESS
613744;613745;HAS_ADDRESS
613746;613747;HAS_ADDRESS
613748;613749;HAS_ADDRESS
613750;613751;HAS_ADDRESS
613752;613753;HAS_ADDRESS
613754;613755;HAS_ADDRESS
613756;613757;HAS_ADDRESS
613758;613759;HAS_ADDRESS
613760;613761;HAS_ADDRESS
613762;613763;HAS_ADDRESS
613764;613765;HAS_ADDRESS
613766;613767;HAS_ADDRESS
613768;613769;HAS_ADDRESS
613770;613771;HAS_ADDRESS
613772;613773;HAS_ADDRESS
613774;613775;HAS_ADDRESS
613776;613777;HAS_ADDRESS
613778;613779;HAS_ADDRESS
613780;613781;HAS_ADDRESS
613782;613783;HAS_ADDRESS
613784;613785;HAS_ADDRESS
613786;613787;HAS_ADDRESS
613788;613789;HAS_ADDRESS
613790;613791;HAS_ADDRESS
613792;613793;HAS_ADDRESS
613794;613795;HAS_ADDRESS
613796;613797;HAS_ADDRESS
613798;613799;HAS_ADDRESS
613800;613801;HAS_ADDRESS
613802;613803;HAS_ADDRESS
613804;613805;HAS_ADDRESS
613806;613807;HAS_ADDRESS
613808;613809;HAS_ADDRESS
613810;613811;HAS_ADDRESS
613812;613813;HAS_ADDRESS
613814;613815;HAS_ADDRESS
613816;613817;HAS_ADDRESS
613818;613819;HAS_ADDRESS
613820;613821;HAS_ADDRESS
613822;613823;HAS_ADDRESS
613824;613825;HAS_ADDRESS
613826;613827;HAS_ADDRESS
613828;613829;HAS_ADDRESS
613830;613831;HAS_ADDRESS
613832;613833;HAS_ADDRESS
613834;613835;HAS_ADDRESS
613836;613837;HAS_ADDRESS
613838;613839;HAS_ADDRESS
613840;613841;HAS_ADDRESS
613842;613843;HAS_ADDRESS
613844;613845;HAS_ADDRESS
613846;613847;HAS_ADDRESS
613848;613849;HAS_ADDRESS
613850;613851;HAS_ADDRESS
613852;613853;HAS_ADDRESS
613854;613855;HAS_ADDRESS
613856;613857;HAS_ADDRESS
613858;613859;HAS_ADDRESS
613860;613861;HAS_ADDRESS
613862;613863;HAS_ADDRESS
613864;613865;HAS_ADDRESS
613866;613867;HAS_ADDRESS
613868;613869;HAS_ADDRESS
613870;613871;HAS_ADDRESS
613872;613873;HAS_ADDRESS
613874;613875;HAS_ADDRESS
613876;613877;HAS_ADDRESS
613878;613879;HAS_ADDRESS
613880;613881;HAS_ADDRESS
613882;613883;HAS_ADDRESS
613884;613885;HAS_ADDRESS
613886;613887;HAS_ADDRESS
613888;613889;HAS_ADDRESS
613890;613891;HAS_ADDRESS
613892;613893;HAS_ADDRESS
613894;613895;HAS_ADDRESS
613896;613897;HAS_ADDRESS
613898;613899;HAS_ADDRESS
613900;613901;HAS_ADDRESS
613902;613903;HAS_ADDRESS
613904;613905;HAS_ADDRESS
613906;613907;HAS_ADDRESS
613908;613909;HAS_ADDRESS
613910;613911;HAS_ADDRESS
613912;613913;HAS_ADDRESS
613914;613915;HAS_ADDRESS
613916;613917;HAS_ADDRESS
613918;613919;HAS_ADDRESS
613920;613921;HAS_ADDRESS
613922;613923;HAS_ADDRESS
613924;613925;HAS_ADDRESS
613926;613927;HAS_ADDRESS
613928;613929;HAS_ADDRESS
613930;613931;HAS_ADDRESS
613932;613933;HAS_ADDRESS
613934;613935;HAS_ADDRESS
613936;613937;HAS_ADDRESS
613938;613939;HAS_ADDRESS
613940;613941;HAS_ADDRESS
613942;613943;HAS_ADDRESS
613944;613945;HAS_ADDRESS
613946;613947;HAS_ADDRESS
613948;613949;HAS_ADDRESS
613950;613951;HAS_ADDRESS
613952;613953;HAS_ADDRESS
613954;613955;HAS_ADDRESS
613956;613957;HAS_ADDRESS
613958;613959;HAS_ADDRESS
613960;613961;HAS_ADDRESS
613962;613963;HAS_ADDRESS
613964;613965;HAS_ADDRESS
613966;613967;HAS_ADDRESS
613968;613969;HAS_ADDRESS
613970;613971;HAS_ADDRESS
613972;613973;HAS_ADDRESS
613974;613975;HAS_ADDRESS
613976;613977;HAS_ADDRESS
613978;613979;HAS_ADDRESS
613980;613981;HAS_ADDRESS
613982;613983;HAS_ADDRESS
613984;613985;HAS_ADDRESS
613986;613987;HAS_ADDRESS
613988;613989;HAS_ADDRESS
613990;613991;HAS_ADDRESS
613992;613993;HAS_ADDRESS
613994;613995;HAS_ADDRESS
613996;613997;HAS_ADDRESS
613998;613999;HAS_ADDRESS
614000;614001;HAS_ADDRESS
614002;614003;HAS_ADDRESS
614004;614005;HAS_ADDRESS
614006;614007;HAS_ADDRESS
614008;614009;HAS_ADDRESS
614010;614011;HAS_ADDRESS
614012;614013;HAS_ADDRESS
614014;614015;HAS_ADDRESS
614016;614017;HAS_ADDRESS
614018;614019;HAS_ADDRESS
614020;614021;HAS_ADDRESS
614022;614023;HAS_ADDRESS
614024;614025;HAS_ADDRESS
614026;614027;HAS_ADDRESS
614028;614029;HAS_ADDRESS
614030;614031;HAS_ADDRESS
614032;614033;HAS_ADDRESS
614034;614035;HAS_ADDRESS
614036;614037;HAS_ADDRESS
614038;614039;HAS_ADDRESS
614040;614041;HAS_ADDRESS
614042;614043;HAS_ADDRESS
614044;614045;HAS_ADDRESS
614046;614047;HAS_ADDRESS
614048;614049;HAS_ADDRESS
614050;614051;HAS_ADDRESS
614052;614053;HAS_ADDRESS
614054;614055;HAS_ADDRESS
614056;614057;HAS_ADDRESS
614058;614059;HAS_ADDRESS
614060;614061;HAS_ADDRESS
614062;614063;HAS_ADDRESS
614064;614065;HAS_ADDRESS
614066;614067;HAS_ADDRESS
614068;614069;HAS_ADDRESS
614070;614071;HAS_ADDRESS
614072;614073;HAS_ADDRESS
614074;614075;HAS_ADDRESS
614076;614077;HAS_ADDRESS
614078;614079;HAS_ADDRESS
614080;614081;HAS_ADDRESS
614082;614083;HAS_ADDRESS
614084;614085;HAS_ADDRESS
614086;614087;HAS_ADDRESS
614088;614089;HAS_ADDRESS
614090;614091;HAS_ADDRESS
614092;614093;HAS_ADDRESS
614094;614095;HAS_ADDRESS
614096;614097;HAS_ADDRESS
614098;614099;HAS_ADDRESS
614100;614101;HAS_ADDRESS
614102;614103;HAS_ADDRESS
614104;614105;HAS_ADDRESS
614106;614107;HAS_ADDRESS
614108;614109;HAS_ADDRESS
614110;614111;HAS_ADDRESS
614112;614113;HAS_ADDRESS
614114;614115;HAS_ADDRESS
614116;614117;HAS_ADDRESS
614118;614119;HAS_ADDRESS
614120;614121;HAS_ADDRESS
614122;614123;HAS_ADDRESS
614124;614125;HAS_ADDRESS
614126;614127;HAS_ADDRESS
614128;614129;HAS_ADDRESS
614130;614131;HAS_ADDRESS
614132;614133;HAS_ADDRESS
614134;614135;HAS_ADDRESS
614136;614137;HAS_ADDRESS
614138;614139;HAS_ADDRESS
614140;614141;HAS_ADDRESS
614142;614143;HAS_ADDRESS
614144;614145;HAS_ADDRESS
614146;614147;HAS_ADDRESS
614148;614149;HAS_ADDRESS
614150;614151;HAS_ADDRESS
614152;614153;HAS_ADDRESS
614154;614155;HAS_ADDRESS
614156;614157;HAS_ADDRESS
614158;614159;HAS_ADDRESS
614160;614161;HAS_ADDRESS
614162;614163;HAS_ADDRESS
614164;614165;HAS_ADDRESS
614166;614167;HAS_ADDRESS
614168;614169;HAS_ADDRESS
614170;614171;HAS_ADDRESS
614172;614173;HAS_ADDRESS
614174;614175;HAS_ADDRESS
614176;614177;HAS_ADDRESS
614178;614179;HAS_ADDRESS
614180;614181;HAS_ADDRESS
614182;614183;HAS_ADDRESS
614184;614185;HAS_ADDRESS
614186;614187;HAS_ADDRESS
614188;614189;HAS_ADDRESS
614190;614191;HAS_ADDRESS
614192;614193;HAS_ADDRESS
614194;614195;HAS_ADDRESS
614196;614197;HAS_ADDRESS
614198;614199;HAS_ADDRESS
614200;614201;HAS_ADDRESS
614202;614203;HAS_ADDRESS
614204;614205;HAS_ADDRESS
614206;614207;HAS_ADDRESS
614208;614209;HAS_ADDRESS
614210;614211;HAS_ADDRESS
614212;614213;HAS_ADDRESS
614214;614215;HAS_ADDRESS
614216;614217;HAS_ADDRESS
614218;614219;HAS_ADDRESS
614220;614221;HAS_ADDRESS
614222;614223;HAS_ADDRESS
614224;614225;HAS_ADDRESS
614226;614227;HAS_ADDRESS
614228;614229;HAS_ADDRESS
614230;614231;HAS_ADDRESS
614232;614233;HAS_ADDRESS
614234;614235;HAS_ADDRESS
614236;614237;HAS_ADDRESS
614238;614239;HAS_ADDRESS
614240;614241;HAS_ADDRESS
614242;614243;HAS_ADDRESS
614244;614245;HAS_ADDRESS
614246;614247;HAS_ADDRESS
614248;614249;HAS_ADDRESS
614250;614251;HAS_ADDRESS
614252;614253;HAS_ADDRESS
614254;614255;HAS_ADDRESS
614256;614257;HAS_ADDRESS
614258;614259;HAS_ADDRESS
614260;614261;HAS_ADDRESS
614262;614263;HAS_ADDRESS
614264;614265;HAS_ADDRESS
614266;614267;HAS_ADDRESS
614268;614269;HAS_ADDRESS
614270;614271;HAS_ADDRESS
614272;614273;HAS_ADDRESS
614274;614275;HAS_ADDRESS
614276;614277;HAS_ADDRESS
614278;614279;HAS_ADDRESS
614280;614281;HAS_ADDRESS
614282;614283;HAS_ADDRESS
614284;614285;HAS_ADDRESS
614286;614287;HAS_ADDRESS
614288;614289;HAS_ADDRESS
614290;614291;HAS_ADDRESS
614292;614293;HAS_ADDRESS
614294;614295;HAS_ADDRESS
614296;614297;HAS_ADDRESS
614298;614299;HAS_ADDRESS
614300;614301;HAS_ADDRESS
614302;614303;HAS_ADDRESS
614304;614305;HAS_ADDRESS
614306;614307;HAS_ADDRESS
614308;614309;HAS_ADDRESS
614310;614311;HAS_ADDRESS
614312;614313;HAS_ADDRESS
614314;614315;HAS_ADDRESS
614316;614317;HAS_ADDRESS
614318;614319;HAS_ADDRESS
614320;614321;HAS_ADDRESS
614322;614323;HAS_ADDRESS
614324;614325;HAS_ADDRESS
614326;614327;HAS_ADDRESS
614328;614329;HAS_ADDRESS
614330;614331;HAS_ADDRESS
614332;614333;HAS_ADDRESS
614334;614335;HAS_ADDRESS
614336;614337;HAS_ADDRESS
614338;614339;HAS_ADDRESS
614340;614341;HAS_ADDRESS
614342;614343;HAS_ADDRESS
614344;614345;HAS_ADDRESS
614346;614347;HAS_ADDRESS
614348;614349;HAS_ADDRESS
614350;614351;HAS_ADDRESS
614352;614353;HAS_ADDRESS
614354;614355;HAS_ADDRESS
614356;614357;HAS_ADDRESS
614358;614359;HAS_ADDRESS
614360;614361;HAS_ADDRESS
614362;614363;HAS_ADDRESS
614364;614365;HAS_ADDRESS
614366;614367;HAS_ADDRESS
614368;614369;HAS_ADDRESS
614370;614371;HAS_ADDRESS
614372;614373;HAS_ADDRESS
614374;614375;HAS_ADDRESS
614376;614377;HAS_ADDRESS
614378;614379;HAS_ADDRESS
614380;614381;HAS_ADDRESS
614382;614383;HAS_ADDRESS
614384;614385;HAS_ADDRESS
614386;614387;HAS_ADDRESS
614388;614389;HAS_ADDRESS
614390;614391;HAS_ADDRESS
614392;614393;HAS_ADDRESS
614394;614395;HAS_ADDRESS
614396;614397;HAS_ADDRESS
614398;614399;HAS_ADDRESS
614400;614401;HAS_ADDRESS
614402;614403;HAS_ADDRESS
614404;614405;HAS_ADDRESS
614406;614407;HAS_ADDRESS
614408;614409;HAS_ADDRESS
614410;614411;HAS_ADDRESS
614412;614413;HAS_ADDRESS
614414;614415;HAS_ADDRESS
614416;614417;HAS_ADDRESS
614418;614419;HAS_ADDRESS
614420;614421;HAS_ADDRESS
614422;614423;HAS_ADDRESS
614424;614425;HAS_ADDRESS
614426;614427;HAS_ADDRESS
614428;614429;HAS_ADDRESS
614430;614431;HAS_ADDRESS
614432;614433;HAS_ADDRESS
614434;614435;HAS_ADDRESS
614436;614437;HAS_ADDRESS
614438;614439;HAS_ADDRESS
614440;614441;HAS_ADDRESS
614442;614443;HAS_ADDRESS
614444;614445;HAS_ADDRESS
614446;614447;HAS_ADDRESS
614448;614449;HAS_ADDRESS
614450;614451;HAS_ADDRESS
614452;614453;HAS_ADDRESS
614454;614455;HAS_ADDRESS
614456;614457;HAS_ADDRESS
614458;614459;HAS_ADDRESS
614460;614461;HAS_ADDRESS
614462;614463;HAS_ADDRESS
614464;614465;HAS_ADDRESS
614466;614467;HAS_ADDRESS
614468;614469;HAS_ADDRESS
614470;614471;HAS_ADDRESS
614472;614473;HAS_ADDRESS
614474;614475;HAS_ADDRESS
614476;614477;HAS_ADDRESS
614478;614479;HAS_ADDRESS
614480;614481;HAS_ADDRESS
614482;614483;HAS_ADDRESS
614484;614485;HAS_ADDRESS
614486;614487;HAS_ADDRESS
614488;614489;HAS_ADDRESS
614490;614491;HAS_ADDRESS
614492;614493;HAS_ADDRESS
614494;614495;HAS_ADDRESS
614496;614497;HAS_ADDRESS
614498;614499;HAS_ADDRESS
614500;614501;HAS_ADDRESS
614502;614503;HAS_ADDRESS
614504;614505;HAS_ADDRESS
614506;614507;HAS_ADDRESS
614508;614509;HAS_ADDRESS
614510;614511;HAS_ADDRESS
614512;614513;HAS_ADDRESS
614514;614515;HAS_ADDRESS
614516;614517;HAS_ADDRESS
614518;614519;HAS_ADDRESS
614520;614521;HAS_ADDRESS
614522;614523;HAS_ADDRESS
614524;614525;HAS_ADDRESS
614526;614527;HAS_ADDRESS
614528;614529;HAS_ADDRESS
614530;614531;HAS_ADDRESS
614532;614533;HAS_ADDRESS
614534;614535;HAS_ADDRESS
614536;614537;HAS_ADDRESS
614538;614539;HAS_ADDRESS
614540;614541;HAS_ADDRESS
614542;614543;HAS_ADDRESS
614544;614545;HAS_ADDRESS
614546;614547;HAS_ADDRESS
614548;614549;HAS_ADDRESS
614550;614551;HAS_ADDRESS
614552;614553;HAS_ADDRESS
614554;614555;HAS_ADDRESS
614556;614557;HAS_ADDRESS
614558;614559;HAS_ADDRESS
614560;614561;HAS_ADDRESS
614562;614563;HAS_ADDRESS
614564;614565;HAS_ADDRESS
614566;614567;HAS_ADDRESS
614568;614569;HAS_ADDRESS
614570;614571;HAS_ADDRESS
614572;614573;HAS_ADDRESS
614574;614575;HAS_ADDRESS
614576;614577;HAS_ADDRESS
614578;614579;HAS_ADDRESS
614580;614581;HAS_ADDRESS
614582;614583;HAS_ADDRESS
614584;614585;HAS_ADDRESS
614586;614587;HAS_ADDRESS
614588;614589;HAS_ADDRESS
614590;614591;HAS_ADDRESS
614592;614593;HAS_ADDRESS
614594;614595;HAS_ADDRESS
614596;614597;HAS_ADDRESS
614598;614599;HAS_ADDRESS
614600;614601;HAS_ADDRESS
614602;614603;HAS_ADDRESS
614604;614605;HAS_ADDRESS
614606;614607;HAS_ADDRESS
614608;614609;HAS_ADDRESS
614610;614611;HAS_ADDRESS
614612;614613;HAS_ADDRESS
614614;614615;HAS_ADDRESS
614616;614617;HAS_ADDRESS
614618;614619;HAS_ADDRESS
614620;614621;HAS_ADDRESS
614622;614623;HAS_ADDRESS
614624;614625;HAS_ADDRESS
614626;614627;HAS_ADDRESS
614628;614629;HAS_ADDRESS
614630;614631;HAS_ADDRESS
614632;614633;HAS_ADDRESS
614634;614635;HAS_ADDRESS
614636;614637;HAS_ADDRESS
614638;614639;HAS_ADDRESS
614640;614641;HAS_ADDRESS
614642;614643;HAS_ADDRESS
614644;614645;HAS_ADDRESS
614646;614647;HAS_ADDRESS
614648;614649;HAS_ADDRESS
614650;614651;HAS_ADDRESS
614652;614653;HAS_ADDRESS
614654;614655;HAS_ADDRESS
614656;614657;HAS_ADDRESS
614658;614659;HAS_ADDRESS
614660;614661;HAS_ADDRESS
614662;614663;HAS_ADDRESS
614664;614665;HAS_ADDRESS
614666;614667;HAS_ADDRESS
614668;614669;HAS_ADDRESS
614670;614671;HAS_ADDRESS
614672;614673;HAS_ADDRESS
614674;614675;HAS_ADDRESS
614676;614677;HAS_ADDRESS
614678;614679;HAS_ADDRESS
614680;614681;HAS_ADDRESS
614682;614683;HAS_ADDRESS
614684;614685;HAS_ADDRESS
614686;614687;HAS_ADDRESS
614688;614689;HAS_ADDRESS
614690;614691;HAS_ADDRESS
614692;614693;HAS_ADDRESS
614694;614695;HAS_ADDRESS
614696;614697;HAS_ADDRESS
614698;614699;HAS_ADDRESS
614700;614701;HAS_ADDRESS
614702;614703;HAS_ADDRESS
614704;614705;HAS_ADDRESS
614706;614707;HAS_ADDRESS
614708;614709;HAS_ADDRESS
614710;614711;HAS_ADDRESS
614712;614713;HAS_ADDRESS
614714;614715;HAS_ADDRESS
614716;614717;HAS_ADDRESS
614718;614719;HAS_ADDRESS
614720;614721;HAS_ADDRESS
614722;614723;HAS_ADDRESS
614724;614725;HAS_ADDRESS
614726;614727;HAS_ADDRESS
614728;614729;HAS_ADDRESS
614730;614731;HAS_ADDRESS
614732;614733;HAS_ADDRESS
614734;614735;HAS_ADDRESS
614736;614737;HAS_ADDRESS
614738;614739;HAS_ADDRESS
614740;614741;HAS_ADDRESS
614742;614743;HAS_ADDRESS
614744;614745;HAS_ADDRESS
614746;614747;HAS_ADDRESS
614748;614749;HAS_ADDRESS
614750;614751;HAS_ADDRESS
614752;614753;HAS_ADDRESS
614754;614755;HAS_ADDRESS
614756;614757;HAS_ADDRESS
614758;614759;HAS_ADDRESS
614760;614761;HAS_ADDRESS
614762;614763;HAS_ADDRESS
614764;614765;HAS_ADDRESS
614766;614767;HAS_ADDRESS
614768;614769;HAS_ADDRESS
614770;614771;HAS_ADDRESS
614772;614773;HAS_ADDRESS
614774;614775;HAS_ADDRESS
614776;614777;HAS_ADDRESS
614778;614779;HAS_ADDRESS
614780;614781;HAS_ADDRESS
614782;614783;HAS_ADDRESS
614784;614785;HAS_ADDRESS
614786;614787;HAS_ADDRESS
614788;614789;HAS_ADDRESS
614790;614791;HAS_ADDRESS
614792;614793;HAS_ADDRESS
614794;614795;HAS_ADDRESS
614796;614797;HAS_ADDRESS
614798;614799;HAS_ADDRESS
614800;614801;HAS_ADDRESS
614802;614803;HAS_ADDRESS
614804;614805;HAS_ADDRESS
614806;614807;HAS_ADDRESS
614808;614809;HAS_ADDRESS
614810;614811;HAS_ADDRESS
614812;614813;HAS_ADDRESS
614814;614815;HAS_ADDRESS
614816;614817;HAS_ADDRESS
614818;614819;HAS_ADDRESS
614820;614821;HAS_ADDRESS
614822;614823;HAS_ADDRESS
614824;614825;HAS_ADDRESS
614826;614827;HAS_ADDRESS
614828;614829;HAS_ADDRESS
614830;614831;HAS_ADDRESS
614832;614833;HAS_ADDRESS
614834;614835;HAS_ADDRESS
614836;614837;HAS_ADDRESS
614838;614839;HAS_ADDRESS
614840;614841;HAS_ADDRESS
614842;614843;HAS_ADDRESS
614844;614845;HAS_ADDRESS
614846;614847;HAS_ADDRESS
614848;614849;HAS_ADDRESS
614850;614851;HAS_ADDRESS
614852;614853;HAS_ADDRESS
614854;614855;HAS_ADDRESS
614856;614857;HAS_ADDRESS
614858;614859;HAS_ADDRESS
614860;614861;HAS_ADDRESS
614862;614863;HAS_ADDRESS
614864;614865;HAS_ADDRESS
614866;614867;HAS_ADDRESS
614868;614869;HAS_ADDRESS
614870;614871;HAS_ADDRESS
614872;614873;HAS_ADDRESS
614874;614875;HAS_ADDRESS
614876;614877;HAS_ADDRESS
614878;614879;HAS_ADDRESS
614880;614881;HAS_ADDRESS
614882;614883;HAS_ADDRESS
614884;614885;HAS_ADDRESS
614886;614887;HAS_ADDRESS
614888;614889;HAS_ADDRESS
614890;614891;HAS_ADDRESS
614892;614893;HAS_ADDRESS
614894;614895;HAS_ADDRESS
614896;614897;HAS_ADDRESS
614898;614899;HAS_ADDRESS
614900;614901;HAS_ADDRESS
614902;614903;HAS_ADDRESS
614904;614905;HAS_ADDRESS
614906;614907;HAS_ADDRESS
614908;614909;HAS_ADDRESS
614910;614911;HAS_ADDRESS
614912;614913;HAS_ADDRESS
614914;614915;HAS_ADDRESS
614916;614917;HAS_ADDRESS
614918;614919;HAS_ADDRESS
614920;614921;HAS_ADDRESS
614922;614923;HAS_ADDRESS
614924;614925;HAS_ADDRESS
614926;614927;HAS_ADDRESS
614928;614929;HAS_ADDRESS
614930;614931;HAS_ADDRESS
614932;614933;HAS_ADDRESS
614934;614935;HAS_ADDRESS
614936;614937;HAS_ADDRESS
614938;614939;HAS_ADDRESS
614940;614941;HAS_ADDRESS
614942;614943;HAS_ADDRESS
614944;614945;HAS_ADDRESS
614946;614947;HAS_ADDRESS
614948;614949;HAS_ADDRESS
614950;614951;HAS_ADDRESS
614952;614953;HAS_ADDRESS
614954;614955;HAS_ADDRESS
614956;614957;HAS_ADDRESS
614958;614959;HAS_ADDRESS
614960;614961;HAS_ADDRESS
614962;614963;HAS_ADDRESS
614964;614965;HAS_ADDRESS
614966;614967;HAS_ADDRESS
614968;614969;HAS_ADDRESS
614970;614971;HAS_ADDRESS
614972;614973;HAS_ADDRESS
614974;614975;HAS_ADDRESS
614976;614977;HAS_ADDRESS
614978;614979;HAS_ADDRESS
614980;614981;HAS_ADDRESS
614982;614983;HAS_ADDRESS
614984;614985;HAS_ADDRESS
614986;614987;HAS_ADDRESS
614988;614989;HAS_ADDRESS
614990;614991;HAS_ADDRESS
614992;614993;HAS_ADDRESS
614994;614995;HAS_ADDRESS
614996;614997;HAS_ADDRESS
614998;614999;HAS_ADDRESS
615000;615001;HAS_ADDRESS
615002;615003;HAS_ADDRESS
615004;615005;HAS_ADDRESS
615006;615007;HAS_ADDRESS
615008;615009;HAS_ADDRESS
615010;615011;HAS_ADDRESS
615012;615013;HAS_ADDRESS
615014;615015;HAS_ADDRESS
615016;615017;HAS_ADDRESS
615018;615019;HAS_ADDRESS
615020;615021;HAS_ADDRESS
615022;615023;HAS_ADDRESS
615024;615025;HAS_ADDRESS
615026;615027;HAS_ADDRESS
615028;615029;HAS_ADDRESS
615030;615031;HAS_ADDRESS
615032;615033;HAS_ADDRESS
615034;615035;HAS_ADDRESS
615036;615037;HAS_ADDRESS
615038;615039;HAS_ADDRESS
615040;615041;HAS_ADDRESS
615042;615043;HAS_ADDRESS
615044;615045;HAS_ADDRESS
615046;615047;HAS_ADDRESS
615048;615049;HAS_ADDRESS
615050;615051;HAS_ADDRESS
615052;615053;HAS_ADDRESS
615054;615055;HAS_ADDRESS
615056;615057;HAS_ADDRESS
615058;615059;HAS_ADDRESS
615060;615061;HAS_ADDRESS
615062;615063;HAS_ADDRESS
615064;615065;HAS_ADDRESS
615066;615067;HAS_ADDRESS
615068;615069;HAS_ADDRESS
615070;615071;HAS_ADDRESS
615072;615073;HAS_ADDRESS
615074;615075;HAS_ADDRESS
615076;615077;HAS_ADDRESS
615078;615079;HAS_ADDRESS
615080;615081;HAS_ADDRESS
615082;615083;HAS_ADDRESS
615084;615085;HAS_ADDRESS
615086;615087;HAS_ADDRESS
615088;615089;HAS_ADDRESS
615090;615091;HAS_ADDRESS
615092;615093;HAS_ADDRESS
615094;615095;HAS_ADDRESS
615096;615097;HAS_ADDRESS
615098;615099;HAS_ADDRESS
615100;615101;HAS_ADDRESS
615102;615103;HAS_ADDRESS
615104;615105;HAS_ADDRESS
615106;615107;HAS_ADDRESS
615108;615109;HAS_ADDRESS
615110;615111;HAS_ADDRESS
615112;615113;HAS_ADDRESS
615114;615115;HAS_ADDRESS
615116;615117;HAS_ADDRESS
615118;615119;HAS_ADDRESS
615120;615121;HAS_ADDRESS
615122;615123;HAS_ADDRESS
615124;615125;HAS_ADDRESS
615126;615127;HAS_ADDRESS
615128;615129;HAS_ADDRESS
615130;615131;HAS_ADDRESS
615132;615133;HAS_ADDRESS
615134;615135;HAS_ADDRESS
615136;615137;HAS_ADDRESS
615138;615139;HAS_ADDRESS
615140;615141;HAS_ADDRESS
615142;615143;HAS_ADDRESS
615144;615145;HAS_ADDRESS
615146;615147;HAS_ADDRESS
615148;615149;HAS_ADDRESS
615150;615151;HAS_ADDRESS
615152;615153;HAS_ADDRESS
615154;615155;HAS_ADDRESS
615156;615157;HAS_ADDRESS
615158;615159;HAS_ADDRESS
615160;615161;HAS_ADDRESS
615162;615163;HAS_ADDRESS
615164;615165;HAS_ADDRESS
615166;615167;HAS_ADDRESS
615168;615169;HAS_ADDRESS
615170;615171;HAS_ADDRESS
615172;615173;HAS_ADDRESS
615174;615175;HAS_ADDRESS
615176;615177;HAS_ADDRESS
615178;615179;HAS_ADDRESS
615180;615181;HAS_ADDRESS
615182;615183;HAS_ADDRESS
615184;615185;HAS_ADDRESS
615186;615187;HAS_ADDRESS
615188;615189;HAS_ADDRESS
615190;615191;HAS_ADDRESS
615192;615193;HAS_ADDRESS
615194;615195;HAS_ADDRESS
615196;615197;HAS_ADDRESS
615198;615199;HAS_ADDRESS
615200;615201;HAS_ADDRESS
615202;615203;HAS_ADDRESS
615204;615205;HAS_ADDRESS
615206;615207;HAS_ADDRESS
615208;615209;HAS_ADDRESS
615210;615211;HAS_ADDRESS
615212;615213;HAS_ADDRESS
615214;615215;HAS_ADDRESS
615216;615217;HAS_ADDRESS
615218;615219;HAS_ADDRESS
615220;615221;HAS_ADDRESS
615222;615223;HAS_ADDRESS
615224;615225;HAS_ADDRESS
615226;615227;HAS_ADDRESS
615228;615229;HAS_ADDRESS
615230;615231;HAS_ADDRESS
615232;615233;HAS_ADDRESS
615234;615235;HAS_ADDRESS
615236;615237;HAS_ADDRESS
615238;615239;HAS_ADDRESS
615240;615241;HAS_ADDRESS
615242;615243;HAS_ADDRESS
615244;615245;HAS_ADDRESS
615246;615247;HAS_ADDRESS
615248;615249;HAS_ADDRESS
615250;615251;HAS_ADDRESS
615252;615253;HAS_ADDRESS
615254;615255;HAS_ADDRESS
615256;615257;HAS_ADDRESS
615258;615259;HAS_ADDRESS
615260;615261;HAS_ADDRESS
615262;615263;HAS_ADDRESS
615264;615265;HAS_ADDRESS
615266;615267;HAS_ADDRESS
615268;615269;HAS_ADDRESS
615270;615271;HAS_ADDRESS
615272;615273;HAS_ADDRESS
615274;615275;HAS_ADDRESS
615276;615277;HAS_ADDRESS
615278;615279;HAS_ADDRESS
615280;615281;HAS_ADDRESS
615282;615283;HAS_ADDRESS
615284;615285;HAS_ADDRESS
615286;615287;HAS_ADDRESS
615288;615289;HAS_ADDRESS
615290;615291;HAS_ADDRESS
615292;615293;HAS_ADDRESS
615294;615295;HAS_ADDRESS
615296;615297;HAS_ADDRESS
615298;615299;HAS_ADDRESS
615300;615301;HAS_ADDRESS
615302;615303;HAS_ADDRESS
615304;615305;HAS_ADDRESS
615306;615307;HAS_ADDRESS
615308;615309;HAS_ADDRESS
615310;615311;HAS_ADDRESS
615312;615313;HAS_ADDRESS
615314;615315;HAS_ADDRESS
615316;615317;HAS_ADDRESS
615318;615319;HAS_ADDRESS
615320;615321;HAS_ADDRESS
615322;615323;HAS_ADDRESS
615324;615325;HAS_ADDRESS
615326;615327;HAS_ADDRESS
615328;615329;HAS_ADDRESS
615330;615331;HAS_ADDRESS
615332;615333;HAS_ADDRESS
615334;615335;HAS_ADDRESS
615336;615337;HAS_ADDRESS
615338;615339;HAS_ADDRESS
615340;615341;HAS_ADDRESS
615342;615343;HAS_ADDRESS
615344;615345;HAS_ADDRESS
615346;615347;HAS_ADDRESS
615348;615349;HAS_ADDRESS
615350;615351;HAS_ADDRESS
615352;615353;HAS_ADDRESS
615354;615355;HAS_ADDRESS
615356;615357;HAS_ADDRESS
615358;615359;HAS_ADDRESS
615360;615361;HAS_ADDRESS
615362;615363;HAS_ADDRESS
615364;615365;HAS_ADDRESS
615366;615367;HAS_ADDRESS
615368;615369;HAS_ADDRESS
615370;615371;HAS_ADDRESS
615372;615373;HAS_ADDRESS
615374;615375;HAS_ADDRESS
615376;615377;HAS_ADDRESS
615378;615379;HAS_ADDRESS
615380;615381;HAS_ADDRESS
615382;615383;HAS_ADDRESS
615384;615385;HAS_ADDRESS
615386;615387;HAS_ADDRESS
615388;615389;HAS_ADDRESS
615390;615391;HAS_ADDRESS
615392;615393;HAS_ADDRESS
615394;615395;HAS_ADDRESS
615396;615397;HAS_ADDRESS
615398;615399;HAS_ADDRESS
615400;449401;HAS_ADDRESS
615401;449406;HAS_ADDRESS
615402;449411;HAS_ADDRESS
615403;449416;HAS_ADDRESS
615404;449421;HAS_ADDRESS
615405;449426;HAS_ADDRESS
615406;449431;HAS_ADDRESS
615407;449436;HAS_ADDRESS
615408;449441;HAS_ADDRESS
615409;449446;HAS_ADDRESS
615410;449451;HAS_ADDRESS
615411;449456;HAS_ADDRESS
615412;449461;HAS_ADDRESS
615413;449466;HAS_ADDRESS
615414;449471;HAS_ADDRESS
615415;449476;HAS_ADDRESS
615416;449481;HAS_ADDRESS
615417;449486;HAS_ADDRESS
615418;449491;HAS_ADDRESS
615419;449496;HAS_ADDRESS
615420;449501;HAS_ADDRESS
615421;449506;HAS_ADDRESS
615422;449511;HAS_ADDRESS
615423;449516;HAS_ADDRESS
615424;449521;HAS_ADDRESS
615425;449526;HAS_ADDRESS
615426;449531;HAS_ADDRESS
615427;449536;HAS_ADDRESS
615428;449541;HAS_ADDRESS
615429;449546;HAS_ADDRESS
615430;449551;HAS_ADDRESS
615431;449556;HAS_ADDRESS
615432;449561;HAS_ADDRESS
615433;449566;HAS_ADDRESS
615434;449571;HAS_ADDRESS
615435;449576;HAS_ADDRESS
615436;449581;HAS_ADDRESS
615437;449586;HAS_ADDRESS
615438;449591;HAS_ADDRESS
615439;449596;HAS_ADDRESS
615440;449601;HAS_ADDRESS
615441;449606;HAS_ADDRESS
615442;449611;HAS_ADDRESS
615443;449616;HAS_ADDRESS
615444;449621;HAS_ADDRESS
615445;449626;HAS_ADDRESS
615446;449631;HAS_ADDRESS
615447;449636;HAS_ADDRESS
615448;449641;HAS_ADDRESS
615449;449646;HAS_ADDRESS
615450;449651;HAS_ADDRESS
615451;449656;HAS_ADDRESS
615452;449661;HAS_ADDRESS
615453;449666;HAS_ADDRESS
615454;449671;HAS_ADDRESS
615455;449676;HAS_ADDRESS
615456;449681;HAS_ADDRESS
615457;449686;HAS_ADDRESS
615458;449691;HAS_ADDRESS
615459;449696;HAS_ADDRESS
615460;449701;HAS_ADDRESS
615461;449706;HAS_ADDRESS
615462;449711;HAS_ADDRESS
615463;449716;HAS_ADDRESS
615464;449721;HAS_ADDRESS
615465;449726;HAS_ADDRESS
615466;449731;HAS_ADDRESS
615467;449736;HAS_ADDRESS
615468;449741;HAS_ADDRESS
615469;449746;HAS_ADDRESS
615470;449751;HAS_ADDRESS
615471;449756;HAS_ADDRESS
615472;449761;HAS_ADDRESS
615473;449766;HAS_ADDRESS
615474;449771;HAS_ADDRESS
615475;449776;HAS_ADDRESS
615476;449781;HAS_ADDRESS
615477;449786;HAS_ADDRESS
615478;449791;HAS_ADDRESS
615479;449796;HAS_ADDRESS
615480;449801;HAS_ADDRESS
615481;449806;HAS_ADDRESS
615482;449811;HAS_ADDRESS
615483;449816;HAS_ADDRESS
615484;449821;HAS_ADDRESS
615485;449826;HAS_ADDRESS
615486;449831;HAS_ADDRESS
615487;449836;HAS_ADDRESS
615488;449841;HAS_ADDRESS
615489;449846;HAS_ADDRESS
615490;449851;HAS_ADDRESS
615491;449856;HAS_ADDRESS
615492;449861;HAS_ADDRESS
615493;449866;HAS_ADDRESS
615494;449871;HAS_ADDRESS
615495;449876;HAS_ADDRESS
615496;449881;HAS_ADDRESS
615497;449886;HAS_ADDRESS
615498;449891;HAS_ADDRESS
615499;449896;HAS_ADDRESS
615500;449901;HAS_ADDRESS
615501;449906;HAS_ADDRESS
615502;449911;HAS_ADDRESS
615503;449916;HAS_ADDRESS
615504;449921;HAS_ADDRESS
615505;449926;HAS_ADDRESS
615506;449931;HAS_ADDRESS
615507;449936;HAS_ADDRESS
615508;449941;HAS_ADDRESS
615509;449946;HAS_ADDRESS
615510;449951;HAS_ADDRESS
615511;449956;HAS_ADDRESS
615512;449961;HAS_ADDRESS
615513;449966;HAS_ADDRESS
615514;449971;HAS_ADDRESS
615515;449976;HAS_ADDRESS
615516;449981;HAS_ADDRESS
615517;449986;HAS_ADDRESS
615518;449991;HAS_ADDRESS
615519;449996;HAS_ADDRESS
615520;450001;HAS_ADDRESS
615521;450006;HAS_ADDRESS
615522;450011;HAS_ADDRESS
615523;450016;HAS_ADDRESS
615524;450021;HAS_ADDRESS
615525;450026;HAS_ADDRESS
615526;450031;HAS_ADDRESS
615527;450036;HAS_ADDRESS
615528;450041;HAS_ADDRESS
615529;450046;HAS_ADDRESS
615530;450051;HAS_ADDRESS
615531;450056;HAS_ADDRESS
615532;450061;HAS_ADDRESS
615533;450066;HAS_ADDRESS
615534;450071;HAS_ADDRESS
615535;450076;HAS_ADDRESS
615536;450081;HAS_ADDRESS
615537;450086;HAS_ADDRESS
615538;450091;HAS_ADDRESS
615539;450096;HAS_ADDRESS
615540;450101;HAS_ADDRESS
615541;450106;HAS_ADDRESS
615542;450111;HAS_ADDRESS
615543;450116;HAS_ADDRESS
615544;450121;HAS_ADDRESS
615545;450126;HAS_ADDRESS
615546;450131;HAS_ADDRESS
615547;450136;HAS_ADDRESS
615548;450141;HAS_ADDRESS
615549;450146;HAS_ADDRESS
615550;450151;HAS_ADDRESS
615551;450156;HAS_ADDRESS
615552;450161;HAS_ADDRESS
615553;450166;HAS_ADDRESS
615554;450171;HAS_ADDRESS
615555;450176;HAS_ADDRESS
615556;450181;HAS_ADDRESS
615557;450186;HAS_ADDRESS
615558;450191;HAS_ADDRESS
615559;450196;HAS_ADDRESS
615560;450201;HAS_ADDRESS
615561;450206;HAS_ADDRESS
615562;450211;HAS_ADDRESS
615563;450216;HAS_ADDRESS
615564;450221;HAS_ADDRESS
615565;450226;HAS_ADDRESS
615566;450231;HAS_ADDRESS
615567;450236;HAS_ADDRESS
615568;450241;HAS_ADDRESS
615569;450246;HAS_ADDRESS
615570;450251;HAS_ADDRESS
615571;450256;HAS_ADDRESS
615572;450261;HAS_ADDRESS
615573;450266;HAS_ADDRESS
615574;450271;HAS_ADDRESS
615575;450276;HAS_ADDRESS
615576;450281;HAS_ADDRESS
615577;450286;HAS_ADDRESS
615578;450291;HAS_ADDRESS
615579;450296;HAS_ADDRESS
615580;450301;HAS_ADDRESS
615581;450306;HAS_ADDRESS
615582;450311;HAS_ADDRESS
615583;450316;HAS_ADDRESS
615584;450321;HAS_ADDRESS
615585;450326;HAS_ADDRESS
615586;450331;HAS_ADDRESS
615587;450336;HAS_ADDRESS
615588;450341;HAS_ADDRESS
615589;450346;HAS_ADDRESS
615590;450351;HAS_ADDRESS
615591;450356;HAS_ADDRESS
615592;450361;HAS_ADDRESS
615593;450366;HAS_ADDRESS
615594;450371;HAS_ADDRESS
615595;450376;HAS_ADDRESS
615596;450381;HAS_ADDRESS
615597;450386;HAS_ADDRESS
615598;450391;HAS_ADDRESS
615599;450396;HAS_ADDRESS
615600;450401;HAS_ADDRESS
615601;450406;HAS_ADDRESS
615602;450411;HAS_ADDRESS
615603;450416;HAS_ADDRESS
615604;450421;HAS_ADDRESS
615605;450426;HAS_ADDRESS
615606;450431;HAS_ADDRESS
615607;450436;HAS_ADDRESS
615608;450441;HAS_ADDRESS
615609;450446;HAS_ADDRESS
615610;450451;HAS_ADDRESS
615611;450456;HAS_ADDRESS
615612;450461;HAS_ADDRESS
615613;450466;HAS_ADDRESS
615614;450471;HAS_ADDRESS
615615;450476;HAS_ADDRESS
615616;450481;HAS_ADDRESS
615617;450486;HAS_ADDRESS
615618;450491;HAS_ADDRESS
615619;450496;HAS_ADDRESS
615620;450501;HAS_ADDRESS
615621;450506;HAS_ADDRESS
615622;450511;HAS_ADDRESS
615623;450516;HAS_ADDRESS
615624;450521;HAS_ADDRESS
615625;450526;HAS_ADDRESS
615626;450531;HAS_ADDRESS
615627;450536;HAS_ADDRESS
615628;450541;HAS_ADDRESS
615629;450546;HAS_ADDRESS
615630;450551;HAS_ADDRESS
615631;450556;HAS_ADDRESS
615632;450561;HAS_ADDRESS
615633;450566;HAS_ADDRESS
615634;450571;HAS_ADDRESS
615635;450576;HAS_ADDRESS
615636;450581;HAS_ADDRESS
615637;450586;HAS_ADDRESS
615638;450591;HAS_ADDRESS
615639;450596;HAS_ADDRESS
615640;450601;HAS_ADDRESS
615641;450606;HAS_ADDRESS
615642;450611;HAS_ADDRESS
615643;450616;HAS_ADDRESS
615644;450621;HAS_ADDRESS
615645;450626;HAS_ADDRESS
615646;450631;HAS_ADDRESS
615647;450636;HAS_ADDRESS
615648;450641;HAS_ADDRESS
615649;450646;HAS_ADDRESS
615650;450651;HAS_ADDRESS
615651;450656;HAS_ADDRESS
615652;450661;HAS_ADDRESS
615653;450666;HAS_ADDRESS
615654;450671;HAS_ADDRESS
615655;450676;HAS_ADDRESS
615656;450681;HAS_ADDRESS
615657;450686;HAS_ADDRESS
615658;450691;HAS_ADDRESS
615659;450696;HAS_ADDRESS
615660;450701;HAS_ADDRESS
615661;450706;HAS_ADDRESS
615662;450711;HAS_ADDRESS
615663;450716;HAS_ADDRESS
615664;450721;HAS_ADDRESS
615665;450726;HAS_ADDRESS
615666;450731;HAS_ADDRESS
615667;450736;HAS_ADDRESS
615668;450741;HAS_ADDRESS
615669;450746;HAS_ADDRESS
615670;450751;HAS_ADDRESS
615671;450756;HAS_ADDRESS
615672;450761;HAS_ADDRESS
615673;450766;HAS_ADDRESS
615674;450771;HAS_ADDRESS
615675;450776;HAS_ADDRESS
615676;450781;HAS_ADDRESS
615677;450786;HAS_ADDRESS
615678;450791;HAS_ADDRESS
615679;450796;HAS_ADDRESS
615680;450801;HAS_ADDRESS
615681;450806;HAS_ADDRESS
615682;450811;HAS_ADDRESS
615683;450816;HAS_ADDRESS
615684;450821;HAS_ADDRESS
615685;450826;HAS_ADDRESS
615686;450831;HAS_ADDRESS
615687;450836;HAS_ADDRESS
615688;450841;HAS_ADDRESS
615689;450846;HAS_ADDRESS
615690;450851;HAS_ADDRESS
615691;450856;HAS_ADDRESS
615692;450861;HAS_ADDRESS
615693;450866;HAS_ADDRESS
615694;450871;HAS_ADDRESS
615695;450876;HAS_ADDRESS
615696;450881;HAS_ADDRESS
615697;450886;HAS_ADDRESS
615698;450891;HAS_ADDRESS
615699;450896;HAS_ADDRESS
615700;450901;HAS_ADDRESS
615701;450906;HAS_ADDRESS
615702;450911;HAS_ADDRESS
615703;450916;HAS_ADDRESS
615704;450921;HAS_ADDRESS
615705;450926;HAS_ADDRESS
615706;450931;HAS_ADDRESS
615707;450936;HAS_ADDRESS
615708;450941;HAS_ADDRESS
615709;450946;HAS_ADDRESS
615710;450951;HAS_ADDRESS
615711;450956;HAS_ADDRESS
615712;450961;HAS_ADDRESS
615713;450966;HAS_ADDRESS
615714;450971;HAS_ADDRESS
615715;450976;HAS_ADDRESS
615716;450981;HAS_ADDRESS
615717;450986;HAS_ADDRESS
615718;450991;HAS_ADDRESS
615719;450996;HAS_ADDRESS
615720;451001;HAS_ADDRESS
615721;451006;HAS_ADDRESS
615722;451011;HAS_ADDRESS
615723;451016;HAS_ADDRESS
615724;451021;HAS_ADDRESS
615725;451026;HAS_ADDRESS
615726;451031;HAS_ADDRESS
615727;451036;HAS_ADDRESS
615728;451041;HAS_ADDRESS
615729;451046;HAS_ADDRESS
615730;451051;HAS_ADDRESS
615731;451056;HAS_ADDRESS
615732;451061;HAS_ADDRESS
615733;451066;HAS_ADDRESS
615734;451071;HAS_ADDRESS
615735;451076;HAS_ADDRESS
615736;451081;HAS_ADDRESS
615737;451086;HAS_ADDRESS
615738;451091;HAS_ADDRESS
615739;451096;HAS_ADDRESS
615740;451101;HAS_ADDRESS
615741;451106;HAS_ADDRESS
615742;451111;HAS_ADDRESS
615743;451116;HAS_ADDRESS
615744;451121;HAS_ADDRESS
615745;451126;HAS_ADDRESS
615746;451131;HAS_ADDRESS
615747;451136;HAS_ADDRESS
615748;451141;HAS_ADDRESS
615749;451146;HAS_ADDRESS
615750;451151;HAS_ADDRESS
615751;451156;HAS_ADDRESS
615752;451161;HAS_ADDRESS
615753;451166;HAS_ADDRESS
615754;451171;HAS_ADDRESS
615755;451176;HAS_ADDRESS
615756;451181;HAS_ADDRESS
615757;451186;HAS_ADDRESS
615758;451191;HAS_ADDRESS
615759;451196;HAS_ADDRESS
615760;451201;HAS_ADDRESS
615761;451206;HAS_ADDRESS
615762;451211;HAS_ADDRESS
615763;451216;HAS_ADDRESS
615764;451221;HAS_ADDRESS
615765;451226;HAS_ADDRESS
615766;451231;HAS_ADDRESS
615767;451236;HAS_ADDRESS
615768;451241;HAS_ADDRESS
615769;451246;HAS_ADDRESS
615770;451251;HAS_ADDRESS
615771;451256;HAS_ADDRESS
615772;451261;HAS_ADDRESS
615773;451266;HAS_ADDRESS
615774;451271;HAS_ADDRESS
615775;451276;HAS_ADDRESS
615776;451281;HAS_ADDRESS
615777;451286;HAS_ADDRESS
615778;451291;HAS_ADDRESS
615779;451296;HAS_ADDRESS
615780;451301;HAS_ADDRESS
615781;451306;HAS_ADDRESS
615782;451311;HAS_ADDRESS
615783;451316;HAS_ADDRESS
615784;451321;HAS_ADDRESS
615785;451326;HAS_ADDRESS
615786;451331;HAS_ADDRESS
615787;451336;HAS_ADDRESS
615788;451341;HAS_ADDRESS
615789;451346;HAS_ADDRESS
615790;451351;HAS_ADDRESS
615791;451356;HAS_ADDRESS
615792;451361;HAS_ADDRESS
615793;451366;HAS_ADDRESS
615794;451371;HAS_ADDRESS
615795;451376;HAS_ADDRESS
615796;451381;HAS_ADDRESS
615797;451386;HAS_ADDRESS
615798;451391;HAS_ADDRESS
615799;451396;HAS_ADDRESS
615800;451401;HAS_ADDRESS
615801;451406;HAS_ADDRESS
615802;451411;HAS_ADDRESS
615803;451416;HAS_ADDRESS
615804;451421;HAS_ADDRESS
615805;451426;HAS_ADDRESS
615806;451431;HAS_ADDRESS
615807;451436;HAS_ADDRESS
615808;451441;HAS_ADDRESS
615809;451446;HAS_ADDRESS
615810;451451;HAS_ADDRESS
615811;451456;HAS_ADDRESS
615812;451461;HAS_ADDRESS
615813;451466;HAS_ADDRESS
615814;451471;HAS_ADDRESS
615815;451476;HAS_ADDRESS
615816;451481;HAS_ADDRESS
615817;451486;HAS_ADDRESS
615818;451491;HAS_ADDRESS
615819;451496;HAS_ADDRESS
615820;451501;HAS_ADDRESS
615821;451506;HAS_ADDRESS
615822;451511;HAS_ADDRESS
615823;451516;HAS_ADDRESS
615824;451521;HAS_ADDRESS
615825;451526;HAS_ADDRESS
615826;451531;HAS_ADDRESS
615827;451536;HAS_ADDRESS
615828;451541;HAS_ADDRESS
615829;451546;HAS_ADDRESS
615830;451551;HAS_ADDRESS
615831;451556;HAS_ADDRESS
615832;451561;HAS_ADDRESS
615833;451566;HAS_ADDRESS
615834;451571;HAS_ADDRESS
615835;451576;HAS_ADDRESS
615836;451581;HAS_ADDRESS
615837;451586;HAS_ADDRESS
615838;451591;HAS_ADDRESS
615839;451596;HAS_ADDRESS
615840;451601;HAS_ADDRESS
615841;451606;HAS_ADDRESS
615842;451611;HAS_ADDRESS
615843;451616;HAS_ADDRESS
615844;451621;HAS_ADDRESS
615845;451626;HAS_ADDRESS
615846;451631;HAS_ADDRESS
615847;451636;HAS_ADDRESS
615848;451641;HAS_ADDRESS
615849;451646;HAS_ADDRESS
615850;451651;HAS_ADDRESS
615851;451656;HAS_ADDRESS
615852;451661;HAS_ADDRESS
615853;451666;HAS_ADDRESS
615854;451671;HAS_ADDRESS
615855;451676;HAS_ADDRESS
615856;451681;HAS_ADDRESS
615857;451686;HAS_ADDRESS
615858;451691;HAS_ADDRESS
615859;451696;HAS_ADDRESS
615860;451701;HAS_ADDRESS
615861;451706;HAS_ADDRESS
615862;451711;HAS_ADDRESS
615863;451716;HAS_ADDRESS
615864;451721;HAS_ADDRESS
615865;451726;HAS_ADDRESS
615866;451731;HAS_ADDRESS
615867;451736;HAS_ADDRESS
615868;451741;HAS_ADDRESS
615869;451746;HAS_ADDRESS
615870;451751;HAS_ADDRESS
615871;451756;HAS_ADDRESS
615872;451761;HAS_ADDRESS
615873;451766;HAS_ADDRESS
615874;451771;HAS_ADDRESS
615875;451776;HAS_ADDRESS
615876;451781;HAS_ADDRESS
615877;451786;HAS_ADDRESS
615878;451791;HAS_ADDRESS
615879;451796;HAS_ADDRESS
615880;451801;HAS_ADDRESS
615881;451806;HAS_ADDRESS
615882;451811;HAS_ADDRESS
615883;451816;HAS_ADDRESS
615884;451821;HAS_ADDRESS
615885;451826;HAS_ADDRESS
615886;451831;HAS_ADDRESS
615887;451836;HAS_ADDRESS
615888;451841;HAS_ADDRESS
615889;451846;HAS_ADDRESS
615890;451851;HAS_ADDRESS
615891;451856;HAS_ADDRESS
615892;451861;HAS_ADDRESS
615893;451866;HAS_ADDRESS
615894;451871;HAS_ADDRESS
615895;451876;HAS_ADDRESS
615896;451881;HAS_ADDRESS
615897;451886;HAS_ADDRESS
615898;451891;HAS_ADDRESS
615899;451896;HAS_ADDRESS
615900;451901;HAS_ADDRESS
615901;451906;HAS_ADDRESS
615902;451911;HAS_ADDRESS
615903;451916;HAS_ADDRESS
615904;451921;HAS_ADDRESS
615905;451926;HAS_ADDRESS
615906;451931;HAS_ADDRESS
615907;451936;HAS_ADDRESS
615908;451941;HAS_ADDRESS
615909;451946;HAS_ADDRESS
615910;451951;HAS_ADDRESS
615911;451956;HAS_ADDRESS
615912;451961;HAS_ADDRESS
615913;451966;HAS_ADDRESS
615914;451971;HAS_ADDRESS
615915;451976;HAS_ADDRESS
615916;451981;HAS_ADDRESS
615917;451986;HAS_ADDRESS
615918;451991;HAS_ADDRESS
615919;451996;HAS_ADDRESS
615920;452001;HAS_ADDRESS
615921;452006;HAS_ADDRESS
615922;452011;HAS_ADDRESS
615923;452016;HAS_ADDRESS
615924;452021;HAS_ADDRESS
615925;452026;HAS_ADDRESS
615926;452031;HAS_ADDRESS
615927;452036;HAS_ADDRESS
615928;452041;HAS_ADDRESS
615929;452046;HAS_ADDRESS
615930;452051;HAS_ADDRESS
615931;452056;HAS_ADDRESS
615932;452061;HAS_ADDRESS
615933;452066;HAS_ADDRESS
615934;452071;HAS_ADDRESS
615935;452076;HAS_ADDRESS
615936;452081;HAS_ADDRESS
615937;452086;HAS_ADDRESS
615938;452091;HAS_ADDRESS
615939;452096;HAS_ADDRESS
615940;452101;HAS_ADDRESS
615941;452106;HAS_ADDRESS
615942;452111;HAS_ADDRESS
615943;452116;HAS_ADDRESS
615944;452121;HAS_ADDRESS
615945;452126;HAS_ADDRESS
615946;452131;HAS_ADDRESS
615947;452136;HAS_ADDRESS
615948;452141;HAS_ADDRESS
615949;452146;HAS_ADDRESS
615950;452151;HAS_ADDRESS
615951;452156;HAS_ADDRESS
615952;452161;HAS_ADDRESS
615953;452166;HAS_ADDRESS
615954;452171;HAS_ADDRESS
615955;452176;HAS_ADDRESS
615956;452181;HAS_ADDRESS
615957;452186;HAS_ADDRESS
615958;452191;HAS_ADDRESS
615959;452196;HAS_ADDRESS
615960;452201;HAS_ADDRESS
615961;452206;HAS_ADDRESS
615962;452211;HAS_ADDRESS
615963;452216;HAS_ADDRESS
615964;452221;HAS_ADDRESS
615965;452226;HAS_ADDRESS
615966;452231;HAS_ADDRESS
615967;452236;HAS_ADDRESS
615968;452241;HAS_ADDRESS
615969;452246;HAS_ADDRESS
615970;452251;HAS_ADDRESS
615971;452256;HAS_ADDRESS
615972;452261;HAS_ADDRESS
615973;452266;HAS_ADDRESS
615974;452271;HAS_ADDRESS
615975;452276;HAS_ADDRESS
615976;452281;HAS_ADDRESS
615977;452286;HAS_ADDRESS
615978;452291;HAS_ADDRESS
615979;452296;HAS_ADDRESS
615980;452301;HAS_ADDRESS
615981;452306;HAS_ADDRESS
615982;452311;HAS_ADDRESS
615983;452316;HAS_ADDRESS
615984;452321;HAS_ADDRESS
615985;452326;HAS_ADDRESS
615986;452331;HAS_ADDRESS
615987;452336;HAS_ADDRESS
615988;452341;HAS_ADDRESS
615989;452346;HAS_ADDRESS
615990;452351;HAS_ADDRESS
615991;452356;HAS_ADDRESS
615992;452361;HAS_ADDRESS
615993;452366;HAS_ADDRESS
615994;452371;HAS_ADDRESS
615995;452376;HAS_ADDRESS
615996;452381;HAS_ADDRESS
615997;452386;HAS_ADDRESS
615998;452391;HAS_ADDRESS
615999;452396;HAS_ADDRESS
616000;452401;HAS_ADDRESS
616001;452406;HAS_ADDRESS
616002;452411;HAS_ADDRESS
616003;452416;HAS_ADDRESS
616004;452421;HAS_ADDRESS
616005;452426;HAS_ADDRESS
616006;452431;HAS_ADDRESS
616007;452436;HAS_ADDRESS
616008;452441;HAS_ADDRESS
616009;452446;HAS_ADDRESS
616010;452451;HAS_ADDRESS
616011;452456;HAS_ADDRESS
616012;452461;HAS_ADDRESS
616013;452466;HAS_ADDRESS
616014;452471;HAS_ADDRESS
616015;452476;HAS_ADDRESS
616016;452481;HAS_ADDRESS
616017;452486;HAS_ADDRESS
616018;452491;HAS_ADDRESS
616019;452496;HAS_ADDRESS
616020;452501;HAS_ADDRESS
616021;452506;HAS_ADDRESS
616022;452511;HAS_ADDRESS
616023;452516;HAS_ADDRESS
616024;452521;HAS_ADDRESS
616025;452526;HAS_ADDRESS
616026;452531;HAS_ADDRESS
616027;452536;HAS_ADDRESS
616028;452541;HAS_ADDRESS
616029;452546;HAS_ADDRESS
616030;452551;HAS_ADDRESS
616031;452556;HAS_ADDRESS
616032;452561;HAS_ADDRESS
616033;452566;HAS_ADDRESS
616034;452571;HAS_ADDRESS
616035;452576;HAS_ADDRESS
616036;452581;HAS_ADDRESS
616037;452586;HAS_ADDRESS
616038;452591;HAS_ADDRESS
616039;452596;HAS_ADDRESS
616040;452601;HAS_ADDRESS
616041;452606;HAS_ADDRESS
616042;452611;HAS_ADDRESS
616043;452616;HAS_ADDRESS
616044;452621;HAS_ADDRESS
616045;452626;HAS_ADDRESS
616046;452631;HAS_ADDRESS
616047;452636;HAS_ADDRESS
616048;452641;HAS_ADDRESS
616049;452646;HAS_ADDRESS
616050;452651;HAS_ADDRESS
616051;452656;HAS_ADDRESS
616052;452661;HAS_ADDRESS
616053;452666;HAS_ADDRESS
616054;452671;HAS_ADDRESS
616055;452676;HAS_ADDRESS
616056;452681;HAS_ADDRESS
616057;452686;HAS_ADDRESS
616058;452691;HAS_ADDRESS
616059;452696;HAS_ADDRESS
616060;452701;HAS_ADDRESS
616061;452706;HAS_ADDRESS
616062;452711;HAS_ADDRESS
616063;452716;HAS_ADDRESS
616064;452721;HAS_ADDRESS
616065;452726;HAS_ADDRESS
616066;452731;HAS_ADDRESS
616067;452736;HAS_ADDRESS
616068;452741;HAS_ADDRESS
616069;452746;HAS_ADDRESS
616070;452751;HAS_ADDRESS
616071;452756;HAS_ADDRESS
616072;452761;HAS_ADDRESS
616073;452766;HAS_ADDRESS
616074;452771;HAS_ADDRESS
616075;452776;HAS_ADDRESS
616076;452781;HAS_ADDRESS
616077;452786;HAS_ADDRESS
616078;452791;HAS_ADDRESS
616079;452796;HAS_ADDRESS
616080;452801;HAS_ADDRESS
616081;452806;HAS_ADDRESS
616082;452811;HAS_ADDRESS
616083;452816;HAS_ADDRESS
616084;452821;HAS_ADDRESS
616085;452826;HAS_ADDRESS
616086;452831;HAS_ADDRESS
616087;452836;HAS_ADDRESS
616088;452841;HAS_ADDRESS
616089;452846;HAS_ADDRESS
616090;452851;HAS_ADDRESS
616091;452856;HAS_ADDRESS
616092;452861;HAS_ADDRESS
616093;452866;HAS_ADDRESS
616094;452871;HAS_ADDRESS
616095;452876;HAS_ADDRESS
616096;452881;HAS_ADDRESS
616097;452886;HAS_ADDRESS
616098;452891;HAS_ADDRESS
616099;452896;HAS_ADDRESS
616100;452901;HAS_ADDRESS
616101;452906;HAS_ADDRESS
616102;452911;HAS_ADDRESS
616103;452916;HAS_ADDRESS
616104;452921;HAS_ADDRESS
616105;452926;HAS_ADDRESS
616106;452931;HAS_ADDRESS
616107;452936;HAS_ADDRESS
616108;452941;HAS_ADDRESS
616109;452946;HAS_ADDRESS
616110;452951;HAS_ADDRESS
616111;452956;HAS_ADDRESS
616112;452961;HAS_ADDRESS
616113;452966;HAS_ADDRESS
616114;452971;HAS_ADDRESS
616115;452976;HAS_ADDRESS
616116;452981;HAS_ADDRESS
616117;452986;HAS_ADDRESS
616118;452991;HAS_ADDRESS
616119;452996;HAS_ADDRESS
616120;453001;HAS_ADDRESS
616121;453006;HAS_ADDRESS
616122;453011;HAS_ADDRESS
616123;453016;HAS_ADDRESS
616124;453021;HAS_ADDRESS
616125;453026;HAS_ADDRESS
616126;453031;HAS_ADDRESS
616127;453036;HAS_ADDRESS
616128;453041;HAS_ADDRESS
616129;453046;HAS_ADDRESS
616130;453051;HAS_ADDRESS
616131;453056;HAS_ADDRESS
616132;453061;HAS_ADDRESS
616133;453066;HAS_ADDRESS
616134;453071;HAS_ADDRESS
616135;453076;HAS_ADDRESS
616136;453081;HAS_ADDRESS
616137;453086;HAS_ADDRESS
616138;453091;HAS_ADDRESS
616139;453096;HAS_ADDRESS
616140;453101;HAS_ADDRESS
616141;453106;HAS_ADDRESS
616142;453111;HAS_ADDRESS
616143;453116;HAS_ADDRESS
616144;453121;HAS_ADDRESS
616145;453126;HAS_ADDRESS
616146;453131;HAS_ADDRESS
616147;453136;HAS_ADDRESS
616148;453141;HAS_ADDRESS
616149;453146;HAS_ADDRESS
616150;453151;HAS_ADDRESS
616151;453156;HAS_ADDRESS
616152;453161;HAS_ADDRESS
616153;453166;HAS_ADDRESS
616154;453171;HAS_ADDRESS
616155;453176;HAS_ADDRESS
616156;453181;HAS_ADDRESS
616157;453186;HAS_ADDRESS
616158;453191;HAS_ADDRESS
616159;453196;HAS_ADDRESS
616160;453201;HAS_ADDRESS
616161;453206;HAS_ADDRESS
616162;453211;HAS_ADDRESS
616163;453216;HAS_ADDRESS
616164;453221;HAS_ADDRESS
616165;453226;HAS_ADDRESS
616166;453231;HAS_ADDRESS
616167;453236;HAS_ADDRESS
616168;453241;HAS_ADDRESS
616169;453246;HAS_ADDRESS
616170;453251;HAS_ADDRESS
616171;453256;HAS_ADDRESS
616172;453261;HAS_ADDRESS
616173;453266;HAS_ADDRESS
616174;453271;HAS_ADDRESS
616175;453276;HAS_ADDRESS
616176;453281;HAS_ADDRESS
616177;453286;HAS_ADDRESS
616178;453291;HAS_ADDRESS
616179;453296;HAS_ADDRESS
616180;453301;HAS_ADDRESS
616181;453306;HAS_ADDRESS
616182;453311;HAS_ADDRESS
616183;453316;HAS_ADDRESS
616184;453321;HAS_ADDRESS
616185;453326;HAS_ADDRESS
616186;453331;HAS_ADDRESS
616187;453336;HAS_ADDRESS
616188;453341;HAS_ADDRESS
616189;453346;HAS_ADDRESS
616190;453351;HAS_ADDRESS
616191;453356;HAS_ADDRESS
616192;453361;HAS_ADDRESS
616193;453366;HAS_ADDRESS
616194;453371;HAS_ADDRESS
616195;453376;HAS_ADDRESS
616196;453381;HAS_ADDRESS
616197;453386;HAS_ADDRESS
616198;453391;HAS_ADDRESS
616199;453396;HAS_ADDRESS
616200;453401;HAS_ADDRESS
616201;453406;HAS_ADDRESS
616202;453411;HAS_ADDRESS
616203;453416;HAS_ADDRESS
616204;453421;HAS_ADDRESS
616205;453426;HAS_ADDRESS
616206;453431;HAS_ADDRESS
616207;453436;HAS_ADDRESS
616208;453441;HAS_ADDRESS
616209;453446;HAS_ADDRESS
616210;453451;HAS_ADDRESS
616211;453456;HAS_ADDRESS
616212;453461;HAS_ADDRESS
616213;453466;HAS_ADDRESS
616214;453471;HAS_ADDRESS
616215;453476;HAS_ADDRESS
616216;453481;HAS_ADDRESS
616217;453486;HAS_ADDRESS
616218;453491;HAS_ADDRESS
616219;453496;HAS_ADDRESS
616220;453501;HAS_ADDRESS
616221;453506;HAS_ADDRESS
616222;453511;HAS_ADDRESS
616223;453516;HAS_ADDRESS
616224;453521;HAS_ADDRESS
616225;453526;HAS_ADDRESS
616226;453531;HAS_ADDRESS
616227;453536;HAS_ADDRESS
616228;453541;HAS_ADDRESS
616229;453546;HAS_ADDRESS
616230;453551;HAS_ADDRESS
616231;453556;HAS_ADDRESS
616232;453561;HAS_ADDRESS
616233;453566;HAS_ADDRESS
616234;453571;HAS_ADDRESS
616235;453576;HAS_ADDRESS
616236;453581;HAS_ADDRESS
616237;453586;HAS_ADDRESS
616238;453591;HAS_ADDRESS
616239;453596;HAS_ADDRESS
616240;453601;HAS_ADDRESS
616241;453606;HAS_ADDRESS
616242;453611;HAS_ADDRESS
616243;453616;HAS_ADDRESS
616244;453621;HAS_ADDRESS
616245;453626;HAS_ADDRESS
616246;453631;HAS_ADDRESS
616247;453636;HAS_ADDRESS
616248;453641;HAS_ADDRESS
616249;453646;HAS_ADDRESS
616250;453651;HAS_ADDRESS
616251;453656;HAS_ADDRESS
616252;453661;HAS_ADDRESS
616253;453666;HAS_ADDRESS
616254;453671;HAS_ADDRESS
616255;453676;HAS_ADDRESS
616256;453681;HAS_ADDRESS
616257;453686;HAS_ADDRESS
616258;453691;HAS_ADDRESS
616259;453696;HAS_ADDRESS
616260;453701;HAS_ADDRESS
616261;453706;HAS_ADDRESS
616262;453711;HAS_ADDRESS
616263;453716;HAS_ADDRESS
616264;453721;HAS_ADDRESS
616265;453726;HAS_ADDRESS
616266;453731;HAS_ADDRESS
616267;453736;HAS_ADDRESS
616268;453741;HAS_ADDRESS
616269;453746;HAS_ADDRESS
616270;453751;HAS_ADDRESS
616271;453756;HAS_ADDRESS
616272;453761;HAS_ADDRESS
616273;453766;HAS_ADDRESS
616274;453771;HAS_ADDRESS
616275;453776;HAS_ADDRESS
616276;453781;HAS_ADDRESS
616277;453786;HAS_ADDRESS
616278;453791;HAS_ADDRESS
616279;453796;HAS_ADDRESS
616280;453801;HAS_ADDRESS
616281;453806;HAS_ADDRESS
616282;453811;HAS_ADDRESS
616283;453816;HAS_ADDRESS
616284;453821;HAS_ADDRESS
616285;453826;HAS_ADDRESS
616286;453831;HAS_ADDRESS
616287;453836;HAS_ADDRESS
616288;453841;HAS_ADDRESS
616289;453846;HAS_ADDRESS
616290;453851;HAS_ADDRESS
616291;453856;HAS_ADDRESS
616292;453861;HAS_ADDRESS
616293;453866;HAS_ADDRESS
616294;453871;HAS_ADDRESS
616295;453876;HAS_ADDRESS
616296;453881;HAS_ADDRESS
616297;453886;HAS_ADDRESS
616298;453891;HAS_ADDRESS
616299;453896;HAS_ADDRESS
616300;453901;HAS_ADDRESS
616301;453906;HAS_ADDRESS
616302;453911;HAS_ADDRESS
616303;453916;HAS_ADDRESS
616304;453921;HAS_ADDRESS
616305;453926;HAS_ADDRESS
616306;453931;HAS_ADDRESS
616307;453936;HAS_ADDRESS
616308;453941;HAS_ADDRESS
616309;453946;HAS_ADDRESS
616310;453951;HAS_ADDRESS
616311;453956;HAS_ADDRESS
616312;453961;HAS_ADDRESS
616313;453966;HAS_ADDRESS
616314;453971;HAS_ADDRESS
616315;453976;HAS_ADDRESS
616316;453981;HAS_ADDRESS
616317;453986;HAS_ADDRESS
616318;453991;HAS_ADDRESS
616319;453996;HAS_ADDRESS
616320;454001;HAS_ADDRESS
616321;454006;HAS_ADDRESS
616322;454011;HAS_ADDRESS
616323;454016;HAS_ADDRESS
616324;454021;HAS_ADDRESS
616325;454026;HAS_ADDRESS
616326;454031;HAS_ADDRESS
616327;454036;HAS_ADDRESS
616328;454041;HAS_ADDRESS
616329;454046;HAS_ADDRESS
616330;454051;HAS_ADDRESS
616331;454056;HAS_ADDRESS
616332;454061;HAS_ADDRESS
616333;454066;HAS_ADDRESS
616334;454071;HAS_ADDRESS
616335;454076;HAS_ADDRESS
616336;454081;HAS_ADDRESS
616337;454086;HAS_ADDRESS
616338;454091;HAS_ADDRESS
616339;454096;HAS_ADDRESS
616340;454101;HAS_ADDRESS
616341;454106;HAS_ADDRESS
616342;454111;HAS_ADDRESS
616343;454116;HAS_ADDRESS
616344;454121;HAS_ADDRESS
616345;454126;HAS_ADDRESS
616346;454131;HAS_ADDRESS
616347;454136;HAS_ADDRESS
616348;454141;HAS_ADDRESS
616349;454146;HAS_ADDRESS
616350;454151;HAS_ADDRESS
616351;454156;HAS_ADDRESS
616352;454161;HAS_ADDRESS
616353;454166;HAS_ADDRESS
616354;454171;HAS_ADDRESS
616355;454176;HAS_ADDRESS
616356;454181;HAS_ADDRESS
616357;454186;HAS_ADDRESS
616358;454191;HAS_ADDRESS
616359;454196;HAS_ADDRESS
616360;454201;HAS_ADDRESS
616361;454206;HAS_ADDRESS
616362;454211;HAS_ADDRESS
616363;454216;HAS_ADDRESS
616364;454221;HAS_ADDRESS
616365;454226;HAS_ADDRESS
616366;454231;HAS_ADDRESS
616367;454236;HAS_ADDRESS
616368;454241;HAS_ADDRESS
616369;454246;HAS_ADDRESS
616370;454251;HAS_ADDRESS
616371;454256;HAS_ADDRESS
616372;454261;HAS_ADDRESS
616373;454266;HAS_ADDRESS
616374;454271;HAS_ADDRESS
616375;454276;HAS_ADDRESS
616376;454281;HAS_ADDRESS
616377;454286;HAS_ADDRESS
616378;454291;HAS_ADDRESS
616379;454296;HAS_ADDRESS
616380;454301;HAS_ADDRESS
616381;454306;HAS_ADDRESS
616382;454311;HAS_ADDRESS
616383;454316;HAS_ADDRESS
616384;454321;HAS_ADDRESS
616385;454326;HAS_ADDRESS
616386;454331;HAS_ADDRESS
616387;454336;HAS_ADDRESS
616388;454341;HAS_ADDRESS
616389;454346;HAS_ADDRESS
616390;454351;HAS_ADDRESS
616391;454356;HAS_ADDRESS
616392;454361;HAS_ADDRESS
616393;454366;HAS_ADDRESS
616394;454371;HAS_ADDRESS
616395;454376;HAS_ADDRESS
616396;454381;HAS_ADDRESS
616397;454386;HAS_ADDRESS
616398;454391;HAS_ADDRESS
616399;454396;HAS_ADDRESS
616400;454401;HAS_ADDRESS
616401;454406;HAS_ADDRESS
616402;454411;HAS_ADDRESS
616403;454416;HAS_ADDRESS
616404;454421;HAS_ADDRESS
616405;454426;HAS_ADDRESS
616406;454431;HAS_ADDRESS
616407;454436;HAS_ADDRESS
616408;454441;HAS_ADDRESS
616409;454446;HAS_ADDRESS
616410;454451;HAS_ADDRESS
616411;454456;HAS_ADDRESS
616412;454461;HAS_ADDRESS
616413;454466;HAS_ADDRESS
616414;454471;HAS_ADDRESS
616415;454476;HAS_ADDRESS
616416;454481;HAS_ADDRESS
616417;454486;HAS_ADDRESS
616418;454491;HAS_ADDRESS
616419;454496;HAS_ADDRESS
616420;454501;HAS_ADDRESS
616421;454506;HAS_ADDRESS
616422;454511;HAS_ADDRESS
616423;454516;HAS_ADDRESS
616424;454521;HAS_ADDRESS
616425;454526;HAS_ADDRESS
616426;454531;HAS_ADDRESS
616427;454536;HAS_ADDRESS
616428;454541;HAS_ADDRESS
616429;454546;HAS_ADDRESS
616430;454551;HAS_ADDRESS
616431;454556;HAS_ADDRESS
616432;454561;HAS_ADDRESS
616433;454566;HAS_ADDRESS
616434;454571;HAS_ADDRESS
616435;454576;HAS_ADDRESS
616436;454581;HAS_ADDRESS
616437;454586;HAS_ADDRESS
616438;454591;HAS_ADDRESS
616439;454596;HAS_ADDRESS
616440;454601;HAS_ADDRESS
616441;454606;HAS_ADDRESS
616442;454611;HAS_ADDRESS
616443;454616;HAS_ADDRESS
616444;454621;HAS_ADDRESS
616445;454626;HAS_ADDRESS
616446;454631;HAS_ADDRESS
616447;454636;HAS_ADDRESS
616448;454641;HAS_ADDRESS
616449;454646;HAS_ADDRESS
616450;454651;HAS_ADDRESS
616451;454656;HAS_ADDRESS
616452;454661;HAS_ADDRESS
616453;454666;HAS_ADDRESS
616454;454671;HAS_ADDRESS
616455;454676;HAS_ADDRESS
616456;454681;HAS_ADDRESS
616457;454686;HAS_ADDRESS
616458;454691;HAS_ADDRESS
616459;454696;HAS_ADDRESS
616460;454701;HAS_ADDRESS
616461;454706;HAS_ADDRESS
616462;454711;HAS_ADDRESS
616463;454716;HAS_ADDRESS
616464;454721;HAS_ADDRESS
616465;454726;HAS_ADDRESS
616466;454731;HAS_ADDRESS
616467;454736;HAS_ADDRESS
616468;454741;HAS_ADDRESS
616469;454746;HAS_ADDRESS
616470;454751;HAS_ADDRESS
616471;454756;HAS_ADDRESS
616472;454761;HAS_ADDRESS
616473;454766;HAS_ADDRESS
616474;454771;HAS_ADDRESS
616475;454776;HAS_ADDRESS
616476;454781;HAS_ADDRESS
616477;454786;HAS_ADDRESS
616478;454791;HAS_ADDRESS
616479;454796;HAS_ADDRESS
616480;454801;HAS_ADDRESS
616481;454806;HAS_ADDRESS
616482;454811;HAS_ADDRESS
616483;454816;HAS_ADDRESS
616484;454821;HAS_ADDRESS
616485;454826;HAS_ADDRESS
616486;454831;HAS_ADDRESS
616487;454836;HAS_ADDRESS
616488;454841;HAS_ADDRESS
616489;454846;HAS_ADDRESS
616490;454851;HAS_ADDRESS
616491;454856;HAS_ADDRESS
616492;454861;HAS_ADDRESS
616493;454866;HAS_ADDRESS
616494;454871;HAS_ADDRESS
616495;454876;HAS_ADDRESS
616496;454881;HAS_ADDRESS
616497;454886;HAS_ADDRESS
616498;454891;HAS_ADDRESS
616499;454896;HAS_ADDRESS
616500;454901;HAS_ADDRESS
616501;454906;HAS_ADDRESS
616502;454911;HAS_ADDRESS
616503;454916;HAS_ADDRESS
616504;454921;HAS_ADDRESS
616505;454926;HAS_ADDRESS
616506;454931;HAS_ADDRESS
616507;454936;HAS_ADDRESS
616508;454941;HAS_ADDRESS
616509;454946;HAS_ADDRESS
616510;454951;HAS_ADDRESS
616511;454956;HAS_ADDRESS
616512;454961;HAS_ADDRESS
616513;454966;HAS_ADDRESS
616514;454971;HAS_ADDRESS
616515;454976;HAS_ADDRESS
616516;454981;HAS_ADDRESS
616517;454986;HAS_ADDRESS
616518;454991;HAS_ADDRESS
616519;454996;HAS_ADDRESS
616520;455001;HAS_ADDRESS
616521;455006;HAS_ADDRESS
616522;455011;HAS_ADDRESS
616523;455016;HAS_ADDRESS
616524;455021;HAS_ADDRESS
616525;455026;HAS_ADDRESS
616526;455031;HAS_ADDRESS
616527;455036;HAS_ADDRESS
616528;455041;HAS_ADDRESS
616529;455046;HAS_ADDRESS
616530;455051;HAS_ADDRESS
616531;455056;HAS_ADDRESS
616532;455061;HAS_ADDRESS
616533;455066;HAS_ADDRESS
616534;455071;HAS_ADDRESS
616535;455076;HAS_ADDRESS
616536;455081;HAS_ADDRESS
616537;455086;HAS_ADDRESS
616538;455091;HAS_ADDRESS
616539;455096;HAS_ADDRESS
616540;455101;HAS_ADDRESS
616541;455106;HAS_ADDRESS
616542;455111;HAS_ADDRESS
616543;455116;HAS_ADDRESS
616544;455121;HAS_ADDRESS
616545;455126;HAS_ADDRESS
616546;455131;HAS_ADDRESS
616547;455136;HAS_ADDRESS
616548;455141;HAS_ADDRESS
616549;455146;HAS_ADDRESS
616550;455151;HAS_ADDRESS
616551;455156;HAS_ADDRESS
616552;455161;HAS_ADDRESS
616553;455166;HAS_ADDRESS
616554;455171;HAS_ADDRESS
616555;455176;HAS_ADDRESS
616556;455181;HAS_ADDRESS
616557;455186;HAS_ADDRESS
616558;455191;HAS_ADDRESS
616559;455196;HAS_ADDRESS
616560;455201;HAS_ADDRESS
616561;455206;HAS_ADDRESS
616562;455211;HAS_ADDRESS
616563;455216;HAS_ADDRESS
616564;455221;HAS_ADDRESS
616565;455226;HAS_ADDRESS
616566;455231;HAS_ADDRESS
616567;455236;HAS_ADDRESS
616568;455241;HAS_ADDRESS
616569;455246;HAS_ADDRESS
616570;455251;HAS_ADDRESS
616571;455256;HAS_ADDRESS
616572;455261;HAS_ADDRESS
616573;455266;HAS_ADDRESS
616574;455271;HAS_ADDRESS
616575;455276;HAS_ADDRESS
616576;455281;HAS_ADDRESS
616577;455286;HAS_ADDRESS
616578;455291;HAS_ADDRESS
616579;455296;HAS_ADDRESS
616580;455301;HAS_ADDRESS
616581;455306;HAS_ADDRESS
616582;455311;HAS_ADDRESS
616583;455316;HAS_ADDRESS
616584;455321;HAS_ADDRESS
616585;455326;HAS_ADDRESS
616586;455331;HAS_ADDRESS
616587;455336;HAS_ADDRESS
616588;455341;HAS_ADDRESS
616589;455346;HAS_ADDRESS
616590;455351;HAS_ADDRESS
616591;455356;HAS_ADDRESS
616592;455361;HAS_ADDRESS
616593;455366;HAS_ADDRESS
616594;455371;HAS_ADDRESS
616595;455376;HAS_ADDRESS
616596;455381;HAS_ADDRESS
616597;455386;HAS_ADDRESS
616598;455391;HAS_ADDRESS
616599;455396;HAS_ADDRESS
616600;455401;HAS_ADDRESS
616601;455406;HAS_ADDRESS
616602;455411;HAS_ADDRESS
616603;455416;HAS_ADDRESS
616604;455421;HAS_ADDRESS
616605;455426;HAS_ADDRESS
616606;455431;HAS_ADDRESS
616607;455436;HAS_ADDRESS
616608;455441;HAS_ADDRESS
616609;455446;HAS_ADDRESS
616610;455451;HAS_ADDRESS
616611;455456;HAS_ADDRESS
616612;455461;HAS_ADDRESS
616613;455466;HAS_ADDRESS
616614;455471;HAS_ADDRESS
616615;455476;HAS_ADDRESS
616616;455481;HAS_ADDRESS
616617;455486;HAS_ADDRESS
616618;455491;HAS_ADDRESS
616619;455496;HAS_ADDRESS
616620;455501;HAS_ADDRESS
616621;455506;HAS_ADDRESS
616622;455511;HAS_ADDRESS
616623;455516;HAS_ADDRESS
616624;455521;HAS_ADDRESS
616625;455526;HAS_ADDRESS
616626;455531;HAS_ADDRESS
616627;455536;HAS_ADDRESS
616628;455541;HAS_ADDRESS
616629;455546;HAS_ADDRESS
616630;455551;HAS_ADDRESS
616631;455556;HAS_ADDRESS
616632;455561;HAS_ADDRESS
616633;455566;HAS_ADDRESS
616634;455571;HAS_ADDRESS
616635;455576;HAS_ADDRESS
616636;455581;HAS_ADDRESS
616637;455586;HAS_ADDRESS
616638;455591;HAS_ADDRESS
616639;455596;HAS_ADDRESS
616640;455601;HAS_ADDRESS
616641;455606;HAS_ADDRESS
616642;455611;HAS_ADDRESS
616643;455616;HAS_ADDRESS
616644;455621;HAS_ADDRESS
616645;455626;HAS_ADDRESS
616646;455631;HAS_ADDRESS
616647;455636;HAS_ADDRESS
616648;455641;HAS_ADDRESS
616649;455646;HAS_ADDRESS
616650;455651;HAS_ADDRESS
616651;455656;HAS_ADDRESS
616652;455661;HAS_ADDRESS
616653;455666;HAS_ADDRESS
616654;455671;HAS_ADDRESS
616655;455676;HAS_ADDRESS
616656;455681;HAS_ADDRESS
616657;455686;HAS_ADDRESS
616658;455691;HAS_ADDRESS
616659;455696;HAS_ADDRESS
616660;455701;HAS_ADDRESS
616661;455706;HAS_ADDRESS
616662;455711;HAS_ADDRESS
616663;455716;HAS_ADDRESS
616664;455721;HAS_ADDRESS
616665;455726;HAS_ADDRESS
616666;455731;HAS_ADDRESS
616667;455736;HAS_ADDRESS
616668;455741;HAS_ADDRESS
616669;455746;HAS_ADDRESS
616670;455751;HAS_ADDRESS
616671;455756;HAS_ADDRESS
616672;455761;HAS_ADDRESS
616673;455766;HAS_ADDRESS
616674;455771;HAS_ADDRESS
616675;455776;HAS_ADDRESS
616676;455781;HAS_ADDRESS
616677;455786;HAS_ADDRESS
616678;455791;HAS_ADDRESS
616679;455796;HAS_ADDRESS
616680;455801;HAS_ADDRESS
616681;455806;HAS_ADDRESS
616682;455811;HAS_ADDRESS
616683;455816;HAS_ADDRESS
616684;455821;HAS_ADDRESS
616685;455826;HAS_ADDRESS
616686;455831;HAS_ADDRESS
616687;455836;HAS_ADDRESS
616688;455841;HAS_ADDRESS
616689;455846;HAS_ADDRESS
616690;455851;HAS_ADDRESS
616691;455856;HAS_ADDRESS
616692;455861;HAS_ADDRESS
616693;455866;HAS_ADDRESS
616694;455871;HAS_ADDRESS
616695;455876;HAS_ADDRESS
616696;455881;HAS_ADDRESS
616697;455886;HAS_ADDRESS
616698;455891;HAS_ADDRESS
616699;455896;HAS_ADDRESS
616700;455901;HAS_ADDRESS
616701;455906;HAS_ADDRESS
616702;455911;HAS_ADDRESS
616703;455916;HAS_ADDRESS
616704;455921;HAS_ADDRESS
616705;455926;HAS_ADDRESS
616706;455931;HAS_ADDRESS
616707;455936;HAS_ADDRESS
616708;455941;HAS_ADDRESS
616709;455946;HAS_ADDRESS
616710;455951;HAS_ADDRESS
616711;455956;HAS_ADDRESS
616712;455961;HAS_ADDRESS
616713;455966;HAS_ADDRESS
616714;455971;HAS_ADDRESS
616715;455976;HAS_ADDRESS
616716;455981;HAS_ADDRESS
616717;455986;HAS_ADDRESS
616718;455991;HAS_ADDRESS
616719;455996;HAS_ADDRESS
616720;456001;HAS_ADDRESS
616721;456006;HAS_ADDRESS
616722;456011;HAS_ADDRESS
616723;456016;HAS_ADDRESS
616724;456021;HAS_ADDRESS
616725;456026;HAS_ADDRESS
616726;456031;HAS_ADDRESS
616727;456036;HAS_ADDRESS
616728;456041;HAS_ADDRESS
616729;456046;HAS_ADDRESS
616730;456051;HAS_ADDRESS
616731;456056;HAS_ADDRESS
616732;456061;HAS_ADDRESS
616733;456066;HAS_ADDRESS
616734;456071;HAS_ADDRESS
616735;456076;HAS_ADDRESS
616736;456081;HAS_ADDRESS
616737;456086;HAS_ADDRESS
616738;456091;HAS_ADDRESS
616739;456096;HAS_ADDRESS
616740;456101;HAS_ADDRESS
616741;456106;HAS_ADDRESS
616742;456111;HAS_ADDRESS
616743;456116;HAS_ADDRESS
616744;456121;HAS_ADDRESS
616745;456126;HAS_ADDRESS
616746;456131;HAS_ADDRESS
616747;456136;HAS_ADDRESS
616748;456141;HAS_ADDRESS
616749;456146;HAS_ADDRESS
616750;456151;HAS_ADDRESS
616751;456156;HAS_ADDRESS
616752;456161;HAS_ADDRESS
616753;456166;HAS_ADDRESS
616754;456171;HAS_ADDRESS
616755;456176;HAS_ADDRESS
616756;456181;HAS_ADDRESS
616757;456186;HAS_ADDRESS
616758;456191;HAS_ADDRESS
616759;456196;HAS_ADDRESS
616760;456201;HAS_ADDRESS
616761;456206;HAS_ADDRESS
616762;456211;HAS_ADDRESS
616763;456216;HAS_ADDRESS
616764;456221;HAS_ADDRESS
616765;456226;HAS_ADDRESS
616766;456231;HAS_ADDRESS
616767;456236;HAS_ADDRESS
616768;456241;HAS_ADDRESS
616769;456246;HAS_ADDRESS
616770;456251;HAS_ADDRESS
616771;456256;HAS_ADDRESS
616772;456261;HAS_ADDRESS
616773;456266;HAS_ADDRESS
616774;456271;HAS_ADDRESS
616775;456276;HAS_ADDRESS
616776;456281;HAS_ADDRESS
616777;456286;HAS_ADDRESS
616778;456291;HAS_ADDRESS
616779;456296;HAS_ADDRESS
616780;456301;HAS_ADDRESS
616781;456306;HAS_ADDRESS
616782;456311;HAS_ADDRESS
616783;456316;HAS_ADDRESS
616784;456321;HAS_ADDRESS
616785;456326;HAS_ADDRESS
616786;456331;HAS_ADDRESS
616787;456336;HAS_ADDRESS
616788;456341;HAS_ADDRESS
616789;456346;HAS_ADDRESS
616790;456351;HAS_ADDRESS
616791;456356;HAS_ADDRESS
616792;456361;HAS_ADDRESS
616793;456366;HAS_ADDRESS
616794;456371;HAS_ADDRESS
616795;456376;HAS_ADDRESS
616796;456381;HAS_ADDRESS
616797;456386;HAS_ADDRESS
616798;456391;HAS_ADDRESS
616799;456396;HAS_ADDRESS
616800;456401;HAS_ADDRESS
616801;456406;HAS_ADDRESS
616802;456411;HAS_ADDRESS
616803;456416;HAS_ADDRESS
616804;456421;HAS_ADDRESS
616805;456426;HAS_ADDRESS
616806;456431;HAS_ADDRESS
616807;456436;HAS_ADDRESS
616808;456441;HAS_ADDRESS
616809;456446;HAS_ADDRESS
616810;456451;HAS_ADDRESS
616811;456456;HAS_ADDRESS
616812;456461;HAS_ADDRESS
616813;456466;HAS_ADDRESS
616814;456471;HAS_ADDRESS
616815;456476;HAS_ADDRESS
616816;456481;HAS_ADDRESS
616817;456486;HAS_ADDRESS
616818;456491;HAS_ADDRESS
616819;456496;HAS_ADDRESS
616820;456501;HAS_ADDRESS
616821;456506;HAS_ADDRESS
616822;456511;HAS_ADDRESS
616823;456516;HAS_ADDRESS
616824;456521;HAS_ADDRESS
616825;456526;HAS_ADDRESS
616826;456531;HAS_ADDRESS
616827;456536;HAS_ADDRESS
616828;456541;HAS_ADDRESS
616829;456546;HAS_ADDRESS
616830;456551;HAS_ADDRESS
616831;456556;HAS_ADDRESS
616832;456561;HAS_ADDRESS
616833;456566;HAS_ADDRESS
616834;456571;HAS_ADDRESS
616835;456576;HAS_ADDRESS
616836;456581;HAS_ADDRESS
616837;456586;HAS_ADDRESS
616838;456591;HAS_ADDRESS
616839;456596;HAS_ADDRESS
616840;456601;HAS_ADDRESS
616841;456606;HAS_ADDRESS
616842;456611;HAS_ADDRESS
616843;456616;HAS_ADDRESS
616844;456621;HAS_ADDRESS
616845;456626;HAS_ADDRESS
616846;456631;HAS_ADDRESS
616847;456636;HAS_ADDRESS
616848;456641;HAS_ADDRESS
616849;456646;HAS_ADDRESS
616850;456651;HAS_ADDRESS
616851;456656;HAS_ADDRESS
616852;456661;HAS_ADDRESS
616853;456666;HAS_ADDRESS
616854;456671;HAS_ADDRESS
616855;456676;HAS_ADDRESS
616856;456681;HAS_ADDRESS
616857;456686;HAS_ADDRESS
616858;456691;HAS_ADDRESS
616859;456696;HAS_ADDRESS
616860;456701;HAS_ADDRESS
616861;456706;HAS_ADDRESS
616862;456711;HAS_ADDRESS
616863;456716;HAS_ADDRESS
616864;456721;HAS_ADDRESS
616865;456726;HAS_ADDRESS
616866;456731;HAS_ADDRESS
616867;456736;HAS_ADDRESS
616868;456741;HAS_ADDRESS
616869;456746;HAS_ADDRESS
616870;456751;HAS_ADDRESS
616871;456756;HAS_ADDRESS
616872;456761;HAS_ADDRESS
616873;456766;HAS_ADDRESS
616874;456771;HAS_ADDRESS
616875;456776;HAS_ADDRESS
616876;456781;HAS_ADDRESS
616877;456786;HAS_ADDRESS
616878;456791;HAS_ADDRESS
616879;456796;HAS_ADDRESS
616880;456801;HAS_ADDRESS
616881;456806;HAS_ADDRESS
616882;456811;HAS_ADDRESS
616883;456816;HAS_ADDRESS
616884;456821;HAS_ADDRESS
616885;456826;HAS_ADDRESS
616886;456831;HAS_ADDRESS
616887;456836;HAS_ADDRESS
616888;456841;HAS_ADDRESS
616889;456846;HAS_ADDRESS
616890;456851;HAS_ADDRESS
616891;456856;HAS_ADDRESS
616892;456861;HAS_ADDRESS
616893;456866;HAS_ADDRESS
616894;456871;HAS_ADDRESS
616895;456876;HAS_ADDRESS
616896;456881;HAS_ADDRESS
616897;456886;HAS_ADDRESS
616898;456891;HAS_ADDRESS
616899;456896;HAS_ADDRESS
616900;456901;HAS_ADDRESS
616901;456906;HAS_ADDRESS
616902;456911;HAS_ADDRESS
616903;456916;HAS_ADDRESS
616904;456921;HAS_ADDRESS
616905;456926;HAS_ADDRESS
616906;456931;HAS_ADDRESS
616907;456936;HAS_ADDRESS
616908;456941;HAS_ADDRESS
616909;456946;HAS_ADDRESS
616910;456951;HAS_ADDRESS
616911;456956;HAS_ADDRESS
616912;456961;HAS_ADDRESS
616913;456966;HAS_ADDRESS
616914;456971;HAS_ADDRESS
616915;456976;HAS_ADDRESS
616916;456981;HAS_ADDRESS
616917;456986;HAS_ADDRESS
616918;456991;HAS_ADDRESS
616919;456996;HAS_ADDRESS
616920;457001;HAS_ADDRESS
616921;457006;HAS_ADDRESS
616922;457011;HAS_ADDRESS
616923;457016;HAS_ADDRESS
616924;457021;HAS_ADDRESS
616925;457026;HAS_ADDRESS
616926;457031;HAS_ADDRESS
616927;457036;HAS_ADDRESS
616928;457041;HAS_ADDRESS
616929;457046;HAS_ADDRESS
616930;457051;HAS_ADDRESS
616931;457056;HAS_ADDRESS
616932;457061;HAS_ADDRESS
616933;457066;HAS_ADDRESS
616934;457071;HAS_ADDRESS
616935;457076;HAS_ADDRESS
616936;457081;HAS_ADDRESS
616937;457086;HAS_ADDRESS
616938;457091;HAS_ADDRESS
616939;457096;HAS_ADDRESS
616940;457101;HAS_ADDRESS
616941;457106;HAS_ADDRESS
616942;457111;HAS_ADDRESS
616943;457116;HAS_ADDRESS
616944;457121;HAS_ADDRESS
616945;457126;HAS_ADDRESS
616946;457131;HAS_ADDRESS
616947;457136;HAS_ADDRESS
616948;457141;HAS_ADDRESS
616949;457146;HAS_ADDRESS
616950;457151;HAS_ADDRESS
616951;457156;HAS_ADDRESS
616952;457161;HAS_ADDRESS
616953;457166;HAS_ADDRESS
616954;457171;HAS_ADDRESS
616955;457176;HAS_ADDRESS
616956;457181;HAS_ADDRESS
616957;457186;HAS_ADDRESS
616958;457191;HAS_ADDRESS
616959;457196;HAS_ADDRESS
616960;457201;HAS_ADDRESS
616961;457206;HAS_ADDRESS
616962;457211;HAS_ADDRESS
616963;457216;HAS_ADDRESS
616964;457221;HAS_ADDRESS
616965;457226;HAS_ADDRESS
616966;457231;HAS_ADDRESS
616967;457236;HAS_ADDRESS
616968;457241;HAS_ADDRESS
616969;457246;HAS_ADDRESS
616970;457251;HAS_ADDRESS
616971;457256;HAS_ADDRESS
616972;457261;HAS_ADDRESS
616973;457266;HAS_ADDRESS
616974;457271;HAS_ADDRESS
616975;457276;HAS_ADDRESS
616976;457281;HAS_ADDRESS
616977;457286;HAS_ADDRESS
616978;457291;HAS_ADDRESS
616979;457296;HAS_ADDRESS
616980;457301;HAS_ADDRESS
616981;457306;HAS_ADDRESS
616982;457311;HAS_ADDRESS
616983;457316;HAS_ADDRESS
616984;457321;HAS_ADDRESS
616985;457326;HAS_ADDRESS
616986;457331;HAS_ADDRESS
616987;457336;HAS_ADDRESS
616988;457341;HAS_ADDRESS
616989;457346;HAS_ADDRESS
616990;457351;HAS_ADDRESS
616991;457356;HAS_ADDRESS
616992;457361;HAS_ADDRESS
616993;457366;HAS_ADDRESS
616994;457371;HAS_ADDRESS
616995;457376;HAS_ADDRESS
616996;457381;HAS_ADDRESS
616997;457386;HAS_ADDRESS
616998;457391;HAS_ADDRESS
616999;457396;HAS_ADDRESS
617000;457401;HAS_ADDRESS
617001;457406;HAS_ADDRESS
617002;457411;HAS_ADDRESS
617003;457416;HAS_ADDRESS
617004;457421;HAS_ADDRESS
617005;457426;HAS_ADDRESS
617006;457431;HAS_ADDRESS
617007;457436;HAS_ADDRESS
617008;457441;HAS_ADDRESS
617009;457446;HAS_ADDRESS
617010;457451;HAS_ADDRESS
617011;457456;HAS_ADDRESS
617012;457461;HAS_ADDRESS
617013;457466;HAS_ADDRESS
617014;457471;HAS_ADDRESS
617015;457476;HAS_ADDRESS
617016;457481;HAS_ADDRESS
617017;457486;HAS_ADDRESS
617018;457491;HAS_ADDRESS
617019;457496;HAS_ADDRESS
617020;457501;HAS_ADDRESS
617021;457506;HAS_ADDRESS
617022;457511;HAS_ADDRESS
617023;457516;HAS_ADDRESS
617024;457521;HAS_ADDRESS
617025;457526;HAS_ADDRESS
617026;457531;HAS_ADDRESS
617027;457536;HAS_ADDRESS
617028;457541;HAS_ADDRESS
617029;457546;HAS_ADDRESS
617030;457551;HAS_ADDRESS
617031;457556;HAS_ADDRESS
617032;457561;HAS_ADDRESS
617033;457566;HAS_ADDRESS
617034;457571;HAS_ADDRESS
617035;457576;HAS_ADDRESS
617036;457581;HAS_ADDRESS
617037;457586;HAS_ADDRESS
617038;457591;HAS_ADDRESS
617039;457596;HAS_ADDRESS
617040;457601;HAS_ADDRESS
617041;457606;HAS_ADDRESS
617042;457611;HAS_ADDRESS
617043;457616;HAS_ADDRESS
617044;457621;HAS_ADDRESS
617045;457626;HAS_ADDRESS
617046;457631;HAS_ADDRESS
617047;457636;HAS_ADDRESS
617048;457641;HAS_ADDRESS
617049;457646;HAS_ADDRESS
617050;457651;HAS_ADDRESS
617051;457656;HAS_ADDRESS
617052;457661;HAS_ADDRESS
617053;457666;HAS_ADDRESS
617054;457671;HAS_ADDRESS
617055;457676;HAS_ADDRESS
617056;457681;HAS_ADDRESS
617057;457686;HAS_ADDRESS
617058;457691;HAS_ADDRESS
617059;457696;HAS_ADDRESS
617060;457701;HAS_ADDRESS
617061;457706;HAS_ADDRESS
617062;457711;HAS_ADDRESS
617063;457716;HAS_ADDRESS
617064;457721;HAS_ADDRESS
617065;457726;HAS_ADDRESS
617066;457731;HAS_ADDRESS
617067;457736;HAS_ADDRESS
617068;457741;HAS_ADDRESS
617069;457746;HAS_ADDRESS
617070;457751;HAS_ADDRESS
617071;457756;HAS_ADDRESS
617072;457761;HAS_ADDRESS
617073;457766;HAS_ADDRESS
617074;457771;HAS_ADDRESS
617075;457776;HAS_ADDRESS
617076;457781;HAS_ADDRESS
617077;457786;HAS_ADDRESS
617078;457791;HAS_ADDRESS
617079;457796;HAS_ADDRESS
617080;457801;HAS_ADDRESS
617081;457806;HAS_ADDRESS
617082;457811;HAS_ADDRESS
617083;457816;HAS_ADDRESS
617084;457821;HAS_ADDRESS
617085;457826;HAS_ADDRESS
617086;457831;HAS_ADDRESS
617087;457836;HAS_ADDRESS
617088;457841;HAS_ADDRESS
617089;457846;HAS_ADDRESS
617090;457851;HAS_ADDRESS
617091;457856;HAS_ADDRESS
617092;457861;HAS_ADDRESS
617093;457866;HAS_ADDRESS
617094;457871;HAS_ADDRESS
617095;457876;HAS_ADDRESS
617096;457881;HAS_ADDRESS
617097;457886;HAS_ADDRESS
617098;457891;HAS_ADDRESS
617099;457896;HAS_ADDRESS
617100;457901;HAS_ADDRESS
617101;457906;HAS_ADDRESS
617102;457911;HAS_ADDRESS
617103;457916;HAS_ADDRESS
617104;457921;HAS_ADDRESS
617105;457926;HAS_ADDRESS
617106;457931;HAS_ADDRESS
617107;457936;HAS_ADDRESS
617108;457941;HAS_ADDRESS
617109;457946;HAS_ADDRESS
617110;457951;HAS_ADDRESS
617111;457956;HAS_ADDRESS
617112;457961;HAS_ADDRESS
617113;457966;HAS_ADDRESS
617114;457971;HAS_ADDRESS
617115;457976;HAS_ADDRESS
617116;457981;HAS_ADDRESS
617117;457986;HAS_ADDRESS
617118;457991;HAS_ADDRESS
617119;457996;HAS_ADDRESS
617120;458001;HAS_ADDRESS
617121;458006;HAS_ADDRESS
617122;458011;HAS_ADDRESS
617123;458016;HAS_ADDRESS
617124;458021;HAS_ADDRESS
617125;458026;HAS_ADDRESS
617126;458031;HAS_ADDRESS
617127;458036;HAS_ADDRESS
617128;458041;HAS_ADDRESS
617129;458046;HAS_ADDRESS
617130;458051;HAS_ADDRESS
617131;458056;HAS_ADDRESS
617132;458061;HAS_ADDRESS
617133;458066;HAS_ADDRESS
617134;458071;HAS_ADDRESS
617135;458076;HAS_ADDRESS
617136;458081;HAS_ADDRESS
617137;458086;HAS_ADDRESS
617138;458091;HAS_ADDRESS
617139;458096;HAS_ADDRESS
617140;458101;HAS_ADDRESS
617141;458106;HAS_ADDRESS
617142;458111;HAS_ADDRESS
617143;458116;HAS_ADDRESS
617144;458121;HAS_ADDRESS
617145;458126;HAS_ADDRESS
617146;458131;HAS_ADDRESS
617147;458136;HAS_ADDRESS
617148;458141;HAS_ADDRESS
617149;458146;HAS_ADDRESS
617150;458151;HAS_ADDRESS
617151;458156;HAS_ADDRESS
617152;458161;HAS_ADDRESS
617153;458166;HAS_ADDRESS
617154;458171;HAS_ADDRESS
617155;458176;HAS_ADDRESS
617156;458181;HAS_ADDRESS
617157;458186;HAS_ADDRESS
617158;458191;HAS_ADDRESS
617159;458196;HAS_ADDRESS
617160;458201;HAS_ADDRESS
617161;458206;HAS_ADDRESS
617162;458211;HAS_ADDRESS
617163;458216;HAS_ADDRESS
617164;458221;HAS_ADDRESS
617165;458226;HAS_ADDRESS
617166;458231;HAS_ADDRESS
617167;458236;HAS_ADDRESS
617168;458241;HAS_ADDRESS
617169;458246;HAS_ADDRESS
617170;458251;HAS_ADDRESS
617171;458256;HAS_ADDRESS
617172;458261;HAS_ADDRESS
617173;458266;HAS_ADDRESS
617174;458271;HAS_ADDRESS
617175;458276;HAS_ADDRESS
617176;458281;HAS_ADDRESS
617177;458286;HAS_ADDRESS
617178;458291;HAS_ADDRESS
617179;458296;HAS_ADDRESS
617180;458301;HAS_ADDRESS
617181;458306;HAS_ADDRESS
617182;458311;HAS_ADDRESS
617183;458316;HAS_ADDRESS
617184;458321;HAS_ADDRESS
617185;458326;HAS_ADDRESS
617186;458331;HAS_ADDRESS
617187;458336;HAS_ADDRESS
617188;458341;HAS_ADDRESS
617189;458346;HAS_ADDRESS
617190;458351;HAS_ADDRESS
617191;458356;HAS_ADDRESS
617192;458361;HAS_ADDRESS
617193;458366;HAS_ADDRESS
617194;458371;HAS_ADDRESS
617195;458376;HAS_ADDRESS
617196;458381;HAS_ADDRESS
617197;458386;HAS_ADDRESS
617198;458391;HAS_ADDRESS
617199;458396;HAS_ADDRESS
617200;458401;HAS_ADDRESS
617201;458406;HAS_ADDRESS
617202;458411;HAS_ADDRESS
617203;458416;HAS_ADDRESS
617204;458421;HAS_ADDRESS
617205;458426;HAS_ADDRESS
617206;458431;HAS_ADDRESS
617207;458436;HAS_ADDRESS
617208;458441;HAS_ADDRESS
617209;458446;HAS_ADDRESS
617210;458451;HAS_ADDRESS
617211;458456;HAS_ADDRESS
617212;458461;HAS_ADDRESS
617213;458466;HAS_ADDRESS
617214;458471;HAS_ADDRESS
617215;458476;HAS_ADDRESS
617216;458481;HAS_ADDRESS
617217;458486;HAS_ADDRESS
617218;458491;HAS_ADDRESS
617219;458496;HAS_ADDRESS
617220;458501;HAS_ADDRESS
617221;458506;HAS_ADDRESS
617222;458511;HAS_ADDRESS
617223;458516;HAS_ADDRESS
617224;458521;HAS_ADDRESS
617225;458526;HAS_ADDRESS
617226;458531;HAS_ADDRESS
617227;458536;HAS_ADDRESS
617228;458541;HAS_ADDRESS
617229;458546;HAS_ADDRESS
617230;458551;HAS_ADDRESS
617231;458556;HAS_ADDRESS
617232;458561;HAS_ADDRESS
617233;458566;HAS_ADDRESS
617234;458571;HAS_ADDRESS
617235;458576;HAS_ADDRESS
617236;458581;HAS_ADDRESS
617237;458586;HAS_ADDRESS
617238;458591;HAS_ADDRESS
617239;458596;HAS_ADDRESS
617240;458601;HAS_ADDRESS
617241;458606;HAS_ADDRESS
617242;458611;HAS_ADDRESS
617243;458616;HAS_ADDRESS
617244;458621;HAS_ADDRESS
617245;458626;HAS_ADDRESS
617246;458631;HAS_ADDRESS
617247;458636;HAS_ADDRESS
617248;458641;HAS_ADDRESS
617249;458646;HAS_ADDRESS
617250;458651;HAS_ADDRESS
617251;458656;HAS_ADDRESS
617252;458661;HAS_ADDRESS
617253;458666;HAS_ADDRESS
617254;458671;HAS_ADDRESS
617255;458676;HAS_ADDRESS
617256;458681;HAS_ADDRESS
617257;458686;HAS_ADDRESS
617258;458691;HAS_ADDRESS
617259;458696;HAS_ADDRESS
617260;458701;HAS_ADDRESS
617261;458706;HAS_ADDRESS
617262;458711;HAS_ADDRESS
617263;458716;HAS_ADDRESS
617264;458721;HAS_ADDRESS
617265;458726;HAS_ADDRESS
617266;458731;HAS_ADDRESS
617267;458736;HAS_ADDRESS
617268;458741;HAS_ADDRESS
617269;458746;HAS_ADDRESS
617270;458751;HAS_ADDRESS
617271;458756;HAS_ADDRESS
617272;458761;HAS_ADDRESS
617273;458766;HAS_ADDRESS
617274;458771;HAS_ADDRESS
617275;458776;HAS_ADDRESS
617276;458781;HAS_ADDRESS
617277;458786;HAS_ADDRESS
617278;458791;HAS_ADDRESS
617279;458796;HAS_ADDRESS
617280;458801;HAS_ADDRESS
617281;458806;HAS_ADDRESS
617282;458811;HAS_ADDRESS
617283;458816;HAS_ADDRESS
617284;458821;HAS_ADDRESS
617285;458826;HAS_ADDRESS
617286;458831;HAS_ADDRESS
617287;458836;HAS_ADDRESS
617288;458841;HAS_ADDRESS
617289;458846;HAS_ADDRESS
617290;458851;HAS_ADDRESS
617291;458856;HAS_ADDRESS
617292;458861;HAS_ADDRESS
617293;458866;HAS_ADDRESS
617294;458871;HAS_ADDRESS
617295;458876;HAS_ADDRESS
617296;458881;HAS_ADDRESS
617297;458886;HAS_ADDRESS
617298;458891;HAS_ADDRESS
617299;458896;HAS_ADDRESS
617300;458901;HAS_ADDRESS
617301;458906;HAS_ADDRESS
617302;458911;HAS_ADDRESS
617303;458916;HAS_ADDRESS
617304;458921;HAS_ADDRESS
617305;458926;HAS_ADDRESS
617306;458931;HAS_ADDRESS
617307;458936;HAS_ADDRESS
617308;458941;HAS_ADDRESS
617309;458946;HAS_ADDRESS
617310;458951;HAS_ADDRESS
617311;458956;HAS_ADDRESS
617312;458961;HAS_ADDRESS
617313;458966;HAS_ADDRESS
617314;458971;HAS_ADDRESS
617315;458976;HAS_ADDRESS
617316;458981;HAS_ADDRESS
617317;458986;HAS_ADDRESS
617318;458991;HAS_ADDRESS
617319;458996;HAS_ADDRESS
617320;459001;HAS_ADDRESS
617321;459006;HAS_ADDRESS
617322;459011;HAS_ADDRESS
617323;459016;HAS_ADDRESS
617324;459021;HAS_ADDRESS
617325;459026;HAS_ADDRESS
617326;459031;HAS_ADDRESS
617327;459036;HAS_ADDRESS
617328;459041;HAS_ADDRESS
617329;459046;HAS_ADDRESS
617330;459051;HAS_ADDRESS
617331;459056;HAS_ADDRESS
617332;459061;HAS_ADDRESS
617333;459066;HAS_ADDRESS
617334;459071;HAS_ADDRESS
617335;459076;HAS_ADDRESS
617336;459081;HAS_ADDRESS
617337;459086;HAS_ADDRESS
617338;459091;HAS_ADDRESS
617339;459096;HAS_ADDRESS
617340;459101;HAS_ADDRESS
617341;459106;HAS_ADDRESS
617342;459111;HAS_ADDRESS
617343;459116;HAS_ADDRESS
617344;459121;HAS_ADDRESS
617345;459126;HAS_ADDRESS
617346;459131;HAS_ADDRESS
617347;459136;HAS_ADDRESS
617348;459141;HAS_ADDRESS
617349;459146;HAS_ADDRESS
617350;459151;HAS_ADDRESS
617351;459156;HAS_ADDRESS
617352;459161;HAS_ADDRESS
617353;459166;HAS_ADDRESS
617354;459171;HAS_ADDRESS
617355;459176;HAS_ADDRESS
617356;459181;HAS_ADDRESS
617357;459186;HAS_ADDRESS
617358;459191;HAS_ADDRESS
617359;459196;HAS_ADDRESS
617360;459201;HAS_ADDRESS
617361;459206;HAS_ADDRESS
617362;459211;HAS_ADDRESS
617363;459216;HAS_ADDRESS
617364;459221;HAS_ADDRESS
617365;459226;HAS_ADDRESS
617366;459231;HAS_ADDRESS
617367;459236;HAS_ADDRESS
617368;459241;HAS_ADDRESS
617369;459246;HAS_ADDRESS
617370;459251;HAS_ADDRESS
617371;459256;HAS_ADDRESS
617372;459261;HAS_ADDRESS
617373;459266;HAS_ADDRESS
617374;459271;HAS_ADDRESS
617375;459276;HAS_ADDRESS
617376;459281;HAS_ADDRESS
617377;459286;HAS_ADDRESS
617378;459291;HAS_ADDRESS
617379;459296;HAS_ADDRESS
617380;459301;HAS_ADDRESS
617381;459306;HAS_ADDRESS
617382;459311;HAS_ADDRESS
617383;459316;HAS_ADDRESS
617384;459321;HAS_ADDRESS
617385;459326;HAS_ADDRESS
617386;459331;HAS_ADDRESS
617387;459336;HAS_ADDRESS
617388;459341;HAS_ADDRESS
617389;459346;HAS_ADDRESS
617390;459351;HAS_ADDRESS
617391;459356;HAS_ADDRESS
617392;459361;HAS_ADDRESS
617393;459366;HAS_ADDRESS
617394;459371;HAS_ADDRESS
617395;459376;HAS_ADDRESS
617396;459381;HAS_ADDRESS
617397;459386;HAS_ADDRESS
617398;459391;HAS_ADDRESS
617399;459396;HAS_ADDRESS
617400;459401;HAS_ADDRESS
617401;459406;HAS_ADDRESS
617402;459411;HAS_ADDRESS
617403;459416;HAS_ADDRESS
617404;459421;HAS_ADDRESS
617405;459426;HAS_ADDRESS
617406;459431;HAS_ADDRESS
617407;459436;HAS_ADDRESS
617408;459441;HAS_ADDRESS
617409;459446;HAS_ADDRESS
617410;459451;HAS_ADDRESS
617411;459456;HAS_ADDRESS
617412;459461;HAS_ADDRESS
617413;459466;HAS_ADDRESS
617414;459471;HAS_ADDRESS
617415;459476;HAS_ADDRESS
617416;459481;HAS_ADDRESS
617417;459486;HAS_ADDRESS
617418;459491;HAS_ADDRESS
617419;459496;HAS_ADDRESS
617420;459501;HAS_ADDRESS
617421;459506;HAS_ADDRESS
617422;459511;HAS_ADDRESS
617423;459516;HAS_ADDRESS
617424;459521;HAS_ADDRESS
617425;459526;HAS_ADDRESS
617426;459531;HAS_ADDRESS
617427;459536;HAS_ADDRESS
617428;459541;HAS_ADDRESS
617429;459546;HAS_ADDRESS
617430;459551;HAS_ADDRESS
617431;459556;HAS_ADDRESS
617432;459561;HAS_ADDRESS
617433;459566;HAS_ADDRESS
617434;459571;HAS_ADDRESS
617435;459576;HAS_ADDRESS
617436;459581;HAS_ADDRESS
617437;459586;HAS_ADDRESS
617438;459591;HAS_ADDRESS
617439;459596;HAS_ADDRESS
617440;459601;HAS_ADDRESS
617441;459606;HAS_ADDRESS
617442;459611;HAS_ADDRESS
617443;459616;HAS_ADDRESS
617444;459621;HAS_ADDRESS
617445;459626;HAS_ADDRESS
617446;459631;HAS_ADDRESS
617447;459636;HAS_ADDRESS
617448;459641;HAS_ADDRESS
617449;459646;HAS_ADDRESS
617450;459651;HAS_ADDRESS
617451;459656;HAS_ADDRESS
617452;459661;HAS_ADDRESS
617453;459666;HAS_ADDRESS
617454;459671;HAS_ADDRESS
617455;459676;HAS_ADDRESS
617456;459681;HAS_ADDRESS
617457;459686;HAS_ADDRESS
617458;459691;HAS_ADDRESS
617459;459696;HAS_ADDRESS
617460;459701;HAS_ADDRESS
617461;459706;HAS_ADDRESS
617462;459711;HAS_ADDRESS
617463;459716;HAS_ADDRESS
617464;459721;HAS_ADDRESS
617465;459726;HAS_ADDRESS
617466;459731;HAS_ADDRESS
617467;459736;HAS_ADDRESS
617468;459741;HAS_ADDRESS
617469;459746;HAS_ADDRESS
617470;459751;HAS_ADDRESS
617471;459756;HAS_ADDRESS
617472;459761;HAS_ADDRESS
617473;459766;HAS_ADDRESS
617474;459771;HAS_ADDRESS
617475;459776;HAS_ADDRESS
617476;459781;HAS_ADDRESS
617477;459786;HAS_ADDRESS
617478;459791;HAS_ADDRESS
617479;459796;HAS_ADDRESS
617480;459801;HAS_ADDRESS
617481;459806;HAS_ADDRESS
617482;459811;HAS_ADDRESS
617483;459816;HAS_ADDRESS
617484;459821;HAS_ADDRESS
617485;459826;HAS_ADDRESS
617486;459831;HAS_ADDRESS
617487;459836;HAS_ADDRESS
617488;459841;HAS_ADDRESS
617489;459846;HAS_ADDRESS
617490;459851;HAS_ADDRESS
617491;459856;HAS_ADDRESS
617492;459861;HAS_ADDRESS
617493;459866;HAS_ADDRESS
617494;459871;HAS_ADDRESS
617495;459876;HAS_ADDRESS
617496;459881;HAS_ADDRESS
617497;459886;HAS_ADDRESS
617498;459891;HAS_ADDRESS
617499;459896;HAS_ADDRESS
617500;459901;HAS_ADDRESS
617501;459906;HAS_ADDRESS
617502;459911;HAS_ADDRESS
617503;459916;HAS_ADDRESS
617504;459921;HAS_ADDRESS
617505;459926;HAS_ADDRESS
617506;459931;HAS_ADDRESS
617507;459936;HAS_ADDRESS
617508;459941;HAS_ADDRESS
617509;459946;HAS_ADDRESS
617510;459951;HAS_ADDRESS
617511;459956;HAS_ADDRESS
617512;459961;HAS_ADDRESS
617513;459966;HAS_ADDRESS
617514;459971;HAS_ADDRESS
617515;459976;HAS_ADDRESS
617516;459981;HAS_ADDRESS
617517;459986;HAS_ADDRESS
617518;459991;HAS_ADDRESS
617519;459996;HAS_ADDRESS
617520;460001;HAS_ADDRESS
617521;460006;HAS_ADDRESS
617522;460011;HAS_ADDRESS
617523;460016;HAS_ADDRESS
617524;460021;HAS_ADDRESS
617525;460026;HAS_ADDRESS
617526;460031;HAS_ADDRESS
617527;460036;HAS_ADDRESS
617528;460041;HAS_ADDRESS
617529;460046;HAS_ADDRESS
617530;460051;HAS_ADDRESS
617531;460056;HAS_ADDRESS
617532;460061;HAS_ADDRESS
617533;460066;HAS_ADDRESS
617534;460071;HAS_ADDRESS
617535;460076;HAS_ADDRESS
617536;460081;HAS_ADDRESS
617537;460086;HAS_ADDRESS
617538;460091;HAS_ADDRESS
617539;460096;HAS_ADDRESS
617540;460101;HAS_ADDRESS
617541;460106;HAS_ADDRESS
617542;460111;HAS_ADDRESS
617543;460116;HAS_ADDRESS
617544;460121;HAS_ADDRESS
617545;460126;HAS_ADDRESS
617546;460131;HAS_ADDRESS
617547;460136;HAS_ADDRESS
617548;460141;HAS_ADDRESS
617549;460146;HAS_ADDRESS
617550;460151;HAS_ADDRESS
617551;460156;HAS_ADDRESS
617552;460161;HAS_ADDRESS
617553;460166;HAS_ADDRESS
617554;460171;HAS_ADDRESS
617555;460176;HAS_ADDRESS
617556;460181;HAS_ADDRESS
617557;460186;HAS_ADDRESS
617558;460191;HAS_ADDRESS
617559;460196;HAS_ADDRESS
617560;460201;HAS_ADDRESS
617561;460206;HAS_ADDRESS
617562;460211;HAS_ADDRESS
617563;460216;HAS_ADDRESS
617564;460221;HAS_ADDRESS
617565;460226;HAS_ADDRESS
617566;460231;HAS_ADDRESS
617567;460236;HAS_ADDRESS
617568;460241;HAS_ADDRESS
617569;460246;HAS_ADDRESS
617570;460251;HAS_ADDRESS
617571;460256;HAS_ADDRESS
617572;460261;HAS_ADDRESS
617573;460266;HAS_ADDRESS
617574;460271;HAS_ADDRESS
617575;460276;HAS_ADDRESS
617576;460281;HAS_ADDRESS
617577;460286;HAS_ADDRESS
617578;460291;HAS_ADDRESS
617579;460296;HAS_ADDRESS
617580;460301;HAS_ADDRESS
617581;460306;HAS_ADDRESS
617582;460311;HAS_ADDRESS
617583;460316;HAS_ADDRESS
617584;460321;HAS_ADDRESS
617585;460326;HAS_ADDRESS
617586;460331;HAS_ADDRESS
617587;460336;HAS_ADDRESS
617588;460341;HAS_ADDRESS
617589;460346;HAS_ADDRESS
617590;460351;HAS_ADDRESS
617591;460356;HAS_ADDRESS
617592;460361;HAS_ADDRESS
617593;460366;HAS_ADDRESS
617594;460371;HAS_ADDRESS
617595;460376;HAS_ADDRESS
617596;460381;HAS_ADDRESS
617597;460386;HAS_ADDRESS
617598;460391;HAS_ADDRESS
617599;460396;HAS_ADDRESS
617600;460401;HAS_ADDRESS
617601;460406;HAS_ADDRESS
617602;460411;HAS_ADDRESS
617603;460416;HAS_ADDRESS
617604;460421;HAS_ADDRESS
617605;460426;HAS_ADDRESS
617606;460431;HAS_ADDRESS
617607;460436;HAS_ADDRESS
617608;460441;HAS_ADDRESS
617609;460446;HAS_ADDRESS
617610;460451;HAS_ADDRESS
617611;460456;HAS_ADDRESS
617612;460461;HAS_ADDRESS
617613;460466;HAS_ADDRESS
617614;460471;HAS_ADDRESS
617615;460476;HAS_ADDRESS
617616;460481;HAS_ADDRESS
617617;460486;HAS_ADDRESS
617618;460491;HAS_ADDRESS
617619;460496;HAS_ADDRESS
617620;460501;HAS_ADDRESS
617621;460506;HAS_ADDRESS
617622;460511;HAS_ADDRESS
617623;460516;HAS_ADDRESS
617624;460521;HAS_ADDRESS
617625;460526;HAS_ADDRESS
617626;460531;HAS_ADDRESS
617627;460536;HAS_ADDRESS
617628;460541;HAS_ADDRESS
617629;460546;HAS_ADDRESS
617630;460551;HAS_ADDRESS
617631;460556;HAS_ADDRESS
617632;460561;HAS_ADDRESS
617633;460566;HAS_ADDRESS
617634;460571;HAS_ADDRESS
617635;460576;HAS_ADDRESS
617636;460581;HAS_ADDRESS
617637;460586;HAS_ADDRESS
617638;460591;HAS_ADDRESS
617639;460596;HAS_ADDRESS
617640;460601;HAS_ADDRESS
617641;460606;HAS_ADDRESS
617642;460611;HAS_ADDRESS
617643;460616;HAS_ADDRESS
617644;460621;HAS_ADDRESS
617645;460626;HAS_ADDRESS
617646;460631;HAS_ADDRESS
617647;460636;HAS_ADDRESS
617648;460641;HAS_ADDRESS
617649;460646;HAS_ADDRESS
617650;460651;HAS_ADDRESS
617651;460656;HAS_ADDRESS
617652;460661;HAS_ADDRESS
617653;460666;HAS_ADDRESS
617654;460671;HAS_ADDRESS
617655;460676;HAS_ADDRESS
617656;460681;HAS_ADDRESS
617657;460686;HAS_ADDRESS
617658;460691;HAS_ADDRESS
617659;460696;HAS_ADDRESS
617660;460701;HAS_ADDRESS
617661;460706;HAS_ADDRESS
617662;460711;HAS_ADDRESS
617663;460716;HAS_ADDRESS
617664;460721;HAS_ADDRESS
617665;460726;HAS_ADDRESS
617666;460731;HAS_ADDRESS
617667;460736;HAS_ADDRESS
617668;460741;HAS_ADDRESS
617669;460746;HAS_ADDRESS
617670;460751;HAS_ADDRESS
617671;460756;HAS_ADDRESS
617672;460761;HAS_ADDRESS
617673;460766;HAS_ADDRESS
617674;460771;HAS_ADDRESS
617675;460776;HAS_ADDRESS
617676;460781;HAS_ADDRESS
617677;460786;HAS_ADDRESS
617678;460791;HAS_ADDRESS
617679;460796;HAS_ADDRESS
617680;460801;HAS_ADDRESS
617681;460806;HAS_ADDRESS
617682;460811;HAS_ADDRESS
617683;460816;HAS_ADDRESS
617684;460821;HAS_ADDRESS
617685;460826;HAS_ADDRESS
617686;460831;HAS_ADDRESS
617687;460836;HAS_ADDRESS
617688;460841;HAS_ADDRESS
617689;460846;HAS_ADDRESS
617690;460851;HAS_ADDRESS
617691;460856;HAS_ADDRESS
617692;460861;HAS_ADDRESS
617693;460866;HAS_ADDRESS
617694;460871;HAS_ADDRESS
617695;460876;HAS_ADDRESS
617696;460881;HAS_ADDRESS
617697;460886;HAS_ADDRESS
617698;460891;HAS_ADDRESS
617699;460896;HAS_ADDRESS
617700;460901;HAS_ADDRESS
617701;460906;HAS_ADDRESS
617702;460911;HAS_ADDRESS
617703;460916;HAS_ADDRESS
617704;460921;HAS_ADDRESS
617705;460926;HAS_ADDRESS
617706;460931;HAS_ADDRESS
617707;460936;HAS_ADDRESS
617708;460941;HAS_ADDRESS
617709;460946;HAS_ADDRESS
617710;460951;HAS_ADDRESS
617711;460956;HAS_ADDRESS
617712;460961;HAS_ADDRESS
617713;460966;HAS_ADDRESS
617714;460971;HAS_ADDRESS
617715;460976;HAS_ADDRESS
617716;460981;HAS_ADDRESS
617717;460986;HAS_ADDRESS
617718;460991;HAS_ADDRESS
617719;460996;HAS_ADDRESS
617720;461001;HAS_ADDRESS
617721;461006;HAS_ADDRESS
617722;461011;HAS_ADDRESS
617723;461016;HAS_ADDRESS
617724;461021;HAS_ADDRESS
617725;461026;HAS_ADDRESS
617726;461031;HAS_ADDRESS
617727;461036;HAS_ADDRESS
617728;461041;HAS_ADDRESS
617729;461046;HAS_ADDRESS
617730;461051;HAS_ADDRESS
617731;461056;HAS_ADDRESS
617732;461061;HAS_ADDRESS
617733;461066;HAS_ADDRESS
617734;461071;HAS_ADDRESS
617735;461076;HAS_ADDRESS
617736;461081;HAS_ADDRESS
617737;461086;HAS_ADDRESS
617738;461091;HAS_ADDRESS
617739;461096;HAS_ADDRESS
617740;461101;HAS_ADDRESS
617741;461106;HAS_ADDRESS
617742;461111;HAS_ADDRESS
617743;461116;HAS_ADDRESS
617744;461121;HAS_ADDRESS
617745;461126;HAS_ADDRESS
617746;461131;HAS_ADDRESS
617747;461136;HAS_ADDRESS
617748;461141;HAS_ADDRESS
617749;461146;HAS_ADDRESS
617750;461151;HAS_ADDRESS
617751;461156;HAS_ADDRESS
617752;461161;HAS_ADDRESS
617753;461166;HAS_ADDRESS
617754;461171;HAS_ADDRESS
617755;461176;HAS_ADDRESS
617756;461181;HAS_ADDRESS
617757;461186;HAS_ADDRESS
617758;461191;HAS_ADDRESS
617759;461196;HAS_ADDRESS
617760;461201;HAS_ADDRESS
617761;461206;HAS_ADDRESS
617762;461211;HAS_ADDRESS
617763;461216;HAS_ADDRESS
617764;461221;HAS_ADDRESS
617765;461226;HAS_ADDRESS
617766;461231;HAS_ADDRESS
617767;461236;HAS_ADDRESS
617768;461241;HAS_ADDRESS
617769;461246;HAS_ADDRESS
617770;461251;HAS_ADDRESS
617771;461256;HAS_ADDRESS
617772;461261;HAS_ADDRESS
617773;461266;HAS_ADDRESS
617774;461271;HAS_ADDRESS
617775;461276;HAS_ADDRESS
617776;461281;HAS_ADDRESS
617777;461286;HAS_ADDRESS
617778;461291;HAS_ADDRESS
617779;461296;HAS_ADDRESS
617780;461301;HAS_ADDRESS
617781;461306;HAS_ADDRESS
617782;461311;HAS_ADDRESS
617783;461316;HAS_ADDRESS
617784;461321;HAS_ADDRESS
617785;461326;HAS_ADDRESS
617786;461331;HAS_ADDRESS
617787;461336;HAS_ADDRESS
617788;461341;HAS_ADDRESS
617789;461346;HAS_ADDRESS
617790;461351;HAS_ADDRESS
617791;461356;HAS_ADDRESS
617792;461361;HAS_ADDRESS
617793;461366;HAS_ADDRESS
617794;461371;HAS_ADDRESS
617795;461376;HAS_ADDRESS
617796;461381;HAS_ADDRESS
617797;461386;HAS_ADDRESS
617798;461391;HAS_ADDRESS
617799;461396;HAS_ADDRESS
617800;461401;HAS_ADDRESS
617801;461406;HAS_ADDRESS
617802;461411;HAS_ADDRESS
617803;461416;HAS_ADDRESS
617804;461421;HAS_ADDRESS
617805;461426;HAS_ADDRESS
617806;461431;HAS_ADDRESS
617807;461436;HAS_ADDRESS
617808;461441;HAS_ADDRESS
617809;461446;HAS_ADDRESS
617810;461451;HAS_ADDRESS
617811;461456;HAS_ADDRESS
617812;461461;HAS_ADDRESS
617813;461466;HAS_ADDRESS
617814;461471;HAS_ADDRESS
617815;461476;HAS_ADDRESS
617816;461481;HAS_ADDRESS
617817;461486;HAS_ADDRESS
617818;461491;HAS_ADDRESS
617819;461496;HAS_ADDRESS
617820;461501;HAS_ADDRESS
617821;461506;HAS_ADDRESS
617822;461511;HAS_ADDRESS
617823;461516;HAS_ADDRESS
617824;461521;HAS_ADDRESS
617825;461526;HAS_ADDRESS
617826;461531;HAS_ADDRESS
617827;461536;HAS_ADDRESS
617828;461541;HAS_ADDRESS
617829;461546;HAS_ADDRESS
617830;461551;HAS_ADDRESS
617831;461556;HAS_ADDRESS
617832;461561;HAS_ADDRESS
617833;461566;HAS_ADDRESS
617834;461571;HAS_ADDRESS
617835;461576;HAS_ADDRESS
617836;461581;HAS_ADDRESS
617837;461586;HAS_ADDRESS
617838;461591;HAS_ADDRESS
617839;461596;HAS_ADDRESS
617840;461601;HAS_ADDRESS
617841;461606;HAS_ADDRESS
617842;461611;HAS_ADDRESS
617843;461616;HAS_ADDRESS
617844;461621;HAS_ADDRESS
617845;461626;HAS_ADDRESS
617846;461631;HAS_ADDRESS
617847;461636;HAS_ADDRESS
617848;461641;HAS_ADDRESS
617849;461646;HAS_ADDRESS
617850;461651;HAS_ADDRESS
617851;461656;HAS_ADDRESS
617852;461661;HAS_ADDRESS
617853;461666;HAS_ADDRESS
617854;461671;HAS_ADDRESS
617855;461676;HAS_ADDRESS
617856;461681;HAS_ADDRESS
617857;461686;HAS_ADDRESS
617858;461691;HAS_ADDRESS
617859;461696;HAS_ADDRESS
617860;461701;HAS_ADDRESS
617861;461706;HAS_ADDRESS
617862;461711;HAS_ADDRESS
617863;461716;HAS_ADDRESS
617864;461721;HAS_ADDRESS
617865;461726;HAS_ADDRESS
617866;461731;HAS_ADDRESS
617867;461736;HAS_ADDRESS
617868;461741;HAS_ADDRESS
617869;461746;HAS_ADDRESS
617870;461751;HAS_ADDRESS
617871;461756;HAS_ADDRESS
617872;461761;HAS_ADDRESS
617873;461766;HAS_ADDRESS
617874;461771;HAS_ADDRESS
617875;461776;HAS_ADDRESS
617876;461781;HAS_ADDRESS
617877;461786;HAS_ADDRESS
617878;461791;HAS_ADDRESS
617879;461796;HAS_ADDRESS
617880;461801;HAS_ADDRESS
617881;461806;HAS_ADDRESS
617882;461811;HAS_ADDRESS
617883;461816;HAS_ADDRESS
617884;461821;HAS_ADDRESS
617885;461826;HAS_ADDRESS
617886;461831;HAS_ADDRESS
617887;461836;HAS_ADDRESS
617888;461841;HAS_ADDRESS
617889;461846;HAS_ADDRESS
617890;461851;HAS_ADDRESS
617891;461856;HAS_ADDRESS
617892;461861;HAS_ADDRESS
617893;461866;HAS_ADDRESS
617894;461871;HAS_ADDRESS
617895;461876;HAS_ADDRESS
617896;461881;HAS_ADDRESS
617897;461886;HAS_ADDRESS
617898;461891;HAS_ADDRESS
617899;461896;HAS_ADDRESS
617900;461901;HAS_ADDRESS
617901;461906;HAS_ADDRESS
617902;461911;HAS_ADDRESS
617903;461916;HAS_ADDRESS
617904;461921;HAS_ADDRESS
617905;461926;HAS_ADDRESS
617906;461931;HAS_ADDRESS
617907;461936;HAS_ADDRESS
617908;461941;HAS_ADDRESS
617909;461946;HAS_ADDRESS
617910;461951;HAS_ADDRESS
617911;461956;HAS_ADDRESS
617912;461961;HAS_ADDRESS
617913;461966;HAS_ADDRESS
617914;461971;HAS_ADDRESS
617915;461976;HAS_ADDRESS
617916;461981;HAS_ADDRESS
617917;461986;HAS_ADDRESS
617918;461991;HAS_ADDRESS
617919;461996;HAS_ADDRESS
617920;462001;HAS_ADDRESS
617921;462006;HAS_ADDRESS
617922;462011;HAS_ADDRESS
617923;462016;HAS_ADDRESS
617924;462021;HAS_ADDRESS
617925;462026;HAS_ADDRESS
617926;462031;HAS_ADDRESS
617927;462036;HAS_ADDRESS
617928;462041;HAS_ADDRESS
617929;462046;HAS_ADDRESS
617930;462051;HAS_ADDRESS
617931;462056;HAS_ADDRESS
617932;462061;HAS_ADDRESS
617933;462066;HAS_ADDRESS
617934;462071;HAS_ADDRESS
617935;462076;HAS_ADDRESS
617936;462081;HAS_ADDRESS
617937;462086;HAS_ADDRESS
617938;462091;HAS_ADDRESS
617939;462096;HAS_ADDRESS
617940;462101;HAS_ADDRESS
617941;462106;HAS_ADDRESS
617942;462111;HAS_ADDRESS
617943;462116;HAS_ADDRESS
617944;462121;HAS_ADDRESS
617945;462126;HAS_ADDRESS
617946;462131;HAS_ADDRESS
617947;462136;HAS_ADDRESS
617948;462141;HAS_ADDRESS
617949;462146;HAS_ADDRESS
617950;462151;HAS_ADDRESS
617951;462156;HAS_ADDRESS
617952;462161;HAS_ADDRESS
617953;462166;HAS_ADDRESS
617954;462171;HAS_ADDRESS
617955;462176;HAS_ADDRESS
617956;462181;HAS_ADDRESS
617957;462186;HAS_ADDRESS
617958;462191;HAS_ADDRESS
617959;462196;HAS_ADDRESS
617960;462201;HAS_ADDRESS
617961;462206;HAS_ADDRESS
617962;462211;HAS_ADDRESS
617963;462216;HAS_ADDRESS
617964;462221;HAS_ADDRESS
617965;462226;HAS_ADDRESS
617966;462231;HAS_ADDRESS
617967;462236;HAS_ADDRESS
617968;462241;HAS_ADDRESS
617969;462246;HAS_ADDRESS
617970;462251;HAS_ADDRESS
617971;462256;HAS_ADDRESS
617972;462261;HAS_ADDRESS
617973;462266;HAS_ADDRESS
617974;462271;HAS_ADDRESS
617975;462276;HAS_ADDRESS
617976;462281;HAS_ADDRESS
617977;462286;HAS_ADDRESS
617978;462291;HAS_ADDRESS
617979;462296;HAS_ADDRESS
617980;462301;HAS_ADDRESS
617981;462306;HAS_ADDRESS
617982;462311;HAS_ADDRESS
617983;462316;HAS_ADDRESS
617984;462321;HAS_ADDRESS
617985;462326;HAS_ADDRESS
617986;462331;HAS_ADDRESS
617987;462336;HAS_ADDRESS
617988;462341;HAS_ADDRESS
617989;462346;HAS_ADDRESS
617990;462351;HAS_ADDRESS
617991;462356;HAS_ADDRESS
617992;462361;HAS_ADDRESS
617993;462366;HAS_ADDRESS
617994;462371;HAS_ADDRESS
617995;462376;HAS_ADDRESS
617996;462381;HAS_ADDRESS
617997;462386;HAS_ADDRESS
617998;462391;HAS_ADDRESS
617999;462396;HAS_ADDRESS
618000;462401;HAS_ADDRESS
618001;462406;HAS_ADDRESS
618002;462411;HAS_ADDRESS
618003;462416;HAS_ADDRESS
618004;462421;HAS_ADDRESS
618005;462426;HAS_ADDRESS
618006;462431;HAS_ADDRESS
618007;462436;HAS_ADDRESS
618008;462441;HAS_ADDRESS
618009;462446;HAS_ADDRESS
618010;462451;HAS_ADDRESS
618011;462456;HAS_ADDRESS
618012;462461;HAS_ADDRESS
618013;462466;HAS_ADDRESS
618014;462471;HAS_ADDRESS
618015;462476;HAS_ADDRESS
618016;462481;HAS_ADDRESS
618017;462486;HAS_ADDRESS
618018;462491;HAS_ADDRESS
618019;462496;HAS_ADDRESS
618020;462501;HAS_ADDRESS
618021;462506;HAS_ADDRESS
618022;462511;HAS_ADDRESS
618023;462516;HAS_ADDRESS
618024;462521;HAS_ADDRESS
618025;462526;HAS_ADDRESS
618026;462531;HAS_ADDRESS
618027;462536;HAS_ADDRESS
618028;462541;HAS_ADDRESS
618029;462546;HAS_ADDRESS
618030;462551;HAS_ADDRESS
618031;462556;HAS_ADDRESS
618032;462561;HAS_ADDRESS
618033;462566;HAS_ADDRESS
618034;462571;HAS_ADDRESS
618035;462576;HAS_ADDRESS
618036;462581;HAS_ADDRESS
618037;462586;HAS_ADDRESS
618038;462591;HAS_ADDRESS
618039;462596;HAS_ADDRESS
618040;462601;HAS_ADDRESS
618041;462606;HAS_ADDRESS
618042;462611;HAS_ADDRESS
618043;462616;HAS_ADDRESS
618044;462621;HAS_ADDRESS
618045;462626;HAS_ADDRESS
618046;462631;HAS_ADDRESS
618047;462636;HAS_ADDRESS
618048;462641;HAS_ADDRESS
618049;462646;HAS_ADDRESS
618050;462651;HAS_ADDRESS
618051;462656;HAS_ADDRESS
618052;462661;HAS_ADDRESS
618053;462666;HAS_ADDRESS
618054;462671;HAS_ADDRESS
618055;462676;HAS_ADDRESS
618056;462681;HAS_ADDRESS
618057;462686;HAS_ADDRESS
618058;462691;HAS_ADDRESS
618059;462696;HAS_ADDRESS
618060;462701;HAS_ADDRESS
618061;462706;HAS_ADDRESS
618062;462711;HAS_ADDRESS
618063;462716;HAS_ADDRESS
618064;462721;HAS_ADDRESS
618065;462726;HAS_ADDRESS
618066;462731;HAS_ADDRESS
618067;462736;HAS_ADDRESS
618068;462741;HAS_ADDRESS
618069;462746;HAS_ADDRESS
618070;462751;HAS_ADDRESS
618071;462756;HAS_ADDRESS
618072;462761;HAS_ADDRESS
618073;462766;HAS_ADDRESS
618074;462771;HAS_ADDRESS
618075;462776;HAS_ADDRESS
618076;462781;HAS_ADDRESS
618077;462786;HAS_ADDRESS
618078;462791;HAS_ADDRESS
618079;462796;HAS_ADDRESS
618080;462801;HAS_ADDRESS
618081;462806;HAS_ADDRESS
618082;462811;HAS_ADDRESS
618083;462816;HAS_ADDRESS
618084;462821;HAS_ADDRESS
618085;462826;HAS_ADDRESS
618086;462831;HAS_ADDRESS
618087;462836;HAS_ADDRESS
618088;462841;HAS_ADDRESS
618089;462846;HAS_ADDRESS
618090;462851;HAS_ADDRESS
618091;462856;HAS_ADDRESS
618092;462861;HAS_ADDRESS
618093;462866;HAS_ADDRESS
618094;462871;HAS_ADDRESS
618095;462876;HAS_ADDRESS
618096;462881;HAS_ADDRESS
618097;462886;HAS_ADDRESS
618098;462891;HAS_ADDRESS
618099;462896;HAS_ADDRESS
618100;462901;HAS_ADDRESS
618101;462906;HAS_ADDRESS
618102;462911;HAS_ADDRESS
618103;462916;HAS_ADDRESS
618104;462921;HAS_ADDRESS
618105;462926;HAS_ADDRESS
618106;462931;HAS_ADDRESS
618107;462936;HAS_ADDRESS
618108;462941;HAS_ADDRESS
618109;462946;HAS_ADDRESS
618110;462951;HAS_ADDRESS
618111;462956;HAS_ADDRESS
618112;462961;HAS_ADDRESS
618113;462966;HAS_ADDRESS
618114;462971;HAS_ADDRESS
618115;462976;HAS_ADDRESS
618116;462981;HAS_ADDRESS
618117;462986;HAS_ADDRESS
618118;462991;HAS_ADDRESS
618119;462996;HAS_ADDRESS
618120;463001;HAS_ADDRESS
618121;463006;HAS_ADDRESS
618122;463011;HAS_ADDRESS
618123;463016;HAS_ADDRESS
618124;463021;HAS_ADDRESS
618125;463026;HAS_ADDRESS
618126;463031;HAS_ADDRESS
618127;463036;HAS_ADDRESS
618128;463041;HAS_ADDRESS
618129;463046;HAS_ADDRESS
618130;463051;HAS_ADDRESS
618131;463056;HAS_ADDRESS
618132;463061;HAS_ADDRESS
618133;463066;HAS_ADDRESS
618134;463071;HAS_ADDRESS
618135;463076;HAS_ADDRESS
618136;463081;HAS_ADDRESS
618137;463086;HAS_ADDRESS
618138;463091;HAS_ADDRESS
618139;463096;HAS_ADDRESS
618140;463101;HAS_ADDRESS
618141;463106;HAS_ADDRESS
618142;463111;HAS_ADDRESS
618143;463116;HAS_ADDRESS
618144;463121;HAS_ADDRESS
618145;463126;HAS_ADDRESS
618146;463131;HAS_ADDRESS
618147;463136;HAS_ADDRESS
618148;463141;HAS_ADDRESS
618149;463146;HAS_ADDRESS
618150;463151;HAS_ADDRESS
618151;463156;HAS_ADDRESS
618152;463161;HAS_ADDRESS
618153;463166;HAS_ADDRESS
618154;463171;HAS_ADDRESS
618155;463176;HAS_ADDRESS
618156;463181;HAS_ADDRESS
618157;463186;HAS_ADDRESS
618158;463191;HAS_ADDRESS
618159;463196;HAS_ADDRESS
618160;463201;HAS_ADDRESS
618161;463206;HAS_ADDRESS
618162;463211;HAS_ADDRESS
618163;463216;HAS_ADDRESS
618164;463221;HAS_ADDRESS
618165;463226;HAS_ADDRESS
618166;463231;HAS_ADDRESS
618167;463236;HAS_ADDRESS
618168;463241;HAS_ADDRESS
618169;463246;HAS_ADDRESS
618170;463251;HAS_ADDRESS
618171;463256;HAS_ADDRESS
618172;463261;HAS_ADDRESS
618173;463266;HAS_ADDRESS
618174;463271;HAS_ADDRESS
618175;463276;HAS_ADDRESS
618176;463281;HAS_ADDRESS
618177;463286;HAS_ADDRESS
618178;463291;HAS_ADDRESS
618179;463296;HAS_ADDRESS
618180;463301;HAS_ADDRESS
618181;463306;HAS_ADDRESS
618182;463311;HAS_ADDRESS
618183;463316;HAS_ADDRESS
618184;463321;HAS_ADDRESS
618185;463326;HAS_ADDRESS
618186;463331;HAS_ADDRESS
618187;463336;HAS_ADDRESS
618188;463341;HAS_ADDRESS
618189;463346;HAS_ADDRESS
618190;463351;HAS_ADDRESS
618191;463356;HAS_ADDRESS
618192;463361;HAS_ADDRESS
618193;463366;HAS_ADDRESS
618194;463371;HAS_ADDRESS
618195;463376;HAS_ADDRESS
618196;463381;HAS_ADDRESS
618197;463386;HAS_ADDRESS
618198;463391;HAS_ADDRESS
618199;463396;HAS_ADDRESS
618200;463401;HAS_ADDRESS
618201;463406;HAS_ADDRESS
618202;463411;HAS_ADDRESS
618203;463416;HAS_ADDRESS
618204;463421;HAS_ADDRESS
618205;463426;HAS_ADDRESS
618206;463431;HAS_ADDRESS
618207;463436;HAS_ADDRESS
618208;463441;HAS_ADDRESS
618209;463446;HAS_ADDRESS
618210;463451;HAS_ADDRESS
618211;463456;HAS_ADDRESS
618212;463461;HAS_ADDRESS
618213;463466;HAS_ADDRESS
618214;463471;HAS_ADDRESS
618215;463476;HAS_ADDRESS
618216;463481;HAS_ADDRESS
618217;463486;HAS_ADDRESS
618218;463491;HAS_ADDRESS
618219;463496;HAS_ADDRESS
618220;463501;HAS_ADDRESS
618221;463506;HAS_ADDRESS
618222;463511;HAS_ADDRESS
618223;463516;HAS_ADDRESS
618224;463521;HAS_ADDRESS
618225;463526;HAS_ADDRESS
618226;463531;HAS_ADDRESS
618227;463536;HAS_ADDRESS
618228;463541;HAS_ADDRESS
618229;463546;HAS_ADDRESS
618230;463551;HAS_ADDRESS
618231;463556;HAS_ADDRESS
618232;463561;HAS_ADDRESS
618233;463566;HAS_ADDRESS
618234;463571;HAS_ADDRESS
618235;463576;HAS_ADDRESS
618236;463581;HAS_ADDRESS
618237;463586;HAS_ADDRESS
618238;463591;HAS_ADDRESS
618239;463596;HAS_ADDRESS
618240;463601;HAS_ADDRESS
618241;463606;HAS_ADDRESS
618242;463611;HAS_ADDRESS
618243;463616;HAS_ADDRESS
618244;463621;HAS_ADDRESS
618245;463626;HAS_ADDRESS
618246;463631;HAS_ADDRESS
618247;463636;HAS_ADDRESS
618248;463641;HAS_ADDRESS
618249;463646;HAS_ADDRESS
618250;463651;HAS_ADDRESS
618251;463656;HAS_ADDRESS
618252;463661;HAS_ADDRESS
618253;463666;HAS_ADDRESS
618254;463671;HAS_ADDRESS
618255;463676;HAS_ADDRESS
618256;463681;HAS_ADDRESS
618257;463686;HAS_ADDRESS
618258;463691;HAS_ADDRESS
618259;463696;HAS_ADDRESS
618260;463701;HAS_ADDRESS
618261;463706;HAS_ADDRESS
618262;463711;HAS_ADDRESS
618263;463716;HAS_ADDRESS
618264;463721;HAS_ADDRESS
618265;463726;HAS_ADDRESS
618266;463731;HAS_ADDRESS
618267;463736;HAS_ADDRESS
618268;463741;HAS_ADDRESS
618269;463746;HAS_ADDRESS
618270;463751;HAS_ADDRESS
618271;463756;HAS_ADDRESS
618272;463761;HAS_ADDRESS
618273;463766;HAS_ADDRESS
618274;463771;HAS_ADDRESS
618275;463776;HAS_ADDRESS
618276;463781;HAS_ADDRESS
618277;463786;HAS_ADDRESS
618278;463791;HAS_ADDRESS
618279;463796;HAS_ADDRESS
618280;463801;HAS_ADDRESS
618281;463806;HAS_ADDRESS
618282;463811;HAS_ADDRESS
618283;463816;HAS_ADDRESS
618284;463821;HAS_ADDRESS
618285;463826;HAS_ADDRESS
618286;463831;HAS_ADDRESS
618287;463836;HAS_ADDRESS
618288;463841;HAS_ADDRESS
618289;463846;HAS_ADDRESS
618290;463851;HAS_ADDRESS
618291;463856;HAS_ADDRESS
618292;463861;HAS_ADDRESS
618293;463866;HAS_ADDRESS
618294;463871;HAS_ADDRESS
618295;463876;HAS_ADDRESS
618296;463881;HAS_ADDRESS
618297;463886;HAS_ADDRESS
618298;463891;HAS_ADDRESS
618299;463896;HAS_ADDRESS
618300;463901;HAS_ADDRESS
618301;463906;HAS_ADDRESS
618302;463911;HAS_ADDRESS
618303;463916;HAS_ADDRESS
618304;463921;HAS_ADDRESS
618305;463926;HAS_ADDRESS
618306;463931;HAS_ADDRESS
618307;463936;HAS_ADDRESS
618308;463941;HAS_ADDRESS
618309;463946;HAS_ADDRESS
618310;463951;HAS_ADDRESS
618311;463956;HAS_ADDRESS
618312;463961;HAS_ADDRESS
618313;463966;HAS_ADDRESS
618314;463971;HAS_ADDRESS
618315;463976;HAS_ADDRESS
618316;463981;HAS_ADDRESS
618317;463986;HAS_ADDRESS
618318;463991;HAS_ADDRESS
618319;463996;HAS_ADDRESS
618320;464001;HAS_ADDRESS
618321;464006;HAS_ADDRESS
618322;464011;HAS_ADDRESS
618323;464016;HAS_ADDRESS
618324;464021;HAS_ADDRESS
618325;464026;HAS_ADDRESS
618326;464031;HAS_ADDRESS
618327;464036;HAS_ADDRESS
618328;464041;HAS_ADDRESS
618329;464046;HAS_ADDRESS
618330;464051;HAS_ADDRESS
618331;464056;HAS_ADDRESS
618332;464061;HAS_ADDRESS
618333;464066;HAS_ADDRESS
618334;464071;HAS_ADDRESS
618335;464076;HAS_ADDRESS
618336;464081;HAS_ADDRESS
618337;464086;HAS_ADDRESS
618338;464091;HAS_ADDRESS
618339;464096;HAS_ADDRESS
618340;464101;HAS_ADDRESS
618341;464106;HAS_ADDRESS
618342;464111;HAS_ADDRESS
618343;464116;HAS_ADDRESS
618344;464121;HAS_ADDRESS
618345;464126;HAS_ADDRESS
618346;464131;HAS_ADDRESS
618347;464136;HAS_ADDRESS
618348;464141;HAS_ADDRESS
618349;464146;HAS_ADDRESS
618350;464151;HAS_ADDRESS
618351;464156;HAS_ADDRESS
618352;464161;HAS_ADDRESS
618353;464166;HAS_ADDRESS
618354;464171;HAS_ADDRESS
618355;464176;HAS_ADDRESS
618356;464181;HAS_ADDRESS
618357;464186;HAS_ADDRESS
618358;464191;HAS_ADDRESS
618359;464196;HAS_ADDRESS
618360;464201;HAS_ADDRESS
618361;464206;HAS_ADDRESS
618362;464211;HAS_ADDRESS
618363;464216;HAS_ADDRESS
618364;464221;HAS_ADDRESS
618365;464226;HAS_ADDRESS
618366;464231;HAS_ADDRESS
618367;464236;HAS_ADDRESS
618368;464241;HAS_ADDRESS
618369;464246;HAS_ADDRESS
618370;464251;HAS_ADDRESS
618371;464256;HAS_ADDRESS
618372;464261;HAS_ADDRESS
618373;464266;HAS_ADDRESS
618374;464271;HAS_ADDRESS
618375;464276;HAS_ADDRESS
618376;464281;HAS_ADDRESS
618377;464286;HAS_ADDRESS
618378;464291;HAS_ADDRESS
618379;464296;HAS_ADDRESS
618380;464301;HAS_ADDRESS
618381;464306;HAS_ADDRESS
618382;464311;HAS_ADDRESS
618383;464316;HAS_ADDRESS
618384;464321;HAS_ADDRESS
618385;464326;HAS_ADDRESS
618386;464331;HAS_ADDRESS
618387;464336;HAS_ADDRESS
618388;464341;HAS_ADDRESS
618389;464346;HAS_ADDRESS
618390;464351;HAS_ADDRESS
618391;464356;HAS_ADDRESS
618392;464361;HAS_ADDRESS
618393;464366;HAS_ADDRESS
618394;464371;HAS_ADDRESS
618395;464376;HAS_ADDRESS
618396;464381;HAS_ADDRESS
618397;464386;HAS_ADDRESS
618398;464391;HAS_ADDRESS
618399;464396;HAS_ADDRESS
618400;464401;HAS_ADDRESS
618401;464406;HAS_ADDRESS
618402;464411;HAS_ADDRESS
618403;464416;HAS_ADDRESS
618404;464421;HAS_ADDRESS
618405;464426;HAS_ADDRESS
618406;464431;HAS_ADDRESS
618407;464436;HAS_ADDRESS
618408;464441;HAS_ADDRESS
618409;464446;HAS_ADDRESS
618410;464451;HAS_ADDRESS
618411;464456;HAS_ADDRESS
618412;464461;HAS_ADDRESS
618413;464466;HAS_ADDRESS
618414;464471;HAS_ADDRESS
618415;464476;HAS_ADDRESS
618416;464481;HAS_ADDRESS
618417;464486;HAS_ADDRESS
618418;464491;HAS_ADDRESS
618419;464496;HAS_ADDRESS
618420;464501;HAS_ADDRESS
618421;464506;HAS_ADDRESS
618422;464511;HAS_ADDRESS
618423;464516;HAS_ADDRESS
618424;464521;HAS_ADDRESS
618425;464526;HAS_ADDRESS
618426;464531;HAS_ADDRESS
618427;464536;HAS_ADDRESS
618428;464541;HAS_ADDRESS
618429;464546;HAS_ADDRESS
618430;464551;HAS_ADDRESS
618431;464556;HAS_ADDRESS
618432;464561;HAS_ADDRESS
618433;464566;HAS_ADDRESS
618434;464571;HAS_ADDRESS
618435;464576;HAS_ADDRESS
618436;464581;HAS_ADDRESS
618437;464586;HAS_ADDRESS
618438;464591;HAS_ADDRESS
618439;464596;HAS_ADDRESS
618440;464601;HAS_ADDRESS
618441;464606;HAS_ADDRESS
618442;464611;HAS_ADDRESS
618443;464616;HAS_ADDRESS
618444;464621;HAS_ADDRESS
618445;464626;HAS_ADDRESS
618446;464631;HAS_ADDRESS
618447;464636;HAS_ADDRESS
618448;464641;HAS_ADDRESS
618449;464646;HAS_ADDRESS
618450;464651;HAS_ADDRESS
618451;464656;HAS_ADDRESS
618452;464661;HAS_ADDRESS
618453;464666;HAS_ADDRESS
618454;464671;HAS_ADDRESS
618455;464676;HAS_ADDRESS
618456;464681;HAS_ADDRESS
618457;464686;HAS_ADDRESS
618458;464691;HAS_ADDRESS
618459;464696;HAS_ADDRESS
618460;464701;HAS_ADDRESS
618461;464706;HAS_ADDRESS
618462;464711;HAS_ADDRESS
618463;464716;HAS_ADDRESS
618464;464721;HAS_ADDRESS
618465;464726;HAS_ADDRESS
618466;464731;HAS_ADDRESS
618467;464736;HAS_ADDRESS
618468;464741;HAS_ADDRESS
618469;464746;HAS_ADDRESS
618470;464751;HAS_ADDRESS
618471;464756;HAS_ADDRESS
618472;464761;HAS_ADDRESS
618473;464766;HAS_ADDRESS
618474;464771;HAS_ADDRESS
618475;464776;HAS_ADDRESS
618476;464781;HAS_ADDRESS
618477;464786;HAS_ADDRESS
618478;464791;HAS_ADDRESS
618479;464796;HAS_ADDRESS
618480;464801;HAS_ADDRESS
618481;464806;HAS_ADDRESS
618482;464811;HAS_ADDRESS
618483;464816;HAS_ADDRESS
618484;464821;HAS_ADDRESS
618485;464826;HAS_ADDRESS
618486;464831;HAS_ADDRESS
618487;464836;HAS_ADDRESS
618488;464841;HAS_ADDRESS
618489;464846;HAS_ADDRESS
618490;464851;HAS_ADDRESS
618491;464856;HAS_ADDRESS
618492;464861;HAS_ADDRESS
618493;464866;HAS_ADDRESS
618494;464871;HAS_ADDRESS
618495;464876;HAS_ADDRESS
618496;464881;HAS_ADDRESS
618497;464886;HAS_ADDRESS
618498;464891;HAS_ADDRESS
618499;464896;HAS_ADDRESS
618500;464901;HAS_ADDRESS
618501;464906;HAS_ADDRESS
618502;464911;HAS_ADDRESS
618503;464916;HAS_ADDRESS
618504;464921;HAS_ADDRESS
618505;464926;HAS_ADDRESS
618506;464931;HAS_ADDRESS
618507;464936;HAS_ADDRESS
618508;464941;HAS_ADDRESS
618509;464946;HAS_ADDRESS
618510;464951;HAS_ADDRESS
618511;464956;HAS_ADDRESS
618512;464961;HAS_ADDRESS
618513;464966;HAS_ADDRESS
618514;464971;HAS_ADDRESS
618515;464976;HAS_ADDRESS
618516;464981;HAS_ADDRESS
618517;464986;HAS_ADDRESS
618518;464991;HAS_ADDRESS
618519;464996;HAS_ADDRESS
618520;465001;HAS_ADDRESS
618521;465006;HAS_ADDRESS
618522;465011;HAS_ADDRESS
618523;465016;HAS_ADDRESS
618524;465021;HAS_ADDRESS
618525;465026;HAS_ADDRESS
618526;465031;HAS_ADDRESS
618527;465036;HAS_ADDRESS
618528;465041;HAS_ADDRESS
618529;465046;HAS_ADDRESS
618530;465051;HAS_ADDRESS
618531;465056;HAS_ADDRESS
618532;465061;HAS_ADDRESS
618533;465066;HAS_ADDRESS
618534;465071;HAS_ADDRESS
618535;465076;HAS_ADDRESS
618536;465081;HAS_ADDRESS
618537;465086;HAS_ADDRESS
618538;465091;HAS_ADDRESS
618539;465096;HAS_ADDRESS
618540;465101;HAS_ADDRESS
618541;465106;HAS_ADDRESS
618542;465111;HAS_ADDRESS
618543;465116;HAS_ADDRESS
618544;465121;HAS_ADDRESS
618545;465126;HAS_ADDRESS
618546;465131;HAS_ADDRESS
618547;465136;HAS_ADDRESS
618548;465141;HAS_ADDRESS
618549;465146;HAS_ADDRESS
618550;465151;HAS_ADDRESS
618551;465156;HAS_ADDRESS
618552;465161;HAS_ADDRESS
618553;465166;HAS_ADDRESS
618554;465171;HAS_ADDRESS
618555;465176;HAS_ADDRESS
618556;465181;HAS_ADDRESS
618557;465186;HAS_ADDRESS
618558;465191;HAS_ADDRESS
618559;465196;HAS_ADDRESS
618560;465201;HAS_ADDRESS
618561;465206;HAS_ADDRESS
618562;465211;HAS_ADDRESS
618563;465216;HAS_ADDRESS
618564;465221;HAS_ADDRESS
618565;465226;HAS_ADDRESS
618566;465231;HAS_ADDRESS
618567;465236;HAS_ADDRESS
618568;465241;HAS_ADDRESS
618569;465246;HAS_ADDRESS
618570;465251;HAS_ADDRESS
618571;465256;HAS_ADDRESS
618572;465261;HAS_ADDRESS
618573;465266;HAS_ADDRESS
618574;465271;HAS_ADDRESS
618575;465276;HAS_ADDRESS
618576;465281;HAS_ADDRESS
618577;465286;HAS_ADDRESS
618578;465291;HAS_ADDRESS
618579;465296;HAS_ADDRESS
618580;465301;HAS_ADDRESS
618581;465306;HAS_ADDRESS
618582;465311;HAS_ADDRESS
618583;465316;HAS_ADDRESS
618584;465321;HAS_ADDRESS
618585;465326;HAS_ADDRESS
618586;465331;HAS_ADDRESS
618587;465336;HAS_ADDRESS
618588;465341;HAS_ADDRESS
618589;465346;HAS_ADDRESS
618590;465351;HAS_ADDRESS
618591;465356;HAS_ADDRESS
618592;465361;HAS_ADDRESS
618593;465366;HAS_ADDRESS
618594;465371;HAS_ADDRESS
618595;465376;HAS_ADDRESS
618596;465381;HAS_ADDRESS
618597;465386;HAS_ADDRESS
618598;465391;HAS_ADDRESS
618599;465396;HAS_ADDRESS
618600;465401;HAS_ADDRESS
618601;465406;HAS_ADDRESS
618602;465411;HAS_ADDRESS
618603;465416;HAS_ADDRESS
618604;465421;HAS_ADDRESS
618605;465426;HAS_ADDRESS
618606;465431;HAS_ADDRESS
618607;465436;HAS_ADDRESS
618608;465441;HAS_ADDRESS
618609;465446;HAS_ADDRESS
618610;465451;HAS_ADDRESS
618611;465456;HAS_ADDRESS
618612;465461;HAS_ADDRESS
618613;465466;HAS_ADDRESS
618614;465471;HAS_ADDRESS
618615;465476;HAS_ADDRESS
618616;465481;HAS_ADDRESS
618617;465486;HAS_ADDRESS
618618;465491;HAS_ADDRESS
618619;465496;HAS_ADDRESS
618620;465501;HAS_ADDRESS
618621;465506;HAS_ADDRESS
618622;465511;HAS_ADDRESS
618623;465516;HAS_ADDRESS
618624;465521;HAS_ADDRESS
618625;465526;HAS_ADDRESS
618626;465531;HAS_ADDRESS
618627;465536;HAS_ADDRESS
618628;465541;HAS_ADDRESS
618629;465546;HAS_ADDRESS
618630;465551;HAS_ADDRESS
618631;465556;HAS_ADDRESS
618632;465561;HAS_ADDRESS
618633;465566;HAS_ADDRESS
618634;465571;HAS_ADDRESS
618635;465576;HAS_ADDRESS
618636;465581;HAS_ADDRESS
618637;465586;HAS_ADDRESS
618638;465591;HAS_ADDRESS
618639;465596;HAS_ADDRESS
618640;465601;HAS_ADDRESS
618641;465606;HAS_ADDRESS
618642;465611;HAS_ADDRESS
618643;465616;HAS_ADDRESS
618644;465621;HAS_ADDRESS
618645;465626;HAS_ADDRESS
618646;465631;HAS_ADDRESS
618647;465636;HAS_ADDRESS
618648;465641;HAS_ADDRESS
618649;465646;HAS_ADDRESS
618650;465651;HAS_ADDRESS
618651;465656;HAS_ADDRESS
618652;465661;HAS_ADDRESS
618653;465666;HAS_ADDRESS
618654;465671;HAS_ADDRESS
618655;465676;HAS_ADDRESS
618656;465681;HAS_ADDRESS
618657;465686;HAS_ADDRESS
618658;465691;HAS_ADDRESS
618659;465696;HAS_ADDRESS
618660;465701;HAS_ADDRESS
618661;465706;HAS_ADDRESS
618662;465711;HAS_ADDRESS
618663;465716;HAS_ADDRESS
618664;465721;HAS_ADDRESS
618665;465726;HAS_ADDRESS
618666;465731;HAS_ADDRESS
618667;465736;HAS_ADDRESS
618668;465741;HAS_ADDRESS
618669;465746;HAS_ADDRESS
618670;465751;HAS_ADDRESS
618671;465756;HAS_ADDRESS
618672;465761;HAS_ADDRESS
618673;465766;HAS_ADDRESS
618674;465771;HAS_ADDRESS
618675;465776;HAS_ADDRESS
618676;465781;HAS_ADDRESS
618677;465786;HAS_ADDRESS
618678;465791;HAS_ADDRESS
618679;465796;HAS_ADDRESS
618680;465801;HAS_ADDRESS
618681;465806;HAS_ADDRESS
618682;465811;HAS_ADDRESS
618683;465816;HAS_ADDRESS
618684;465821;HAS_ADDRESS
618685;465826;HAS_ADDRESS
618686;465831;HAS_ADDRESS
618687;465836;HAS_ADDRESS
618688;465841;HAS_ADDRESS
618689;465846;HAS_ADDRESS
618690;465851;HAS_ADDRESS
618691;465856;HAS_ADDRESS
618692;465861;HAS_ADDRESS
618693;465866;HAS_ADDRESS
618694;465871;HAS_ADDRESS
618695;465876;HAS_ADDRESS
618696;465881;HAS_ADDRESS
618697;465886;HAS_ADDRESS
618698;465891;HAS_ADDRESS
618699;465896;HAS_ADDRESS
618700;465901;HAS_ADDRESS
618701;465906;HAS_ADDRESS
618702;465911;HAS_ADDRESS
618703;465916;HAS_ADDRESS
618704;465921;HAS_ADDRESS
618705;465926;HAS_ADDRESS
618706;465931;HAS_ADDRESS
618707;465936;HAS_ADDRESS
618708;465941;HAS_ADDRESS
618709;465946;HAS_ADDRESS
618710;465951;HAS_ADDRESS
618711;465956;HAS_ADDRESS
618712;465961;HAS_ADDRESS
618713;465966;HAS_ADDRESS
618714;465971;HAS_ADDRESS
618715;465976;HAS_ADDRESS
618716;465981;HAS_ADDRESS
618717;465986;HAS_ADDRESS
618718;465991;HAS_ADDRESS
618719;465996;HAS_ADDRESS
618720;466001;HAS_ADDRESS
618721;466006;HAS_ADDRESS
618722;466011;HAS_ADDRESS
618723;466016;HAS_ADDRESS
618724;466021;HAS_ADDRESS
618725;466026;HAS_ADDRESS
618726;466031;HAS_ADDRESS
618727;466036;HAS_ADDRESS
618728;466041;HAS_ADDRESS
618729;466046;HAS_ADDRESS
618730;466051;HAS_ADDRESS
618731;466056;HAS_ADDRESS
618732;466061;HAS_ADDRESS
618733;466066;HAS_ADDRESS
618734;466071;HAS_ADDRESS
618735;466076;HAS_ADDRESS
618736;466081;HAS_ADDRESS
618737;466086;HAS_ADDRESS
618738;466091;HAS_ADDRESS
618739;466096;HAS_ADDRESS
618740;466101;HAS_ADDRESS
618741;466106;HAS_ADDRESS
618742;466111;HAS_ADDRESS
618743;466116;HAS_ADDRESS
618744;466121;HAS_ADDRESS
618745;466126;HAS_ADDRESS
618746;466131;HAS_ADDRESS
618747;466136;HAS_ADDRESS
618748;466141;HAS_ADDRESS
618749;466146;HAS_ADDRESS
618750;466151;HAS_ADDRESS
618751;466156;HAS_ADDRESS
618752;466161;HAS_ADDRESS
618753;466166;HAS_ADDRESS
618754;466171;HAS_ADDRESS
618755;466176;HAS_ADDRESS
618756;466181;HAS_ADDRESS
618757;466186;HAS_ADDRESS
618758;466191;HAS_ADDRESS
618759;466196;HAS_ADDRESS
618760;466201;HAS_ADDRESS
618761;466206;HAS_ADDRESS
618762;466211;HAS_ADDRESS
618763;466216;HAS_ADDRESS
618764;466221;HAS_ADDRESS
618765;466226;HAS_ADDRESS
618766;466231;HAS_ADDRESS
618767;466236;HAS_ADDRESS
618768;466241;HAS_ADDRESS
618769;466246;HAS_ADDRESS
618770;466251;HAS_ADDRESS
618771;466256;HAS_ADDRESS
618772;466261;HAS_ADDRESS
618773;466266;HAS_ADDRESS
618774;466271;HAS_ADDRESS
618775;466276;HAS_ADDRESS
618776;466281;HAS_ADDRESS
618777;466286;HAS_ADDRESS
618778;466291;HAS_ADDRESS
618779;466296;HAS_ADDRESS
618780;466301;HAS_ADDRESS
618781;466306;HAS_ADDRESS
618782;466311;HAS_ADDRESS
618783;466316;HAS_ADDRESS
618784;466321;HAS_ADDRESS
618785;466326;HAS_ADDRESS
618786;466331;HAS_ADDRESS
618787;466336;HAS_ADDRESS
618788;466341;HAS_ADDRESS
618789;466346;HAS_ADDRESS
618790;466351;HAS_ADDRESS
618791;466356;HAS_ADDRESS
618792;466361;HAS_ADDRESS
618793;466366;HAS_ADDRESS
618794;466371;HAS_ADDRESS
618795;466376;HAS_ADDRESS
618796;466381;HAS_ADDRESS
618797;466386;HAS_ADDRESS
618798;466391;HAS_ADDRESS
618799;466396;HAS_ADDRESS
618800;466401;HAS_ADDRESS
618801;466406;HAS_ADDRESS
618802;466411;HAS_ADDRESS
618803;466416;HAS_ADDRESS
618804;466421;HAS_ADDRESS
618805;466426;HAS_ADDRESS
618806;466431;HAS_ADDRESS
618807;466436;HAS_ADDRESS
618808;466441;HAS_ADDRESS
618809;466446;HAS_ADDRESS
618810;466451;HAS_ADDRESS
618811;466456;HAS_ADDRESS
618812;466461;HAS_ADDRESS
618813;466466;HAS_ADDRESS
618814;466471;HAS_ADDRESS
618815;466476;HAS_ADDRESS
618816;466481;HAS_ADDRESS
618817;466486;HAS_ADDRESS
618818;466491;HAS_ADDRESS
618819;466496;HAS_ADDRESS
618820;466501;HAS_ADDRESS
618821;466506;HAS_ADDRESS
618822;466511;HAS_ADDRESS
618823;466516;HAS_ADDRESS
618824;466521;HAS_ADDRESS
618825;466526;HAS_ADDRESS
618826;466531;HAS_ADDRESS
618827;466536;HAS_ADDRESS
618828;466541;HAS_ADDRESS
618829;466546;HAS_ADDRESS
618830;466551;HAS_ADDRESS
618831;466556;HAS_ADDRESS
618832;466561;HAS_ADDRESS
618833;466566;HAS_ADDRESS
618834;466571;HAS_ADDRESS
618835;466576;HAS_ADDRESS
618836;466581;HAS_ADDRESS
618837;466586;HAS_ADDRESS
618838;466591;HAS_ADDRESS
618839;466596;HAS_ADDRESS
618840;466601;HAS_ADDRESS
618841;466606;HAS_ADDRESS
618842;466611;HAS_ADDRESS
618843;466616;HAS_ADDRESS
618844;466621;HAS_ADDRESS
618845;466626;HAS_ADDRESS
618846;466631;HAS_ADDRESS
618847;466636;HAS_ADDRESS
618848;466641;HAS_ADDRESS
618849;466646;HAS_ADDRESS
618850;466651;HAS_ADDRESS
618851;466656;HAS_ADDRESS
618852;466661;HAS_ADDRESS
618853;466666;HAS_ADDRESS
618854;466671;HAS_ADDRESS
618855;466676;HAS_ADDRESS
618856;466681;HAS_ADDRESS
618857;466686;HAS_ADDRESS
618858;466691;HAS_ADDRESS
618859;466696;HAS_ADDRESS
618860;466701;HAS_ADDRESS
618861;466706;HAS_ADDRESS
618862;466711;HAS_ADDRESS
618863;466716;HAS_ADDRESS
618864;466721;HAS_ADDRESS
618865;466726;HAS_ADDRESS
618866;466731;HAS_ADDRESS
618867;466736;HAS_ADDRESS
618868;466741;HAS_ADDRESS
618869;466746;HAS_ADDRESS
618870;466751;HAS_ADDRESS
618871;466756;HAS_ADDRESS
618872;466761;HAS_ADDRESS
618873;466766;HAS_ADDRESS
618874;466771;HAS_ADDRESS
618875;466776;HAS_ADDRESS
618876;466781;HAS_ADDRESS
618877;466786;HAS_ADDRESS
618878;466791;HAS_ADDRESS
618879;466796;HAS_ADDRESS
618880;466801;HAS_ADDRESS
618881;466806;HAS_ADDRESS
618882;466811;HAS_ADDRESS
618883;466816;HAS_ADDRESS
618884;466821;HAS_ADDRESS
618885;466826;HAS_ADDRESS
618886;466831;HAS_ADDRESS
618887;466836;HAS_ADDRESS
618888;466841;HAS_ADDRESS
618889;466846;HAS_ADDRESS
618890;466851;HAS_ADDRESS
618891;466856;HAS_ADDRESS
618892;466861;HAS_ADDRESS
618893;466866;HAS_ADDRESS
618894;466871;HAS_ADDRESS
618895;466876;HAS_ADDRESS
618896;466881;HAS_ADDRESS
618897;466886;HAS_ADDRESS
618898;466891;HAS_ADDRESS
618899;466896;HAS_ADDRESS
618900;466901;HAS_ADDRESS
618901;466906;HAS_ADDRESS
618902;466911;HAS_ADDRESS
618903;466916;HAS_ADDRESS
618904;466921;HAS_ADDRESS
618905;466926;HAS_ADDRESS
618906;466931;HAS_ADDRESS
618907;466936;HAS_ADDRESS
618908;466941;HAS_ADDRESS
618909;466946;HAS_ADDRESS
618910;466951;HAS_ADDRESS
618911;466956;HAS_ADDRESS
618912;466961;HAS_ADDRESS
618913;466966;HAS_ADDRESS
618914;466971;HAS_ADDRESS
618915;466976;HAS_ADDRESS
618916;466981;HAS_ADDRESS
618917;466986;HAS_ADDRESS
618918;466991;HAS_ADDRESS
618919;466996;HAS_ADDRESS
618920;467001;HAS_ADDRESS
618921;467006;HAS_ADDRESS
618922;467011;HAS_ADDRESS
618923;467016;HAS_ADDRESS
618924;467021;HAS_ADDRESS
618925;467026;HAS_ADDRESS
618926;467031;HAS_ADDRESS
618927;467036;HAS_ADDRESS
618928;467041;HAS_ADDRESS
618929;467046;HAS_ADDRESS
618930;467051;HAS_ADDRESS
618931;467056;HAS_ADDRESS
618932;467061;HAS_ADDRESS
618933;467066;HAS_ADDRESS
618934;467071;HAS_ADDRESS
618935;467076;HAS_ADDRESS
618936;467081;HAS_ADDRESS
618937;467086;HAS_ADDRESS
618938;467091;HAS_ADDRESS
618939;467096;HAS_ADDRESS
618940;467101;HAS_ADDRESS
618941;467106;HAS_ADDRESS
618942;467111;HAS_ADDRESS
618943;467116;HAS_ADDRESS
618944;467121;HAS_ADDRESS
618945;467126;HAS_ADDRESS
618946;467131;HAS_ADDRESS
618947;467136;HAS_ADDRESS
618948;467141;HAS_ADDRESS
618949;467146;HAS_ADDRESS
618950;467151;HAS_ADDRESS
618951;467156;HAS_ADDRESS
618952;467161;HAS_ADDRESS
618953;467166;HAS_ADDRESS
618954;467171;HAS_ADDRESS
618955;467176;HAS_ADDRESS
618956;467181;HAS_ADDRESS
618957;467186;HAS_ADDRESS
618958;467191;HAS_ADDRESS
618959;467196;HAS_ADDRESS
618960;467201;HAS_ADDRESS
618961;467206;HAS_ADDRESS
618962;467211;HAS_ADDRESS
618963;467216;HAS_ADDRESS
618964;467221;HAS_ADDRESS
618965;467226;HAS_ADDRESS
618966;467231;HAS_ADDRESS
618967;467236;HAS_ADDRESS
618968;467241;HAS_ADDRESS
618969;467246;HAS_ADDRESS
618970;467251;HAS_ADDRESS
618971;467256;HAS_ADDRESS
618972;467261;HAS_ADDRESS
618973;467266;HAS_ADDRESS
618974;467271;HAS_ADDRESS
618975;467276;HAS_ADDRESS
618976;467281;HAS_ADDRESS
618977;467286;HAS_ADDRESS
618978;467291;HAS_ADDRESS
618979;467296;HAS_ADDRESS
618980;467301;HAS_ADDRESS
618981;467306;HAS_ADDRESS
618982;467311;HAS_ADDRESS
618983;467316;HAS_ADDRESS
618984;467321;HAS_ADDRESS
618985;467326;HAS_ADDRESS
618986;467331;HAS_ADDRESS
618987;467336;HAS_ADDRESS
618988;467341;HAS_ADDRESS
618989;467346;HAS_ADDRESS
618990;467351;HAS_ADDRESS
618991;467356;HAS_ADDRESS
618992;467361;HAS_ADDRESS
618993;467366;HAS_ADDRESS
618994;467371;HAS_ADDRESS
618995;467376;HAS_ADDRESS
618996;467381;HAS_ADDRESS
618997;467386;HAS_ADDRESS
618998;467391;HAS_ADDRESS
618999;467396;HAS_ADDRESS
619000;467401;HAS_ADDRESS
619001;467406;HAS_ADDRESS
619002;467411;HAS_ADDRESS
619003;467416;HAS_ADDRESS
619004;467421;HAS_ADDRESS
619005;467426;HAS_ADDRESS
619006;467431;HAS_ADDRESS
619007;467436;HAS_ADDRESS
619008;467441;HAS_ADDRESS
619009;467446;HAS_ADDRESS
619010;467451;HAS_ADDRESS
619011;467456;HAS_ADDRESS
619012;467461;HAS_ADDRESS
619013;467466;HAS_ADDRESS
619014;467471;HAS_ADDRESS
619015;467476;HAS_ADDRESS
619016;467481;HAS_ADDRESS
619017;467486;HAS_ADDRESS
619018;467491;HAS_ADDRESS
619019;467496;HAS_ADDRESS
619020;467501;HAS_ADDRESS
619021;467506;HAS_ADDRESS
619022;467511;HAS_ADDRESS
619023;467516;HAS_ADDRESS
619024;467521;HAS_ADDRESS
619025;467526;HAS_ADDRESS
619026;467531;HAS_ADDRESS
619027;467536;HAS_ADDRESS
619028;467541;HAS_ADDRESS
619029;467546;HAS_ADDRESS
619030;467551;HAS_ADDRESS
619031;467556;HAS_ADDRESS
619032;467561;HAS_ADDRESS
619033;467566;HAS_ADDRESS
619034;467571;HAS_ADDRESS
619035;467576;HAS_ADDRESS
619036;467581;HAS_ADDRESS
619037;467586;HAS_ADDRESS
619038;467591;HAS_ADDRESS
619039;467596;HAS_ADDRESS
619040;467601;HAS_ADDRESS
619041;467606;HAS_ADDRESS
619042;467611;HAS_ADDRESS
619043;467616;HAS_ADDRESS
619044;467621;HAS_ADDRESS
619045;467626;HAS_ADDRESS
619046;467631;HAS_ADDRESS
619047;467636;HAS_ADDRESS
619048;467641;HAS_ADDRESS
619049;467646;HAS_ADDRESS
619050;467651;HAS_ADDRESS
619051;467656;HAS_ADDRESS
619052;467661;HAS_ADDRESS
619053;467666;HAS_ADDRESS
619054;467671;HAS_ADDRESS
619055;467676;HAS_ADDRESS
619056;467681;HAS_ADDRESS
619057;467686;HAS_ADDRESS
619058;467691;HAS_ADDRESS
619059;467696;HAS_ADDRESS
619060;467701;HAS_ADDRESS
619061;467706;HAS_ADDRESS
619062;467711;HAS_ADDRESS
619063;467716;HAS_ADDRESS
619064;467721;HAS_ADDRESS
619065;467726;HAS_ADDRESS
619066;467731;HAS_ADDRESS
619067;467736;HAS_ADDRESS
619068;467741;HAS_ADDRESS
619069;467746;HAS_ADDRESS
619070;467751;HAS_ADDRESS
619071;467756;HAS_ADDRESS
619072;467761;HAS_ADDRESS
619073;467766;HAS_ADDRESS
619074;467771;HAS_ADDRESS
619075;467776;HAS_ADDRESS
619076;467781;HAS_ADDRESS
619077;467786;HAS_ADDRESS
619078;467791;HAS_ADDRESS
619079;467796;HAS_ADDRESS
619080;467801;HAS_ADDRESS
619081;467806;HAS_ADDRESS
619082;467811;HAS_ADDRESS
619083;467816;HAS_ADDRESS
619084;467821;HAS_ADDRESS
619085;467826;HAS_ADDRESS
619086;467831;HAS_ADDRESS
619087;467836;HAS_ADDRESS
619088;467841;HAS_ADDRESS
619089;467846;HAS_ADDRESS
619090;467851;HAS_ADDRESS
619091;467856;HAS_ADDRESS
619092;467861;HAS_ADDRESS
619093;467866;HAS_ADDRESS
619094;467871;HAS_ADDRESS
619095;467876;HAS_ADDRESS
619096;467881;HAS_ADDRESS
619097;467886;HAS_ADDRESS
619098;467891;HAS_ADDRESS
619099;467896;HAS_ADDRESS
619100;467901;HAS_ADDRESS
619101;467906;HAS_ADDRESS
619102;467911;HAS_ADDRESS
619103;467916;HAS_ADDRESS
619104;467921;HAS_ADDRESS
619105;467926;HAS_ADDRESS
619106;467931;HAS_ADDRESS
619107;467936;HAS_ADDRESS
619108;467941;HAS_ADDRESS
619109;467946;HAS_ADDRESS
619110;467951;HAS_ADDRESS
619111;467956;HAS_ADDRESS
619112;467961;HAS_ADDRESS
619113;467966;HAS_ADDRESS
619114;467971;HAS_ADDRESS
619115;467976;HAS_ADDRESS
619116;467981;HAS_ADDRESS
619117;467986;HAS_ADDRESS
619118;467991;HAS_ADDRESS
619119;467996;HAS_ADDRESS
619120;468001;HAS_ADDRESS
619121;468006;HAS_ADDRESS
619122;468011;HAS_ADDRESS
619123;468016;HAS_ADDRESS
619124;468021;HAS_ADDRESS
619125;468026;HAS_ADDRESS
619126;468031;HAS_ADDRESS
619127;468036;HAS_ADDRESS
619128;468041;HAS_ADDRESS
619129;468046;HAS_ADDRESS
619130;468051;HAS_ADDRESS
619131;468056;HAS_ADDRESS
619132;468061;HAS_ADDRESS
619133;468066;HAS_ADDRESS
619134;468071;HAS_ADDRESS
619135;468076;HAS_ADDRESS
619136;468081;HAS_ADDRESS
619137;468086;HAS_ADDRESS
619138;468091;HAS_ADDRESS
619139;468096;HAS_ADDRESS
619140;468101;HAS_ADDRESS
619141;468106;HAS_ADDRESS
619142;468111;HAS_ADDRESS
619143;468116;HAS_ADDRESS
619144;468121;HAS_ADDRESS
619145;468126;HAS_ADDRESS
619146;468131;HAS_ADDRESS
619147;468136;HAS_ADDRESS
619148;468141;HAS_ADDRESS
619149;468146;HAS_ADDRESS
619150;468151;HAS_ADDRESS
619151;468156;HAS_ADDRESS
619152;468161;HAS_ADDRESS
619153;468166;HAS_ADDRESS
619154;468171;HAS_ADDRESS
619155;468176;HAS_ADDRESS
619156;468181;HAS_ADDRESS
619157;468186;HAS_ADDRESS
619158;468191;HAS_ADDRESS
619159;468196;HAS_ADDRESS
619160;468201;HAS_ADDRESS
619161;468206;HAS_ADDRESS
619162;468211;HAS_ADDRESS
619163;468216;HAS_ADDRESS
619164;468221;HAS_ADDRESS
619165;468226;HAS_ADDRESS
619166;468231;HAS_ADDRESS
619167;468236;HAS_ADDRESS
619168;468241;HAS_ADDRESS
619169;468246;HAS_ADDRESS
619170;468251;HAS_ADDRESS
619171;468256;HAS_ADDRESS
619172;468261;HAS_ADDRESS
619173;468266;HAS_ADDRESS
619174;468271;HAS_ADDRESS
619175;468276;HAS_ADDRESS
619176;468281;HAS_ADDRESS
619177;468286;HAS_ADDRESS
619178;468291;HAS_ADDRESS
619179;468296;HAS_ADDRESS
619180;468301;HAS_ADDRESS
619181;468306;HAS_ADDRESS
619182;468311;HAS_ADDRESS
619183;468316;HAS_ADDRESS
619184;468321;HAS_ADDRESS
619185;468326;HAS_ADDRESS
619186;468331;HAS_ADDRESS
619187;468336;HAS_ADDRESS
619188;468341;HAS_ADDRESS
619189;468346;HAS_ADDRESS
619190;468351;HAS_ADDRESS
619191;468356;HAS_ADDRESS
619192;468361;HAS_ADDRESS
619193;468366;HAS_ADDRESS
619194;468371;HAS_ADDRESS
619195;468376;HAS_ADDRESS
619196;468381;HAS_ADDRESS
619197;468386;HAS_ADDRESS
619198;468391;HAS_ADDRESS
619199;468396;HAS_ADDRESS
619200;468401;HAS_ADDRESS
619201;468406;HAS_ADDRESS
619202;468411;HAS_ADDRESS
619203;468416;HAS_ADDRESS
619204;468421;HAS_ADDRESS
619205;468426;HAS_ADDRESS
619206;468431;HAS_ADDRESS
619207;468436;HAS_ADDRESS
619208;468441;HAS_ADDRESS
619209;468446;HAS_ADDRESS
619210;468451;HAS_ADDRESS
619211;468456;HAS_ADDRESS
619212;468461;HAS_ADDRESS
619213;468466;HAS_ADDRESS
619214;468471;HAS_ADDRESS
619215;468476;HAS_ADDRESS
619216;468481;HAS_ADDRESS
619217;468486;HAS_ADDRESS
619218;468491;HAS_ADDRESS
619219;468496;HAS_ADDRESS
619220;468501;HAS_ADDRESS
619221;468506;HAS_ADDRESS
619222;468511;HAS_ADDRESS
619223;468516;HAS_ADDRESS
619224;468521;HAS_ADDRESS
619225;468526;HAS_ADDRESS
619226;468531;HAS_ADDRESS
619227;468536;HAS_ADDRESS
619228;468541;HAS_ADDRESS
619229;468546;HAS_ADDRESS
619230;468551;HAS_ADDRESS
619231;468556;HAS_ADDRESS
619232;468561;HAS_ADDRESS
619233;468566;HAS_ADDRESS
619234;468571;HAS_ADDRESS
619235;468576;HAS_ADDRESS
619236;468581;HAS_ADDRESS
619237;468586;HAS_ADDRESS
619238;468591;HAS_ADDRESS
619239;468596;HAS_ADDRESS
619240;468601;HAS_ADDRESS
619241;468606;HAS_ADDRESS
619242;468611;HAS_ADDRESS
619243;468616;HAS_ADDRESS
619244;468621;HAS_ADDRESS
619245;468626;HAS_ADDRESS
619246;468631;HAS_ADDRESS
619247;468636;HAS_ADDRESS
619248;468641;HAS_ADDRESS
619249;468646;HAS_ADDRESS
619250;468651;HAS_ADDRESS
619251;468656;HAS_ADDRESS
619252;468661;HAS_ADDRESS
619253;468666;HAS_ADDRESS
619254;468671;HAS_ADDRESS
619255;468676;HAS_ADDRESS
619256;468681;HAS_ADDRESS
619257;468686;HAS_ADDRESS
619258;468691;HAS_ADDRESS
619259;468696;HAS_ADDRESS
619260;468701;HAS_ADDRESS
619261;468706;HAS_ADDRESS
619262;468711;HAS_ADDRESS
619263;468716;HAS_ADDRESS
619264;468721;HAS_ADDRESS
619265;468726;HAS_ADDRESS
619266;468731;HAS_ADDRESS
619267;468736;HAS_ADDRESS
619268;468741;HAS_ADDRESS
619269;468746;HAS_ADDRESS
619270;468751;HAS_ADDRESS
619271;468756;HAS_ADDRESS
619272;468761;HAS_ADDRESS
619273;468766;HAS_ADDRESS
619274;468771;HAS_ADDRESS
619275;468776;HAS_ADDRESS
619276;468781;HAS_ADDRESS
619277;468786;HAS_ADDRESS
619278;468791;HAS_ADDRESS
619279;468796;HAS_ADDRESS
619280;468801;HAS_ADDRESS
619281;468806;HAS_ADDRESS
619282;468811;HAS_ADDRESS
619283;468816;HAS_ADDRESS
619284;468821;HAS_ADDRESS
619285;468826;HAS_ADDRESS
619286;468831;HAS_ADDRESS
619287;468836;HAS_ADDRESS
619288;468841;HAS_ADDRESS
619289;468846;HAS_ADDRESS
619290;468851;HAS_ADDRESS
619291;468856;HAS_ADDRESS
619292;468861;HAS_ADDRESS
619293;468866;HAS_ADDRESS
619294;468871;HAS_ADDRESS
619295;468876;HAS_ADDRESS
619296;468881;HAS_ADDRESS
619297;468886;HAS_ADDRESS
619298;468891;HAS_ADDRESS
619299;468896;HAS_ADDRESS
619300;468901;HAS_ADDRESS
619301;468906;HAS_ADDRESS
619302;468911;HAS_ADDRESS
619303;468916;HAS_ADDRESS
619304;468921;HAS_ADDRESS
619305;468926;HAS_ADDRESS
619306;468931;HAS_ADDRESS
619307;468936;HAS_ADDRESS
619308;468941;HAS_ADDRESS
619309;468946;HAS_ADDRESS
619310;468951;HAS_ADDRESS
619311;468956;HAS_ADDRESS
619312;468961;HAS_ADDRESS
619313;468966;HAS_ADDRESS
619314;468971;HAS_ADDRESS
619315;468976;HAS_ADDRESS
619316;468981;HAS_ADDRESS
619317;468986;HAS_ADDRESS
619318;468991;HAS_ADDRESS
619319;468996;HAS_ADDRESS
619320;469001;HAS_ADDRESS
619321;469006;HAS_ADDRESS
619322;469011;HAS_ADDRESS
619323;469016;HAS_ADDRESS
619324;469021;HAS_ADDRESS
619325;469026;HAS_ADDRESS
619326;469031;HAS_ADDRESS
619327;469036;HAS_ADDRESS
619328;469041;HAS_ADDRESS
619329;469046;HAS_ADDRESS
619330;469051;HAS_ADDRESS
619331;469056;HAS_ADDRESS
619332;469061;HAS_ADDRESS
619333;469066;HAS_ADDRESS
619334;469071;HAS_ADDRESS
619335;469076;HAS_ADDRESS
619336;469081;HAS_ADDRESS
619337;469086;HAS_ADDRESS
619338;469091;HAS_ADDRESS
619339;469096;HAS_ADDRESS
619340;469101;HAS_ADDRESS
619341;469106;HAS_ADDRESS
619342;469111;HAS_ADDRESS
619343;469116;HAS_ADDRESS
619344;469121;HAS_ADDRESS
619345;469126;HAS_ADDRESS
619346;469131;HAS_ADDRESS
619347;469136;HAS_ADDRESS
619348;469141;HAS_ADDRESS
619349;469146;HAS_ADDRESS
619350;469151;HAS_ADDRESS
619351;469156;HAS_ADDRESS
619352;469161;HAS_ADDRESS
619353;469166;HAS_ADDRESS
619354;469171;HAS_ADDRESS
619355;469176;HAS_ADDRESS
619356;469181;HAS_ADDRESS
619357;469186;HAS_ADDRESS
619358;469191;HAS_ADDRESS
619359;469196;HAS_ADDRESS
619360;469201;HAS_ADDRESS
619361;469206;HAS_ADDRESS
619362;469211;HAS_ADDRESS
619363;469216;HAS_ADDRESS
619364;469221;HAS_ADDRESS
619365;469226;HAS_ADDRESS
619366;469231;HAS_ADDRESS
619367;469236;HAS_ADDRESS
619368;469241;HAS_ADDRESS
619369;469246;HAS_ADDRESS
619370;469251;HAS_ADDRESS
619371;469256;HAS_ADDRESS
619372;469261;HAS_ADDRESS
619373;469266;HAS_ADDRESS
619374;469271;HAS_ADDRESS
619375;469276;HAS_ADDRESS
619376;469281;HAS_ADDRESS
619377;469286;HAS_ADDRESS
619378;469291;HAS_ADDRESS
619379;469296;HAS_ADDRESS
619380;469301;HAS_ADDRESS
619381;469306;HAS_ADDRESS
619382;469311;HAS_ADDRESS
619383;469316;HAS_ADDRESS
619384;469321;HAS_ADDRESS
619385;469326;HAS_ADDRESS
619386;469331;HAS_ADDRESS
619387;469336;HAS_ADDRESS
619388;469341;HAS_ADDRESS
619389;469346;HAS_ADDRESS
619390;469351;HAS_ADDRESS
619391;469356;HAS_ADDRESS
619392;469361;HAS_ADDRESS
619393;469366;HAS_ADDRESS
619394;469371;HAS_ADDRESS
619395;469376;HAS_ADDRESS
619396;469381;HAS_ADDRESS
619397;469386;HAS_ADDRESS
619398;469391;HAS_ADDRESS
619399;469396;HAS_ADDRESS
